bio_clim/bio_10.asc
ncols         156
nrows         252
xllcorner     -82
yllcorner     -8
cellsize      0.083333337679505
NODATA_value  -9999
[rows 39 to 77 of 252, columns 0 to 88 of 156]
-9999 -9999 -9999 -9999 -9999 -9999 -9999 -9999 -9999 -9999 -9999 -9999 -9999 -9999 -9999 -9999 -9999 -9999 -9999 -9999 -9999 -9999 -9999 -9999 -9999 -9999 -9999 -9999 -9999 -9999 -9999 -9999 -9999 -9999 -9999 -9999 -9999 -9999 -9999 -9999 -9999 -9999 -9999 -9999 -9999 -9999 -9999 -9999 -9999 -9999 -9999 -9999 -9999 -9999 -9999 -9999 -9999 -9999 -9999 -9999 -9999 -9999 -9999 -9999 -9999 -9999 -9999 -9999 -9999 -9999 -9999 -9999 -9999 -9999 -9999 -9999 283 283 282 279 265 265 273 276 279 283 286 286 283
-9999 -9999 -9999 -9999 -9999 -9999 -9999 -9999 -9999 -9999 -9999 -9999 -9999 -9999 -9999 -9999 -9999 -9999 -9999 -9999 -9999 -9999 -9999 -9999 -9999 -9999 -9999 -9999 -9999 -9999 -9999 -9999 -9999 -9999 -9999 -9999 -9999 -9999 -9999 -9999 -9999 -9999 -9999 -9999 -9999 -9999 -9999 -9999 -9999 -9999 -9999 -9999 -9999 -9999 -9999 -9999 -9999 -9999 -9999 -9999 -9999 -9999 -9999 -9999 -9999 -9999 -9999 -9999 -9999 -9999 -9999 -9999 -9999 -9999 -9999 -9999 -9999 284 284 276 262 263 271 275 281 284 286 286 284
-9999 -9999 -9999 -9999 -9999 -9999 -9999 -9999 -9999 -9999 -9999 -9999 -9999 -9999 -9999 -9999 -9999 -9999 -9999 -9999 -9999 -9999 -9999 -9999 -9999 -9999 -9999 -9999 270 270 273 271 273 273 271 273 -9999 -9999 -9999 -9999 -9999 -9999 -9999 -9999 -9999 -9999 -9999 -9999 -9999 -9999 -9999 -9999 -9999 -9999 -9999 -9999 -9999 -9999 -9999 -9999 -9999 -9999 -9999 -9999 -9999 -9999 -9999 -9999 -9999 -9999 -9999 -9999 -9999 -9999 -9999 -9999 -9999 284 283 269 268 270 271 277 280 284 285 284 283
-9999 -9999 -9999 -9999 -9999 -9999 -9999 -9999 -9999 -9999 -9999 -9999 -9999 -9999 -9999 -9999 -9999 -9999 -9999 -9999 -9999 -9999 -9999 -9999 -9999 -9999 -9999 266 244 254 260 261 259 264 272 -9999 273 -9999 -9999 -9999 -9999 -9999 -9999 -9999 -9999 -9999 -9999 -9999 -9999 -9999 -9999 -9999 -9999 -9999 -9999 -9999 -9999 -9999 -9999 -9999 -9999 -9999 -9999 -9999 -9999 -9999 -9999 -9999 -9999 -9999 -9999 -9999 -9999 -9999 -9999 -9999 -9999 283 281 278 275 272 275 277 281 284 285 284 284
-9999 -9999 -9999 -9999 -9999 -9999 -9999 -9999 -9999 -9999 -9999 -9999 -9999 -9999 -9999 -9999 -9999 -9999 -9999 -9999 -9999 -9999 -9999 -9999 -9999 274 273 263 259 265 254 251 248 257 264 266 265 260 253 254 262 265 265 -9999 -9999 -9999 -9999 -9999 -9999 -9999 -9999 -9999 -9999 -9999 -9999 -9999 -9999 -9999 -9999 -9999 -9999 -9999 -9999 -9999 -9999 -9999 -9999 -9999 -9999 -9999 -9999 -9999 280 281 281 280 282 282 279 278 275 275 276 278 281 284 285 285 284
-9999 -9999 -9999 -9999 -9999 -9999 -9999 -9999 -9999 -9999 -9999 -9999 -9999 -9999 -9999 -9999 -9999 -9999 -9999 -9999 -9999 -9999 -9999 -9999 273 274 273 270 270 265 255 250 244 253 258 256 255 256 255 256 254 254 258 262 262 -9999 -9999 -9999 -9999 -9999 -9999 -9999 -9999 -9999 -9999 -9999 -9999 -9999 -9999 -9999 -9999 -9999 -9999 -9999 -9999 -9999 -9999 -9999 -9999 -9999 -9999 278 280 280 280 279 281 280 278 274 276 278 278 280 282 283 285 285 284
-9999 -9999 -9999 -9999 -9999 -9999 -9999 -9999 -9999 -9999 -9999 -9999 -9999 -9999 -9999 -9999 -9999 -9999 -9999 -9999 -9999 -9999 273 272 273 275 273 269 273 268 252 242 255 261 263 269 269 268 267 266 266 264 258 254 255 259 259 268 -9999 -9999 -9999 -9999 -9999 -9999 -9999 -9999 -9999 -9999 -9999 -9999 -9999 -9999 -9999 -9999 -9999 -9999 -9999 -9999 -9999 -9999 276 276 279 281 282 282 282 279 277 276 277 280 281 282 284 284 285 285 284
-9999 262 -9999 -9999 -9999 -9999 -9999 -9999 -9999 -9999 -9999 -9999 -9999 -9999 -9999 -9999 -9999 -9999 274 273 274 273 273 273 275 275 275 274 270 268 265 266 270 271 272 271 268 266 269 268 268 269 267 265 263 257 249 253 266 -9999 -9999 -9999 -9999 -9999 -9999 -9999 -9999 -9999 -9999 -9999 -9999 -9999 -9999 -9999 -9999 -9999 -9999 -9999 -9999 -9999 275 274 277 281 282 282 282 280 279 278 280 281 282 283 284 285 285 285 284
-9999 -9999 262 -9999 -9999 -9999 -9999 -9999 -9999 -9999 -9999 -9999 -9999 -9999 -9999 -9999 272 273 271 271 274 274 274 275 276 275 274 271 273 273 275 273 273 272 271 270 263 260 263 259 264 268 268 266 264 263 260 255 254 267 -9999 -9999 -9999 -9999 -9999 -9999 -9999 -9999 -9999 -9999 -9999 -9999 -9999 -9999 -9999 -9999 -9999 -9999 -9999 276 275 275 277 281 282 283 283 282 280 281 282 282 283 284 285 286 286 285 285
-9999 262 -9999 263 -9999 -9999 -9999 -9999 -9999 -9999 -9999 -9999 -9999 -9999 -9999 274 272 275 273 274 274 274 273 273 272 272 273 274 273 277 -9999 -9999 -9999 -9999 -9999 -9999 270 268 255 252 241 261 261 266 266 266 264 264 257 258 269 -9999 -9999 -9999 -9999 -9999 -9999 -9999 -9999 -9999 -9999 -9999 -9999 -9999 -9999 -9999 -9999 -9999 274 275 273 273 277 281 282 283 284 283 281 281 283 283 284 285 285 285 285 285 285
261 261 259 262 265 -9999 -9999 -9999 -9999 -9999 -9999 -9999 -9999 275 273 272 274 277 276 275 274 272 271 271 271 273 274 -9999 -9999 -9999 -9999 -9999 -9999 -9999 -9999 -9999 -9999 271 269 266 259 246 239 261 263 266 266 267 264 261 254 267 -9999 -9999 -9999 -9999 -9999 -9999 -9999 -9999 -9999 -9999 -9999 -9999 -9999 -9999 -9999 272 271 273 270 274 277 280 282 283 283 282 280 281 283 284 284 285 285 285 285 285 285
255 241 250 247 253 258 259 265 -9999 -9999 269 269 271 272 274 272 275 277 274 275 275 271 268 269 267 273 275 -9999 -9999 -9999 -9999 -9999 -9999 -9999 -9999 -9999 -9999 -9999 -9999 268 269 260 240 259 259 268 267 268 268 265 256 254 262 -9999 -9999 -9999 -9999 -9999 -9999 -9999 -9999 -9999 -9999 -9999 -9999 -9999 269 267 270 271 269 275 277 279 281 282 280 279 279 281 282 284 285 285 285 285 285 284 285
242 215 242 229 233 237 240 246 245 264 255 246 250 257 250 257 257 262 267 269 275 269 253 252 256 273 276 -9999 -9999 -9999 -9999 -9999 -9999 -9999 -9999 -9999 -9999 -9999 -9999 -9999 270 268 260 259 259 266 269 268 268 267 264 253 253 263 -9999 -9999 -9999 -9999 -9999 -9999 -9999 -9999 -9999 -9999 268 268 268 267 269 268 268 275 277 278 280 280 276 277 279 281 282 283 284 284 285 284 284 284 284
211 174 218 229 211 199 225 225 241 260 239 234 238 221 230 230 243 264 275 271 273 265 240 249 271 278 -9999 -9999 -9999 -9999 -9999 -9999 -9999 -9999 -9999 275 -9999 -9999 -9999 -9999 -9999 -9999 268 266 260 265 269 268 269 268 267 263 246 250 261 258 -9999 -9999 -9999 -9999 -9999 -9999 267 267 265 264 267 269 267 266 270 276 277 277 278 278 274 277 279 281 282 283 284 284 284 284 284 283 283
237 199 196 191 193 203 211 212 206 229 232 237 226 215 221 234 260 276 275 277 276 270 261 267 276 -9999 -9999 -9999 -9999 -9999 -9999 -9999 -9999 -9999 -9999 -9999 -9999 -9999 -9999 -9999 -9999 -9999 270 270 268 268 269 266 269 269 269 267 254 245 243 258 264 -9999 -9999 -9999 -9999 265 266 265 264 264 263 268 269 268 271 275 276 276 276 276 276 278 280 281 283 284 284 284 284 284 283 283 282
244 236 231 221 236 230 243 246 235 239 240 248 241 244 243 264 270 277 278 280 280 278 277 278 -9999 -9999 -9999 -9999 -9999 -9999 -9999 -9999 -9999 -9999 -9999 -9999 276 -9999 -9999 -9999 -9999 -9999 266 271 271 270 269 267 265 270 270 269 264 248 227 242 262 -9999 -9999 -9999 -9999 -9999 266 264 265 262 261 265 269 268 268 275 276 277 277 277 277 279 280 282 283 284 285 285 285 285 284 283 283
261 254 250 251 252 254 256 253 254 250 255 260 261 260 267 272 275 278 279 281 282 281 280 -9999 -9999 -9999 -9999 -9999 -9999 -9999 -9999 -9999 -9999 -9999 -9999 -9999 274 273 -9999 -9999 -9999 -9999 -9999 -9999 -9999 271 270 271 270 266 272 270 267 260 244 224 253 260 260 -9999 -9999 -9999 -9999 264 263 263 262 265 267 265 272 275 276 277 278 279 278 280 281 283 284 285 285 285 285 285 284 284 284
274 272 264 262 261 260 262 260 261 259 264 267 268 273 275 274 277 279 281 -9999 -9999 -9999 -9999 -9999 -9999 -9999 -9999 -9999 -9999 -9999 -9999 -9999 -9999 -9999 274 -9999 275 -9999 -9999 -9999 -9999 -9999 -9999 -9999 -9999 -9999 268 271 273 269 273 272 270 267 249 218 226 254 261 -9999 -9999 -9999 -9999 263 260 260 263 264 263 268 274 275 276 277 278 279 279 281 281 282 284 285 285 286 286 286 285 285 285
276 275 276 269 263 265 261 264 263 263 268 272 275 277 277 277 279 281 -9999 -9999 -9999 -9999 -9999 -9999 -9999 -9999 -9999 -9999 -9999 -9999 -9999 -9999 -9999 -9999 -9999 -9999 -9999 -9999 -9999 -9999 -9999 -9999 -9999 -9999 -9999 268 267 266 274 275 274 274 272 269 247 228 207 238 260 266 -9999 -9999 -9999 261 258 259 262 259 264 269 274 275 275 276 276 277 278 280 281 283 284 284 285 286 286 287 287 287 285
-9999 -9999 -9999 272 263 261 262 269 267 266 269 272 274 277 278 279 280 282 -9999 -9999 -9999 -9999 -9999 -9999 -9999 -9999 -9999 -9999 -9999 -9999 -9999 -9999 -9999 -9999 -9999 -9999 -9999 -9999 -9999 -9999 -9999 -9999 -9999 -9999 -9999 268 263 266 273 275 276 275 274 270 255 224 208 224 259 267 267 266 -9999 265 261 254 258 257 263 269 273 272 274 271 273 276 279 280 281 282 283 283 284 286 287 288 288 287 285
-9999 -9999 -9999 277 274 268 264 270 271 269 273 275 274 275 277 279 280 282 -9999 -9999 -9999 -9999 -9999 -9999 -9999 -9999 -9999 -9999 -9999 -9999 -9999 -9999 -9999 -9999 -9999 -9999 -9999 -9999 -9999 -9999 -9999 -9999 -9999 266 270 269 260 266 269 275 274 265 273 271 262 243 225 227 262 268 268 267 -9999 267 266 257 253 260 262 267 270 252 260 267 275 276 279 279 280 283 283 284 285 287 288 289 289 288 280
-9999 -9999 -9999 -9999 -9999 271 262 267 273 273 274 275 274 271 275 278 280 282 283 283 -9999 -9999 -9999 -9999 -9999 -9999 -9999 -9999 -9999 -9999 -9999 -9999 -9999 -9999 -9999 -9999 -9999 -9999 -9999 -9999 -9999 -9999 -9999 250 259 269 265 262 269 273 268 237 267 270 268 259 241 243 260 269 269 -9999 -9999 269 267 249 245 256 266 263 250 230 248 266 276 276 279 280 281 282 283 285 286 288 289 290 290 288 273
-9999 -9999 -9999 -9999 -9999 267 262 261 270 274 275 276 270 264 269 275 278 281 278 281 -9999 -9999 -9999 -9999 -9999 -9999 -9999 -9999 -9999 -9999 -9999 -9999 -9999 -9999 -9999 -9999 -9999 -9999 -9999 -9999 -9999 -9999 -9999 -9999 249 261 266 264 265 270 259 229 253 267 268 265 256 253 266 271 271 270 270 270 269 251 240 256 265 261 250 248 255 273 274 277 279 280 281 282 284 285 286 288 290 291 292 284 267
-9999 -9999 -9999 -9999 -9999 269 263 264 270 274 -9999 273 269 259 255 263 272 278 277 278 280 281 -9999 -9999 -9999 -9999 -9999 -9999 -9999 -9999 -9999 -9999 -9999 -9999 -9999 -9999 -9999 -9999 -9999 -9999 -9999 -9999 -9999 -9999 235 246 241 265 251 261 249 220 239 265 263 262 268 265 272 272 272 271 272 272 270 259 247 261 262 262 253 261 261 274 275 277 275 277 281 283 284 286 286 289 291 292 293 289 272
-9999 -9999 -9999 -9999 -9999 -9999 266 265 271 273 -9999 275 272 251 243 255 268 275 269 271 277 280 279 -9999 -9999 -9999 -9999 -9999 -9999 -9999 -9999 -9999 -9999 -9999 -9999 -9999 -9999 -9999 -9999 -9999 -9999 -9999 -9999 -9999 257 233 221 248 248 258 248 215 236 261 259 265 272 273 273 273 273 273 273 273 271 259 232 248 261 266 266 266 262 273 272 267 263 268 280 282 284 285 286 289 291 293 293 290 276
-9999 -9999 -9999 -9999 -9999 -9999 -9999 -9999 -9999 -9999 -9999 -9999 273 258 240 248 265 260 256 264 269 275 277 -9999 -9999 -9999 -9999 -9999 -9999 -9999 -9999 -9999 -9999 -9999 -9999 -9999 -9999 -9999 -9999 -9999 -9999 -9999 -9999 -9999 -9999 257 243 243 225 254 258 237 229 245 253 270 273 274 273 274 274 274 274 275 272 245 233 240 256 262 268 269 262 265 243 238 248 264 277 282 284 281 277 288 291 293 293 291 272
-9999 -9999 263 -9999 -9999 -9999 -9999 -9999 -9999 -9999 -9999 -9999 -9999 257 248 245 270 263 260 261 268 271 272 274 -9999 -9999 -9999 -9999 -9999 -9999 -9999 -9999 -9999 -9999 -9999 -9999 -9999 -9999 -9999 -9999 -9999 -9999 -9999 -9999 -9999 -9999 265 254 226 236 259 254 242 231 252 271 273 274 275 275 275 275 275 276 275 260 223 239 247 257 262 265 261 231 234 235 243 253 263 277 281 271 267 285 290 291 291 290 268
-9999 -9999 260 -9999 -9999 -9999 -9999 -9999 -9999 -9999 -9999 -9999 -9999 271 268 243 272 273 277 279 275 273 273 274 -9999 -9999 -9999 -9999 -9999 -9999 -9999 -9999 -9999 -9999 -9999 -9999 -9999 -9999 -9999 -9999 -9999 -9999 -9999 -9999 -9999 -9999 -9999 260 249 240 251 255 248 247 263 272 273 275 275 276 276 273 276 277 277 271 223 235 240 248 253 254 253 219 216 226 245 247 238 266 277 252 262 276 284 288 287 288 266
-9999 -9999 -9999 267 268 -9999 -9999 -9999 -9999 -9999 -9999 -9999 -9999 274 269 240 239 263 276 280 -9999 -9999 -9999 -9999 -9999 -9999 -9999 -9999 -9999 -9999 -9999 -9999 -9999 -9999 -9999 -9999 -9999 -9999 -9999 -9999 -9999 -9999 -9999 -9999 -9999 -9999 -9999 -9999 244 251 252 257 254 258 265 268 271 275 276 276 276 277 277 278 278 276 252 221 223 219 238 234 230 186 187 208 208 197 223 260 263 247 257 270 277 281 283 286 270
-9999 -9999 265 -9999 -9999 -9999 -9999 -9999 -9999 -9999 -9999 -9999 -9999 267 239 231 251 260 275 -9999 -9999 -9999 -9999 -9999 -9999 -9999 -9999 -9999 -9999 -9999 -9999 -9999 -9999 -9999 -9999 -9999 -9999 -9999 -9999 -9999 -9999 -9999 -9999 -9999 -9999 -9999 -9999 -9999 253 245 261 254 258 252 262 257 267 275 276 277 277 277 278 279 279 278 270 234 193 205 217 221 210 167 166 186 201 196 222 252 241 243 240 255 273 275 276 281 270
-9999 -9999 -9999 -9999 -9999 -9999 -9999 -9999 -9999 -9999 -9999 -9999 -9999 264 267 -9999 -9999 -9999 -9999 -9999 -9999 -9999 -9999 -9999 -9999 -9999 -9999 -9999 -9999 -9999 -9999 -9999 -9999 -9999 -9999 -9999 -9999 -9999 -9999 -9999 -9999 -9999 -9999 -9999 -9999 -9999 -9999 -9999 -9999 255 264 257 250 247 254 261 272 275 276 278 278 279 279 278 278 274 272 252 198 176 188 187 167 162 205 215 215 235 242 239 232 233 223 244 270 267 270 271 274
-9999 -9999 -9999 -9999 -9999 -9999 -9999 -9999 -9999 -9999 -9999 -9999 -9999 -9999 -9999 -9999 -9999 -9999 -9999 -9999 -9999 -9999 -9999 -9999 -9999 -9999 -9999 -9999 -9999 -9999 -9999 -9999 -9999 -9999 -9999 -9999 -9999 -9999 -9999 -9999 -9999 -9999 -9999 -9999 -9999 -9999 -9999 -9999 -9999 -9999 -9999 267 259 258 256 271 274 273 274 278 279 280 280 276 277 263 261 240 193 159 148 157 113 154 206 228 229 219 215 215 223 214 210 242 252 262 266 260 271
-9999 -9999 -9999 -9999 -9999 -9999 -9999 -9999 -9999 -9999 -9999 -9999 -9999 -9999 -9999 -9999 -9999 -9999 -9999 -9999 -9999 -9999 -9999 -9999 -9999 -9999 -9999 -9999 -9999 -9999 -9999 -9999 -9999 -9999 -9999 -9999 -9999 -9999 -9999 -9999 -9999 -9999 -9999 -9999 -9999 -9999 -9999 -9999 -9999 -9999 -9999 -9999 262 264 263 265 272 269 275 279 279 281 281 274 272 250 256 255 227 219 207 171 156 200 238 229 207 194 181 199 218 219 201 240 234 253 252 256 263
-9999 -9999 -9999 -9999 -9999 -9999 -9999 -9999 -9999 -9999 -9999 -9999 -9999 -9999 -9999 -9999 -9999 -9999 -9999 -9999 -9999 -9999 -9999 -9999 -9999 -9999 -9999 -9999 -9999 -9999 -9999 -9999 -9999 -9999 -9999 -9999 -9999 -9999 -9999 -9999 -9999 -9999 -9999 -9999 -9999 -9999 -9999 -9999 -9999 -9999 -9999 -9999 262 257 261 259 267 268 276 278 280 281 281 279 272 251 247 244 227 217 203 196 156 196 226 205 182 148 163 182 208 209 218 214 218 238 248 251 260
-9999 -9999 -9999 -9999 -9999 -9999 -9999 -9999 -9999 -9999 -9999 -9999 -9999 -9999 -9999 -9999 -9999 -9999 -9999 -9999 -9999 -9999 -9999 -9999 -9999 -9999 -9999 -9999 -9999 -9999 -9999 -9999 -9999 -9999 -9999 -9999 -9999 -9999 -9999 -9999 -9999 -9999 -9999 -9999 -9999 -9999 -9999 -9999 -9999 -9999 -9999 -9999 260 254 257 253 260 267 275 277 280 281 282 279 255 244 242 235 204 224 226 209 174 225 206 159 138 129 150 183 205 220 208 204 212 224 237 248 259
-9999 -9999 -9999 -9999 -9999 -9999 -9999 -9999 -9999 -9999 -9999 -9999 -9999 -9999 -9999 -9999 -9999 -9999 -9999 -9999 -9999 -9999 -9999 -9999 -9999 -9999 -9999 -9999 -9999 -9999 -9999 -9999 -9999 -9999 -9999 -9999 -9999 -9999 -9999 -9999 -9999 -9999 -9999 -9999 -9999 -9999 -9999 -9999 -9999 -9999 -9999 -9999 -9999 259 257 253 247 265 272 276 280 282 282 278 256 239 235 232 189 208 218 211 184 238 178 125 138 137 141 171 197 214 225 212 214 221 234 246 258
-9999 -9999 -9999 -9999 -9999 -9999 -9999 -9999 -9999 -9999 -9999 -9999 -9999 -9999 -9999 -9999 -9999 -9999 -9999 -9999 -9999 -9999 -9999 -9999 -9999 -9999 -9999 -9999 -9999 -9999 -9999 -9999 -9999 -9999 -9999 -9999 -9999 -9999 -9999 -9999 -9999 -9999 -9999 -9999 -9999 -9999 -9999 -9999 -9999 -9999 -9999 -9999 -9999 -9999 266 254 257 268 272 275 279 281 280 279 249 236 242 244 200 180 193 189 181 232 219 134 142 149 147 159 195 208 230 216 219 226 233 245 257
-9999 -9999 -9999 -9999 -9999 -9999 -9999 -9999 -9999 -9999 -9999 -9999 -9999 -9999 -9999 -9999 -9999 -9999 -9999 -9999 -9999 -9999 -9999 -9999 -9999 -9999 -9999 -9999 -9999 -9999 -9999 -9999 -9999 -9999 -9999 -9999 -9999 -9999 -9999 -9999 -9999 -9999 -9999 -9999 -9999 -9999 -9999 -9999 -9999 -9999 -9999 -9999 -9999 -9999 -9999 261 262 268 270 274 277 278 278 277 263 247 252 248 205 159 154 162 179 227 238 155 143 167 163 163 186 214 225 214 220 227 233 242 262
-9999 -9999 -9999 -9999 -9999 -9999 -9999 -9999 -9999 -9999 -9999 -9999 -9999 -9999 -9999 -9999 -9999 -9999 -9999 -9999 -9999 -9999 -9999 -9999 -9999 -9999 -9999 -9999 -9999 -9999 -9999 -9999 -9999 -9999 -9999 -9999 -9999 -9999 -9999 -9999 -9999 -9999 -9999 -9999 -9999 -9999 -9999 -9999 -9999 -9999 -9999 -9999 -9999 -9999 -9999 -9999 256 260 266 270 274 275 277 273 262 255 259 253 220 166 147 137 186 238 263 207 151 173 175 185 211 223 212 221 229 232 236 245 258
