bio_clim/bio_2.asc
ncols         156
nrows         252
xllcorner     -82
yllcorner     -8
cellsize      0.083333337679505
NODATA_value  -9999
[rows 42 to 83 of 252, columns 0 to 94 of 156]
-9999 -9999 -9999 -9999 -9999 -9999 -9999 -9999 -9999 -9999 -9999 -9999 -9999 -9999 -9999 -9999 -9999 -9999 -9999 -9999 -9999 -9999 -9999 -9999 -9999 -9999 -9999 65 69 69 69 70 71 72 72 -9999 72 -9999 -9999 -9999 -9999 -9999 -9999 -9999 -9999 -9999 -9999 -9999 -9999 -9999 -9999 -9999 -9999 -9999 -9999 -9999 -9999 -9999 -9999 -9999 -9999 -9999 -9999 -9999 -9999 -9999 -9999 -9999 -9999 -9999 -9999 -9999 -9999 -9999 -9999 -9999 -9999 96 100 103 106 109 109 109 109 109 109 109 110 110 110 110 109 109 109
-9999 -9999 -9999 -9999 -9999 -9999 -9999 -9999 -9999 -9999 -9999 -9999 -9999 -9999 -9999 -9999 -9999 -9999 -9999 -9999 -9999 -9999 -9999 -9999 -9999 61 63 67 69 70 71 72 73 73 74 73 73 73 73 72 72 71 71 -9999 -9999 -9999 -9999 -9999 -9999 -9999 -9999 -9999 -9999 -9999 -9999 -9999 -9999 -9999 -9999 -9999 -9999 -9999 -9999 -9999 -9999 -9999 -9999 -9999 -9999 -9999 -9999 -9999 83 85 89 91 93 96 100 104 107 108 108 107 107 107 107 107 108 108 108 108 108 107 107
-9999 -9999 -9999 -9999 -9999 -9999 -9999 -9999 -9999 -9999 -9999 -9999 -9999 -9999 -9999 -9999 -9999 -9999 -9999 -9999 -9999 -9999 -9999 -9999 62 63 65 68 70 72 73 74 74 75 75 75 75 74 74 73 73 72 72 71 71 -9999 -9999 -9999 -9999 -9999 -9999 -9999 -9999 -9999 -9999 -9999 -9999 -9999 -9999 -9999 -9999 -9999 -9999 -9999 -9999 -9999 -9999 -9999 -9999 -9999 -9999 80 83 86 89 91 93 96 100 104 106 107 106 106 106 105 105 106 107 107 107 107 107 106 106
-9999 -9999 -9999 -9999 -9999 -9999 -9999 -9999 -9999 -9999 -9999 -9999 -9999 -9999 -9999 -9999 -9999 -9999 -9999 -9999 -9999 -9999 61 62 64 65 67 70 72 74 74 75 77 77 77 77 76 75 75 74 74 73 73 72 72 71 71 70 -9999 -9999 -9999 -9999 -9999 -9999 -9999 -9999 -9999 -9999 -9999 -9999 -9999 -9999 -9999 -9999 -9999 -9999 -9999 -9999 -9999 -9999 77 81 84 86 89 90 92 95 99 102 104 104 104 104 103 103 104 104 105 106 106 106 106 105 104
-9999 75 -9999 -9999 -9999 -9999 -9999 -9999 -9999 -9999 -9999 -9999 -9999 -9999 -9999 -9999 -9999 -9999 68 67 65 64 64 65 66 67 69 72 74 76 77 79 80 80 79 78 77 76 76 75 74 74 73 73 72 72 72 72 70 -9999 -9999 -9999 -9999 -9999 -9999 -9999 -9999 -9999 -9999 -9999 -9999 -9999 -9999 -9999 -9999 -9999 -9999 -9999 -9999 -9999 77 82 85 87 89 91 92 94 97 99 100 101 101 101 101 102 103 104 104 105 105 105 105 104 104
-9999 -9999 77 -9999 -9999 -9999 -9999 -9999 -9999 -9999 -9999 -9999 -9999 -9999 -9999 -9999 72 71 70 69 68 67 67 67 68 70 71 74 76 78 80 82 82 81 80 79 78 77 77 76 75 74 74 73 73 73 72 72 72 70 -9999 -9999 -9999 -9999 -9999 -9999 -9999 -9999 -9999 -9999 -9999 -9999 -9999 -9999 -9999 -9999 -9999 -9999 -9999 74 78 83 86 88 90 92 93 94 96 98 98 99 98 99 99 101 102 103 104 105 105 105 105 104 103
-9999 79 -9999 79 -9999 -9999 -9999 -9999 -9999 -9999 -9999 -9999 -9999 -9999 -9999 76 75 73 72 71 71 70 70 70 71 72 73 75 77 79 -9999 -9999 -9999 -9999 -9999 -9999 79 78 77 77 76 75 75 74 73 73 72 72 72 72 70 -9999 -9999 -9999 -9999 -9999 -9999 -9999 -9999 -9999 -9999 -9999 -9999 -9999 -9999 -9999 -9999 -9999 72 75 80 85 88 90 92 93 94 95 96 97 97 97 97 96 98 100 102 103 104 105 105 105 105 104 103
81 81 81 81 82 -9999 -9999 -9999 -9999 -9999 -9999 -9999 -9999 81 79 78 77 76 75 74 73 73 72 73 73 74 75 -9999 -9999 -9999 -9999 -9999 -9999 -9999 -9999 -9999 -9999 78 78 77 77 76 76 75 74 73 73 72 72 72 72 71 -9999 -9999 -9999 -9999 -9999 -9999 -9999 -9999 -9999 -9999 -9999 -9999 -9999 -9999 -9999 69 74 78 83 86 90 93 95 95 95 95 96 97 97 97 96 96 98 100 102 104 105 106 106 105 105 104 104
84 86 85 85 85 84 85 85 -9999 -9999 85 84 84 83 82 81 80 78 78 76 75 76 75 75 75 76 76 -9999 -9999 -9999 -9999 -9999 -9999 -9999 -9999 -9999 -9999 -9999 -9999 77 76 76 77 75 75 74 73 73 72 72 73 73 71 -9999 -9999 -9999 -9999 -9999 -9999 -9999 -9999 -9999 -9999 -9999 -9999 -9999 69 73 76 80 85 88 92 95 97 96 96 96 97 97 97 97 97 98 99 101 103 105 106 107 106 106 105 105 104
88 90 88 88 88 88 88 88 87 87 87 87 86 86 85 84 83 82 81 79 78 78 79 79 78 77 78 -9999 -9999 -9999 -9999 -9999 -9999 -9999 -9999 -9999 -9999 -9999 -9999 -9999 77 76 76 76 75 74 73 74 73 73 73 74 73 72 -9999 -9999 -9999 -9999 -9999 -9999 -9999 -9999 -9999 -9999 70 71 73 75 79 83 87 90 94 96 98 97 97 97 97 97 97 98 98 99 100 102 105 106 108 108 107 107 106 105 105
92 90 91 90 90 89 89 89 89 89 89 88 88 86 86 86 85 84 82 81 80 80 81 80 78 78 -9999 -9999 -9999 -9999 -9999 -9999 -9999 -9999 -9999 80 -9999 -9999 -9999 -9999 -9999 -9999 76 76 76 75 74 74 74 73 73 73 75 75 73 73 -9999 -9999 -9999 -9999 -9999 -9999 71 71 72 74 76 78 82 86 90 92 95 97 98 98 98 98 98 98 98 98 99 99 101 103 105 108 110 110 108 107 106 105 104
92 92 92 91 91 90 90 90 89 90 90 90 89 88 87 88 87 86 84 82 81 81 81 80 79 -9999 -9999 -9999 -9999 -9999 -9999 -9999 -9999 -9999 -9999 -9999 -9999 -9999 -9999 -9999 -9999 -9999 76 76 75 75 75 74 74 74 74 74 75 76 76 74 73 -9999 -9999 -9999 -9999 72 72 73 74 76 79 81 84 89 91 94 97 98 99 99 99 98 98 98 98 98 99 100 101 103 106 109 111 110 108 107 106 105 104
93 93 93 93 93 92 93 93 93 93 93 93 92 92 91 92 91 89 86 84 82 81 81 80 -9999 -9999 -9999 -9999 -9999 -9999 -9999 -9999 -9999 -9999 -9999 -9999 80 -9999 -9999 -9999 -9999 -9999 76 76 75 75 75 75 75 75 74 74 75 76 79 77 74 -9999 -9999 -9999 -9999 -9999 73 74 76 78 81 84 87 91 94 96 98 99 99 99 99 99 99 98 98 98 99 100 101 103 105 107 109 109 106 106 104 104 103
93 94 94 94 94 94 95 95 95 96 96 97 97 96 96 95 94 91 88 86 83 82 82 -9999 -9999 -9999 -9999 -9999 -9999 -9999 -9999 -9999 -9999 -9999 -9999 -9999 80 79 -9999 -9999 -9999 -9999 -9999 -9999 -9999 75 75 75 75 75 75 75 75 76 77 80 76 75 75 -9999 -9999 -9999 -9999 76 78 80 83 86 89 93 96 98 99 100 100 100 100 99 99 99 99 98 98 100 101 102 104 105 106 105 104 104 103 103 102
93 93 94 95 95 95 96 97 97 98 99 100 100 101 101 99 97 93 91 -9999 -9999 -9999 -9999 -9999 -9999 -9999 -9999 -9999 -9999 -9999 -9999 -9999 -9999 -9999 81 -9999 79 -9999 -9999 -9999 -9999 -9999 -9999 -9999 -9999 -9999 75 75 75 75 75 76 76 77 78 82 81 77 76 -9999 -9999 -9999 -9999 77 79 82 84 87 91 94 98 100 100 101 101 100 100 100 100 99 99 98 98 99 100 101 102 103 103 103 102 102 102 101 101
94 94 94 95 96 97 98 98 99 100 101 102 103 104 104 102 99 95 -9999 -9999 -9999 -9999 -9999 -9999 -9999 -9999 -9999 -9999 -9999 -9999 -9999 -9999 -9999 -9999 -9999 -9999 -9999 -9999 -9999 -9999 -9999 -9999 -9999 -9999 -9999 76 76 76 75 76 76 76 77 77 79 81 84 81 77 76 -9999 -9999 -9999 78 81 83 86 89 92 95 98 100 101 101 101 101 101 100 100 99 99 99 99 99 100 100 101 101 102 101 101 101 101 100 100
-9999 -9999 -9999 96 97 98 99 99 100 101 102 104 104 105 105 102 100 97 -9999 -9999 -9999 -9999 -9999 -9999 -9999 -9999 -9999 -9999 -9999 -9999 -9999 -9999 -9999 -9999 -9999 -9999 -9999 -9999 -9999 -9999 -9999 -9999 -9999 -9999 -9999 76 76 76 76 76 76 77 78 79 80 83 85 83 79 77 77 77 -9999 77 81 86 87 90 93 95 97 99 100 101 101 101 101 101 100 100 100 100 100 100 100 100 100 100 100 100 101 101 99 99 100
-9999 -9999 -9999 97 98 98 100 100 101 102 103 104 105 105 104 103 100 98 -9999 -9999 -9999 -9999 -9999 -9999 -9999 -9999 -9999 -9999 -9999 -9999 -9999 -9999 -9999 -9999 -9999 -9999 -9999 -9999 -9999 -9999 -9999 -9999 -9999 76 75 75 76 76 76 76 77 78 79 79 80 81 84 84 80 78 78 77 -9999 79 81 86 90 91 93 95 97 98 100 101 101 101 101 101 101 100 100 100 101 100 100 100 100 100 100 100 100 100 99 98 99
-9999 -9999 -9999 -9999 -9999 99 100 101 101 102 103 104 104 104 104 102 100 98 96 94 -9999 -9999 -9999 -9999 -9999 -9999 -9999 -9999 -9999 -9999 -9999 -9999 -9999 -9999 -9999 -9999 -9999 -9999 -9999 -9999 -9999 -9999 -9999 77 76 75 76 76 76 76 78 81 79 80 81 81 83 83 81 79 79 -9999 -9999 81 83 88 91 92 93 95 97 98 99 101 100 101 101 101 101 101 101 101 101 101 100 100 100 100 101 100 100 99 97 97 98
-9999 -9999 -9999 -9999 -9999 100 100 101 101 102 103 103 103 103 103 102 100 98 97 95 -9999 -9999 -9999 -9999 -9999 -9999 -9999 -9999 -9999 -9999 -9999 -9999 -9999 -9999 -9999 -9999 -9999 -9999 -9999 -9999 -9999 -9999 -9999 -9999 77 75 75 76 77 77 79 82 81 81 82 82 82 82 81 80 80 81 81 82 84 89 92 93 93 95 97 98 99 100 100 100 101 101 101 101 101 101 101 101 101 101 100 101 102 100 99 98 97 96 98
-9999 -9999 -9999 -9999 -9999 100 101 101 102 102 -9999 103 103 102 101 101 100 99 97 95 93 92 -9999 -9999 -9999 -9999 -9999 -9999 -9999 -9999 -9999 -9999 -9999 -9999 -9999 -9999 -9999 -9999 -9999 -9999 -9999 -9999 -9999 -9999 79 78 79 75 78 78 80 83 82 81 82 82 82 82 81 82 82 82 83 84 86 89 93 93 94 96 98 99 100 99 100 100 101 101 100 100 101 101 102 101 101 101 101 101 101 100 98 96 95 95 96
-9999 -9999 -9999 -9999 -9999 -9999 101 101 101 102 -9999 102 102 100 99 99 99 98 96 95 94 92 91 -9999 -9999 -9999 -9999 -9999 -9999 -9999 -9999 -9999 -9999 -9999 -9999 -9999 -9999 -9999 -9999 -9999 -9999 -9999 -9999 -9999 76 80 82 78 79 78 80 84 83 81 82 82 82 82 82 82 83 83 84 86 87 90 94 95 95 96 97 98 99 99 100 101 102 101 100 100 100 101 101 102 101 101 101 101 101 99 98 95 96 96 96
-9999 -9999 -9999 -9999 -9999 -9999 -9999 -9999 -9999 -9999 -9999 -9999 101 101 98 99 99 97 96 95 94 92 91 -9999 -9999 -9999 -9999 -9999 -9999 -9999 -9999 -9999 -9999 -9999 -9999 -9999 -9999 -9999 -9999 -9999 -9999 -9999 -9999 -9999 -9999 75 78 79 82 79 79 82 84 83 83 82 82 82 83 83 84 84 85 87 88 93 95 96 96 97 97 98 100 100 101 102 102 102 100 99 100 101 103 101 101 101 101 101 100 99 97 94 95 94 96
-9999 -9999 99 -9999 -9999 -9999 -9999 -9999 -9999 -9999 -9999 -9999 -9999 100 99 98 98 97 96 95 94 92 91 90 -9999 -9999 -9999 -9999 -9999 -9999 -9999 -9999 -9999 -9999 -9999 -9999 -9999 -9999 -9999 -9999 -9999 -9999 -9999 -9999 -9999 -9999 73 77 82 82 79 81 83 85 84 82 83 83 83 84 85 86 87 88 89 92 96 97 97 98 98 99 100 101 102 102 102 102 101 100 100 102 103 102 101 101 101 101 100 98 97 93 92 93 95
-9999 -9999 99 -9999 -9999 -9999 -9999 -9999 -9999 -9999 -9999 -9999 -9999 100 99 97 97 97 96 94 93 92 91 90 -9999 -9999 -9999 -9999 -9999 -9999 -9999 -9999 -9999 -9999 -9999 -9999 -9999 -9999 -9999 -9999 -9999 -9999 -9999 -9999 -9999 -9999 -9999 76 79 81 80 81 83 84 83 82 83 83 84 85 86 87 88 89 90 92 97 98 99 99 100 100 100 101 101 102 102 102 102 102 100 102 103 102 102 101 101 101 100 98 96 93 91 92 95
-9999 -9999 -9999 99 99 -9999 -9999 -9999 -9999 -9999 -9999 -9999 -9999 99 98 97 96 96 95 94 -9999 -9999 -9999 -9999 -9999 -9999 -9999 -9999 -9999 -9999 -9999 -9999 -9999 -9999 -9999 -9999 -9999 -9999 -9999 -9999 -9999 -9999 -9999 -9999 -9999 -9999 -9999 -9999 80 80 80 81 82 83 83 84 84 84 85 86 87 88 89 90 91 92 96 98 99 100 101 101 102 101 101 101 101 100 101 102 102 102 102 102 102 101 101 100 99 97 95 95 91 91 91
-9999 -9999 98 -9999 -9999 -9999 -9999 -9999 -9999 -9999 -9999 -9999 -9999 98 97 96 96 95 94 -9999 -9999 -9999 -9999 -9999 -9999 -9999 -9999 -9999 -9999 -9999 -9999 -9999 -9999 -9999 -9999 -9999 -9999 -9999 -9999 -9999 -9999 -9999 -9999 -9999 -9999 -9999 -9999 -9999 79 81 80 82 82 84 84 85 85 85 86 87 88 89 89 91 92 93 95 99 99 100 101 101 101 101 101 101 101 101 101 102 102 102 101 102 102 101 101 100 99 96 95 95 93 92 95
-9999 -9999 -9999 -9999 -9999 -9999 -9999 -9999 -9999 -9999 -9999 -9999 -9999 97 97 -9999 -9999 -9999 -9999 -9999 -9999 -9999 -9999 -9999 -9999 -9999 -9999 -9999 -9999 -9999 -9999 -9999 -9999 -9999 -9999 -9999 -9999 -9999 -9999 -9999 -9999 -9999 -9999 -9999 -9999 -9999 -9999 -9999 -9999 81 80 82 84 85 85 86 85 86 87 87 88 89 91 92 93 95 96 99 100 100 100 101 101 102 102 102 102 103 103 103 102 101 98 101 102 101 101 100 99 96 95 95 94 93 96
-9999 -9999 -9999 -9999 -9999 -9999 -9999 -9999 -9999 -9999 -9999 -9999 -9999 -9999 -9999 -9999 -9999 -9999 -9999 -9999 -9999 -9999 -9999 -9999 -9999 -9999 -9999 -9999 -9999 -9999 -9999 -9999 -9999 -9999 -9999 -9999 -9999 -9999 -9999 -9999 -9999 -9999 -9999 -9999 -9999 -9999 -9999 -9999 -9999 -9999 -9999 81 83 84 86 85 86 87 88 88 89 90 91 93 94 97 98 99 100 100 100 101 99 102 103 103 103 103 101 100 100 97 95 100 100 100 100 99 99 96 95 95 95 96 97
-9999 -9999 -9999 -9999 -9999 -9999 -9999 -9999 -9999 -9999 -9999 -9999 -9999 -9999 -9999 -9999 -9999 -9999 -9999 -9999 -9999 -9999 -9999 -9999 -9999 -9999 -9999 -9999 -9999 -9999 -9999 -9999 -9999 -9999 -9999 -9999 -9999 -9999 -9999 -9999 -9999 -9999 -9999 -9999 -9999 -9999 -9999 -9999 -9999 -9999 -9999 -9999 83 84 85 86 87 88 89 89 90 91 92 94 96 99 99 100 102 102 102 101 101 103 104 104 103 102 101 99 100 98 93 100 98 100 98 98 98 96 95 96 96 97 97
-9999 -9999 -9999 -9999 -9999 -9999 -9999 -9999 -9999 -9999 -9999 -9999 -9999 -9999 -9999 -9999 -9999 -9999 -9999 -9999 -9999 -9999 -9999 -9999 -9999 -9999 -9999 -9999 -9999 -9999 -9999 -9999 -9999 -9999 -9999 -9999 -9999 -9999 -9999 -9999 -9999 -9999 -9999 -9999 -9999 -9999 -9999 -9999 -9999 -9999 -9999 -9999 84 86 86 88 88 89 89 90 91 92 93 94 96 100 101 102 102 102 102 102 102 103 105 103 104 104 103 101 98 97 97 94 94 97 98 97 97 96 96 97 97 97 97
-9999 -9999 -9999 -9999 -9999 -9999 -9999 -9999 -9999 -9999 -9999 -9999 -9999 -9999 -9999 -9999 -9999 -9999 -9999 -9999 -9999 -9999 -9999 -9999 -9999 -9999 -9999 -9999 -9999 -9999 -9999 -9999 -9999 -9999 -9999 -9999 -9999 -9999 -9999 -9999 -9999 -9999 -9999 -9999 -9999 -9999 -9999 -9999 -9999 -9999 -9999 -9999 85 87 87 89 89 90 90 91 92 93 93 95 99 101 102 103 101 104 104 103 102 105 105 104 105 104 105 101 98 99 95 92 92 94 95 96 97 96 97 98 98 97 97
-9999 -9999 -9999 -9999 -9999 -9999 -9999 -9999 -9999 -9999 -9999 -9999 -9999 -9999 -9999 -9999 -9999 -9999 -9999 -9999 -9999 -9999 -9999 -9999 -9999 -9999 -9999 -9999 -9999 -9999 -9999 -9999 -9999 -9999 -9999 -9999 -9999 -9999 -9999 -9999 -9999 -9999 -9999 -9999 -9999 -9999 -9999 -9999 -9999 -9999 -9999 -9999 -9999 87 88 90 91 91 91 92 92 93 94 96 100 102 103 103 100 102 104 104 103 107 104 101 106 105 105 103 98 98 99 94 92 93 94 96 97 96 98 98 98 97 97
-9999 -9999 -9999 -9999 -9999 -9999 -9999 -9999 -9999 -9999 -9999 -9999 -9999 -9999 -9999 -9999 -9999 -9999 -9999 -9999 -9999 -9999 -9999 -9999 -9999 -9999 -9999 -9999 -9999 -9999 -9999 -9999 -9999 -9999 -9999 -9999 -9999 -9999 -9999 -9999 -9999 -9999 -9999 -9999 -9999 -9999 -9999 -9999 -9999 -9999 -9999 -9999 -9999 -9999 88 90 91 91 91 92 93 94 95 96 101 103 104 105 101 100 101 102 102 107 107 100 104 105 105 103 99 98 100 94 94 94 94 95 97 98 99 99 99 98 97
-9999 -9999 -9999 -9999 -9999 -9999 -9999 -9999 -9999 -9999 -9999 -9999 -9999 -9999 -9999 -9999 -9999 -9999 -9999 -9999 -9999 -9999 -9999 -9999 -9999 -9999 -9999 -9999 -9999 -9999 -9999 -9999 -9999 -9999 -9999 -9999 -9999 -9999 -9999 -9999 -9999 -9999 -9999 -9999 -9999 -9999 -9999 -9999 -9999 -9999 -9999 -9999 -9999 -9999 -9999 90 91 91 92 93 94 95 95 97 100 103 104 105 102 98 98 99 102 109 109 102 102 104 104 103 101 100 99 94 94 95 94 95 98 98 99 100 99 98 97
-9999 -9999 -9999 -9999 -9999 -9999 -9999 -9999 -9999 -9999 -9999 -9999 -9999 -9999 -9999 -9999 -9999 -9999 -9999 -9999 -9999 -9999 -9999 -9999 -9999 -9999 -9999 -9999 -9999 -9999 -9999 -9999 -9999 -9999 -9999 -9999 -9999 -9999 -9999 -9999 -9999 -9999 -9999 -9999 -9999 -9999 -9999 -9999 -9999 -9999 -9999 -9999 -9999 -9999 -9999 -9999 92 93 93 94 94 95 96 98 101 103 104 106 105 98 97 96 102 111 111 107 101 103 102 101 103 102 97 97 97 96 95 96 98 98 101 101 100 98 98
-9999 -9999 -9999 -9999 -9999 -9999 -9999 -9999 -9999 -9999 -9999 -9999 -9999 -9999 -9999 -9999 -9999 -9999 -9999 -9999 -9999 -9999 -9999 -9999 -9999 -9999 -9999 -9999 -9999 -9999 -9999 -9999 -9999 -9999 -9999 -9999 -9999 -9999 -9999 -9999 -9999 -9999 -9999 -9999 -9999 -9999 -9999 -9999 -9999 -9999 -9999 -9999 -9999 -9999 -9999 -9999 93 94 94 94 95 96 97 98 99 104 104 107 106 100 93 95 99 111 112 111 100 100 101 103 103 96 94 95 97 97 96 97 98 100 102 101 100 99 98
-9999 -9999 -9999 -9999 -9999 -9999 -9999 -9999 -9999 -9999 -9999 -9999 -9999 -9999 -9999 -9999 -9999 -9999 -9999 -9999 -9999 -9999 -9999 -9999 -9999 -9999 -9999 -9999 -9999 -9999 -9999 -9999 -9999 -9999 -9999 -9999 -9999 -9999 -9999 -9999 -9999 -9999 -9999 -9999 -9999 -9999 -9999 -9999 -9999 -9999 -9999 -9999 -9999 -9999 -9999 91 93 94 95 95 96 96 97 98 99 104 105 107 105 102 97 95 99 112 114 109 98 105 108 102 98 94 96 98 98 98 98 98 99 101 101 101 100 99 98
-9999 -9999 -9999 -9999 -9999 -9999 -9999 -9999 -9999 -9999 -9999 -9999 -9999 -9999 -9999 -9999 -9999 -9999 -9999 -9999 -9999 -9999 -9999 -9999 -9999 -9999 -9999 -9999 -9999 -9999 -9999 -9999 -9999 -9999 -9999 -9999 -9999 -9999 -9999 -9999 -9999 -9999 -9999 -9999 -9999 -9999 -9999 -9999 -9999 -9999 -9999 -9999 -9999 -9999 -9999 92 94 95 95 95 96 96 97 98 99 104 104 108 102 95 97 93 100 113 112 98 102 107 97 98 96 92 95 100 98 98 99 99 100 102 101 100 99 98 97
-9999 -9999 -9999 -9999 -9999 -9999 -9999 -9999 -9999 -9999 -9999 -9999 -9999 -9999 -9999 -9999 -9999 -9999 -9999 -9999 -9999 -9999 -9999 -9999 -9999 -9999 -9999 -9999 -9999 -9999 -9999 -9999 -9999 -9999 -9999 -9999 -9999 -9999 -9999 -9999 -9999 -9999 -9999 -9999 -9999 -9999 -9999 -9999 -9999 -9999 -9999 -9999 -9999 -9999 90 92 93 95 95 96 96 97 97 98 99 102 105 108 104 91 96 94 106 113 113 100 107 102 94 95 93 91 90 94 98 98 100 100 102 102 101 100 99 98 98
-9999 -9999 -9999 -9999 -9999 -9999 -9999 -9999 -9999 -9999 -9999 -9999 -9999 -9999 -9999 -9999 -9999 -9999 -9999 -9999 -9999 -9999 -9999 -9999 -9999 -9999 -9999 -9999 -9999 -9999 -9999 -9999 -9999 -9999 -9999 -9999 -9999 -9999 -9999 -9999 -9999 -9999 -9999 -9999 -9999 -9999 -9999 -9999 -9999 -9999 -9999 -9999 -9999 -9999 -9999 90 93 95 95 96 96 97 97 98 99 101 106 107 109 93 91 91 102 110 113 100 99 92 92 91 90 89 91 95 97 98 101 101 102 102 101 100 99 98 98
-9999 -9999 -9999 -9999 -9999 -9999 -9999 -9999 -9999 -9999 -9999 -9999 -9999 -9999 -9999 -9999 -9999 -9999 -9999 -9999 -9999 -9999 -9999 -9999 -9999 -9999 -9999 -9999 -9999 -9999 -9999 -9999 -9999 -9999 -9999 -9999 -9999 -9999 -9999 -9999 -9999 -9999 -9999 -9999 -9999 -9999 -9999 -9999 -9999 -9999 -9999 -9999 -9999 -9999 -9999 -9999 92 94 95 96 96 96 97 98 99 101 105 108 109 93 87 89 99 108 108 105 92 87 88 87 86 93 101 98 100 100 101 101 102 101 101 100 99 96 97
