bio_clim/bio_6.asc
ncols         156
nrows         252
xllcorner     -82
yllcorner     -8
cellsize      0.083333337679505
NODATA_value  -9999
[rows 200 to 239 of 252, columns 0 to 88 of 156]
-9999 -9999 -9999 -9999 -9999 -9999 -9999 -9999 -9999 -9999 -9999 -9999 -9999 -9999 -9999 179 179 178 186 185 184 185 186 183 175 180 169 164 172 158 103 52 64 66 61 93 123 150 154 153 152 155 136 148 170 160 176 179 185 196 205 206 187 206 208 209 209 209 209 209 209 208 208 208 208 208 207 207 206 205 205 203 203 202 201 200 199 198 197 196 195 195 196 197 198 200 200 201 201
-9999 -9999 -9999 -9999 -9999 -9999 -9999 -9999 -9999 -9999 -9999 -9999 -9999 -9999 175 177 176 179 183 176 175 176 178 174 172 174 170 172 174 168 127 80 78 81 86 95 114 152 154 162 154 145 130 158 176 167 173 182 188 193 206 205 187 206 208 210 210 210 210 210 210 209 209 209 209 208 208 207 206 206 205 204 203 202 202 200 200 198 197 196 196 196 197 197 199 200 200 201 201
-9999 -9999 -9999 -9999 -9999 -9999 -9999 -9999 -9999 -9999 -9999 -9999 -9999 -9999 170 171 176 176 172 157 161 167 171 172 170 162 165 165 161 147 110 102 89 99 108 106 118 156 155 157 142 137 120 149 176 170 164 168 179 197 206 208 202 200 209 210 211 211 211 211 210 210 210 209 209 208 208 208 207 206 205 204 204 202 202 201 200 199 198 198 197 197 197 198 199 200 201 201 202
-9999 -9999 -9999 -9999 -9999 -9999 -9999 -9999 -9999 -9999 -9999 -9999 164 164 163 164 171 164 163 169 165 171 164 161 153 138 115 133 141 129 119 145 109 103 92 113 112 152 143 156 151 128 143 156 161 172 168 163 167 195 207 209 208 190 209 211 211 212 211 211 211 210 210 210 210 209 209 208 208 207 206 205 204 204 203 202 201 200 199 199 199 198 199 199 200 201 202 202 202
-9999 -9999 -9999 -9999 -9999 -9999 -9999 -9999 -9999 -9999 -9999 -9999 161 159 159 162 159 155 169 160 169 165 160 154 128 104 153 161 125 152 141 156 117 95 82 108 139 145 136 148 156 140 153 156 142 165 166 181 175 199 208 209 208 186 209 210 211 212 212 212 212 211 211 211 210 210 209 209 208 208 207 206 205 204 203 203 202 201 200 200 200 200 200 201 201 202 202 203 203
-9999 -9999 -9999 -9999 -9999 -9999 -9999 -9999 -9999 -9999 -9999 153 155 154 154 144 133 153 163 157 161 162 159 140 130 153 157 146 142 160 126 134 121 95 69 95 142 115 116 135 155 150 158 161 140 160 157 169 192 205 208 210 208 187 210 210 212 213 213 213 212 211 211 211 211 210 209 209 208 208 207 207 206 205 204 204 203 202 202 201 201 201 201 202 202 203 203 203 204
-9999 -9999 -9999 -9999 -9999 -9999 -9999 -9999 -9999 -9999 145 141 150 151 142 131 133 152 158 161 161 166 159 161 160 157 144 136 148 139 104 98 132 114 62 80 124 110 138 142 151 157 156 171 160 172 148 172 195 206 208 210 200 192 212 212 213 213 213 213 213 212 211 211 211 210 210 210 209 208 208 207 207 206 205 204 204 203 203 203 203 202 203 203 203 203 204 204 204
-9999 -9999 -9999 -9999 -9999 -9999 -9999 -9999 -9999 135 136 139 141 141 134 131 143 156 160 160 164 169 168 163 154 120 137 113 127 126 123 105 117 119 67 78 95 113 135 153 157 166 169 176 160 184 163 178 192 207 209 211 200 193 211 212 213 214 213 213 213 212 212 212 212 211 210 210 209 209 209 208 207 207 206 205 205 204 204 204 204 204 204 204 204 204 204 204 205
-9999 -9999 -9999 -9999 -9999 -9999 -9999 -9999 -9999 137 138 139 139 137 130 138 147 157 160 163 166 168 165 160 166 159 151 110 132 115 147 118 85 112 80 101 104 134 139 157 158 173 167 180 181 192 187 183 198 207 209 212 207 193 212 212 213 214 214 213 213 212 212 212 212 211 211 210 209 209 209 209 208 208 207 206 206 206 205 205 205 205 205 205 205 205 205 205 205
-9999 -9999 -9999 -9999 -9999 -9999 -9999 -9999 142 139 138 140 139 133 135 142 150 156 159 164 165 165 164 158 164 160 146 140 146 132 149 103 62 75 91 107 113 129 148 146 157 167 183 175 182 189 193 191 203 207 210 212 201 206 215 213 214 214 214 214 213 212 212 212 212 211 211 211 210 210 209 209 209 208 208 208 207 207 207 206 206 205 205 205 206 206 206 206 206
-9999 -9999 -9999 -9999 -9999 -9999 -9999 -9999 -9999 138 137 133 130 133 139 145 150 156 160 160 160 158 158 158 156 139 144 110 122 142 129 88 73 77 119 128 113 130 128 139 149 168 179 163 181 191 191 196 204 207 209 205 194 212 214 214 214 214 213 213 213 212 212 212 212 211 211 211 210 210 210 209 209 209 209 208 208 208 207 207 206 206 206 206 206 206 206 206 206
-9999 -9999 -9999 -9999 -9999 -9999 -9999 -9999 137 136 135 128 125 131 144 148 150 155 158 157 157 155 150 154 152 136 115 94 118 107 108 65 70 111 144 129 126 118 106 129 156 165 177 163 174 191 191 199 203 206 206 197 203 210 212 213 213 213 213 213 213 212 212 211 211 211 211 211 210 210 210 210 209 210 209 209 209 208 208 207 207 207 207 207 207 206 206 206 206
-9999 -9999 -9999 -9999 -9999 -9999 -9999 -9999 139 139 137 133 133 139 147 149 151 156 156 156 156 155 154 144 125 130 118 124 119 92 57 44 65 102 151 134 111 107 135 143 151 170 165 168 179 191 192 200 200 204 189 185 207 210 211 212 213 213 213 213 212 212 211 211 211 211 211 211 210 211 211 210 210 210 210 209 209 209 208 208 207 207 207 207 206 206 206 206 206
-9999 -9999 -9999 -9999 -9999 -9999 -9999 -9999 -9999 140 140 139 141 144 148 150 153 154 155 155 158 157 149 136 108 80 119 125 122 110 54 55 94 126 152 140 107 102 135 142 154 170 161 176 189 192 192 199 201 202 177 192 203 209 210 211 212 212 212 212 211 211 211 210 211 210 211 211 211 211 211 210 211 210 210 210 209 209 209 208 208 208 207 207 207 207 207 207 207
-9999 -9999 -9999 -9999 -9999 -9999 -9999 -9999 -9999 -9999 142 142 144 147 149 151 152 153 155 158 159 161 150 128 93 53 82 118 134 119 88 63 94 125 155 149 129 119 142 151 159 173 164 180 186 189 192 199 200 200 177 188 193 205 209 210 211 211 211 211 211 211 211 211 211 211 211 211 211 211 211 211 211 210 210 210 210 210 209 209 208 207 207 207 207 207 207 207 207
-9999 -9999 -9999 -9999 -9999 -9999 -9999 -9999 -9999 -9999 -9999 141 142 144 147 149 152 154 155 158 160 161 157 137 122 70 58 108 115 109 45 84 121 137 163 157 137 115 142 148 155 172 169 183 182 182 188 198 199 195 177 182 190 196 206 208 209 210 210 210 210 210 210 210 210 210 211 211 211 211 211 211 211 210 210 210 210 209 209 209 209 208 208 208 207 207 207 207 207
-9999 -9999 -9999 -9999 -9999 -9999 -9999 -9999 -9999 -9999 -9999 141 142 145 147 150 153 153 152 155 158 162 160 150 135 120 95 76 72 59 34 69 84 101 157 163 158 129 152 116 134 161 179 188 188 169 173 191 191 164 160 169 178 186 199 207 208 209 209 209 209 210 210 209 210 211 210 210 211 210 211 211 210 211 211 210 210 209 209 209 208 208 208 208 208 207 207 207 207
-9999 -9999 -9999 -9999 -9999 -9999 -9999 -9999 -9999 -9999 139 141 142 145 147 151 154 153 152 152 157 161 163 162 156 143 124 100 86 49 57 68 77 105 145 146 171 141 154 115 144 157 171 186 190 185 176 185 195 182 162 164 178 180 180 199 206 208 207 208 208 209 208 207 208 209 209 210 210 210 211 211 211 211 210 211 210 210 210 209 208 208 208 207 207 207 207 207 207
-9999 -9999 -9999 -9999 -9999 -9999 -9999 -9999 -9999 140 137 138 139 145 148 152 154 154 151 151 155 159 162 164 165 161 154 151 128 60 97 57 51 83 118 130 151 167 170 124 134 143 180 189 192 184 182 177 173 185 174 162 179 176 176 178 190 198 205 207 206 206 207 205 206 206 207 209 209 210 211 211 211 210 211 210 210 210 209 209 208 208 208 208 207 207 206 207 207
-9999 -9999 -9999 -9999 -9999 -9999 -9999 -9999 -9999 -9999 -9999 139 142 146 149 152 154 153 151 151 153 157 160 161 163 158 165 163 131 49 96 74 94 121 134 113 131 153 182 151 120 137 180 180 180 174 163 170 147 164 158 158 176 162 167 176 174 176 188 201 205 205 205 205 204 204 206 207 209 210 211 211 211 211 211 210 210 209 209 208 208 208 208 208 207 207 207 207 207
-9999 -9999 -9999 -9999 -9999 -9999 -9999 -9999 -9999 -9999 -9999 -9999 144 146 150 152 153 153 152 151 152 155 159 162 160 161 162 160 139 74 100 105 89 114 142 138 129 166 188 182 148 145 180 155 153 150 156 153 127 146 148 144 159 152 157 172 178 175 174 174 185 201 204 204 203 204 204 205 207 209 210 211 211 211 211 209 208 208 208 208 208 207 207 207 207 207 207 207 207
-9999 -9999 -9999 -9999 -9999 -9999 -9999 -9999 -9999 -9999 -9999 -9999 -9999 147 149 152 153 153 152 152 152 154 157 160 159 156 157 161 142 107 93 109 68 89 131 153 159 174 186 188 179 172 177 145 99 133 150 157 129 136 133 139 150 144 143 152 171 175 172 177 169 171 199 202 202 203 203 204 205 208 209 210 211 211 210 208 207 206 207 207 207 207 207 207 206 207 206 206 206
-9999 -9999 -9999 -9999 -9999 -9999 -9999 -9999 -9999 -9999 -9999 -9999 -9999 148 149 151 153 153 153 153 153 154 156 158 157 152 149 158 145 119 75 109 56 51 107 123 136 159 185 180 188 189 157 112 78 120 115 113 132 123 134 142 155 136 141 152 158 154 161 167 166 160 173 200 202 203 203 204 205 207 209 210 210 210 209 207 205 205 205 205 206 207 207 206 206 206 207 207 206
-9999 -9999 -9999 -9999 -9999 -9999 -9999 -9999 -9999 -9999 -9999 -9999 -9999 -9999 149 151 152 152 153 154 154 155 156 158 160 164 157 152 135 97 94 116 84 53 115 101 111 140 176 187 190 190 180 137 83 63 65 100 124 107 122 134 153 145 147 149 146 146 152 155 162 159 155 191 201 203 203 204 205 206 208 210 210 209 207 205 205 204 204 205 206 207 206 206 206 206 207 206 206
-9999 -9999 -9999 -9999 -9999 -9999 -9999 -9999 -9999 -9999 -9999 -9999 -9999 -9999 148 150 152 152 153 154 155 155 157 159 161 164 163 147 109 89 90 114 88 44 106 130 98 133 175 186 188 187 187 173 150 102 64 95 111 103 88 121 144 163 168 167 160 165 164 165 154 151 158 183 199 201 203 204 205 207 208 210 209 207 206 206 205 204 204 204 205 206 206 206 205 205 206 206 205
-9999 -9999 -9999 -9999 -9999 -9999 -9999 -9999 -9999 -9999 -9999 -9999 -9999 147 148 149 151 152 154 154 156 157 158 160 160 164 164 156 124 93 110 121 91 82 93 135 97 108 166 181 167 176 175 179 181 146 86 67 90 106 72 89 85 138 159 168 170 168 167 168 167 154 143 168 189 199 200 203 204 207 208 209 207 206 205 205 205 204 204 204 205 205 205 205 204 204 205 205 205
-9999 -9999 -9999 -9999 -9999 -9999 -9999 -9999 -9999 -9999 138 134 143 145 147 149 150 152 153 154 155 157 158 160 161 163 165 162 152 123 76 114 106 107 92 127 139 142 170 179 146 120 119 135 158 162 129 89 105 85 90 55 85 110 141 159 169 169 168 163 165 153 130 168 178 187 197 201 204 206 207 207 206 205 204 203 203 203 203 203 204 205 205 205 204 204 204 204 204
-9999 -9999 -9999 -9999 -9999 -9999 -9999 -9999 -9999 -9999 136 128 137 143 145 147 150 151 152 154 155 156 157 159 160 155 158 161 148 127 78 91 109 128 102 102 113 146 137 164 169 115 98 86 109 130 123 99 118 59 60 54 50 62 108 140 163 168 168 166 154 154 127 148 162 174 196 199 201 202 204 205 204 203 202 201 201 202 202 203 203 204 204 204 204 204 203 203 204
-9999 -9999 -9999 -9999 -9999 -9999 -9999 -9999 -9999 -9999 -9999 132 135 144 147 147 149 150 152 153 154 155 157 158 159 157 159 158 155 135 96 66 60 95 135 138 134 146 130 133 163 151 127 115 57 109 113 61 101 74 64 55 26 26 48 93 145 166 167 165 163 155 143 134 160 163 189 195 197 198 199 201 202 202 200 200 201 200 201 202 202 203 203 203 203 203 203 203 203
-9999 -9999 -9999 -9999 -9999 -9999 -9999 -9999 -9999 -9999 -9999 -9999 142 144 146 146 148 149 151 152 153 155 156 157 158 158 152 160 155 129 68 20 22 70 112 121 103 130 114 105 145 141 153 124 73 86 72 53 74 96 84 46 38 29 37 82 128 152 164 161 150 157 153 154 149 164 179 191 192 194 195 197 198 200 200 200 199 199 200 200 202 202 202 203 202 202 202 202 202
-9999 -9999 -9999 -9999 -9999 -9999 -9999 -9999 -9999 -9999 -9999 -9999 -9999 144 145 146 147 148 150 151 152 154 155 156 157 157 157 161 155 128 73 31 19 30 81 124 100 116 76 91 98 132 129 146 119 83 55 54 83 92 81 79 67 59 52 90 122 136 157 148 139 145 159 162 161 171 174 182 187 189 191 194 195 195 198 199 198 198 198 200 201 202 202 201 202 202 202 202 201
-9999 -9999 -9999 -9999 -9999 -9999 -9999 -9999 -9999 -9999 -9999 -9999 -9999 -9999 144 145 146 148 149 150 151 153 154 155 156 157 158 160 159 140 105 83 54 19 71 97 108 80 49 78 84 109 107 130 121 110 91 46 86 62 45 73 59 80 80 73 85 123 129 131 125 129 148 157 163 153 154 171 181 184 188 191 192 192 196 197 197 196 197 199 201 201 201 201 201 201 201 200 201
-9999 -9999 -9999 -9999 -9999 -9999 -9999 -9999 -9999 -9999 -9999 -9999 -9999 -9999 -9999 -9999 146 147 148 149 151 152 153 154 155 156 157 154 154 142 142 122 56 10 55 66 96 67 61 65 72 56 89 102 129 101 84 35 58 77 43 66 93 111 102 87 72 89 113 112 119 132 137 152 173 169 163 163 173 170 179 188 190 192 194 196 196 195 197 199 199 200 200 200 200 201 200 200 199
-9999 -9999 -9999 -9999 -9999 -9999 -9999 -9999 -9999 -9999 -9999 -9999 -9999 -9999 -9999 -9999 -9999 -9999 -9999 148 149 150 151 152 153 154 155 155 155 146 139 114 94 93 87 46 77 83 53 40 60 34 77 42 96 130 99 36 36 73 45 58 101 109 110 119 90 89 97 125 122 141 155 158 162 174 173 171 168 169 168 173 183 188 192 194 195 194 195 197 198 199 199 200 200 200 199 199 198
-9999 -9999 -9999 -9999 -9999 -9999 -9999 -9999 -9999 -9999 -9999 -9999 -9999 -9999 -9999 -9999 -9999 -9999 -9999 -9999 148 149 150 151 152 153 153 151 151 152 146 145 137 128 85 66 94 82 65 64 44 11 63 26 31 73 128 50 30 56 53 26 85 99 100 114 99 118 89 112 139 138 165 177 151 168 174 173 175 170 176 179 179 182 187 192 193 192 194 196 197 198 199 199 199 199 199 198 197
-9999 -9999 -9999 -9999 -9999 -9999 -9999 -9999 -9999 -9999 -9999 -9999 -9999 -9999 -9999 -9999 -9999 -9999 -9999 -9999 -9999 -9999 149 150 150 151 152 151 144 145 152 153 146 123 105 100 93 80 66 29 19 17 40 28 2 46 131 81 54 39 63 39 69 85 97 120 122 121 106 123 143 158 159 181 170 162 174 177 177 171 177 180 177 180 176 191 192 192 193 195 196 197 198 198 198 198 198 197 197
-9999 -9999 -9999 -9999 -9999 -9999 -9999 -9999 -9999 -9999 -9999 -9999 -9999 -9999 -9999 -9999 -9999 -9999 -9999 -9999 -9999 -9999 -9999 -9999 149 150 150 151 148 145 151 146 142 108 65 77 68 52 45 1 -3 35 17 2 26 53 93 127 62 30 51 55 90 96 113 113 142 127 121 132 152 166 164 183 182 167 173 178 179 171 160 174 173 177 175 178 188 191 193 194 195 196 198 198 198 198 198 197 196
-9999 -9999 -9999 -9999 -9999 -9999 -9999 -9999 -9999 -9999 -9999 -9999 -9999 -9999 -9999 -9999 -9999 -9999 -9999 -9999 -9999 -9999 -9999 -9999 -9999 148 148 149 150 149 140 136 148 133 70 33 29 13 21 -9 -16 18 5 -8 52 74 50 112 85 13 24 39 77 102 97 113 129 149 140 138 150 155 176 175 185 182 178 182 181 175 165 157 170 175 176 166 167 184 190 193 194 195 197 197 197 197 196 196 195
-9999 -9999 -9999 -9999 -9999 -9999 -9999 -9999 -9999 -9999 -9999 -9999 -9999 -9999 -9999 -9999 -9999 -9999 -9999 -9999 -9999 -9999 -9999 -9999 -9999 147 145 144 146 148 147 149 146 120 102 43 4 -6 -1 -1 -20 -5 -10 -15 19 34 45 106 88 2 0 9 48 75 93 97 116 143 140 131 155 166 185 174 185 187 183 184 185 178 172 160 162 170 173 174 158 180 189 191 194 195 197 196 197 196 195 195 195
-9999 -9999 -9999 -9999 -9999 -9999 -9999 -9999 -9999 -9999 -9999 -9999 -9999 -9999 -9999 -9999 -9999 -9999 -9999 -9999 -9999 -9999 -9999 -9999 -9999 -9999 146 146 147 146 144 138 134 120 48 9 5 5 13 5 -10 -14 -25 -19 -2 16 34 98 103 40 -7 6 46 74 83 103 122 151 155 156 151 170 183 183 182 189 188 187 186 183 171 161 167 174 172 171 163 181 188 189 194 195 196 195 195 195 194 193 192
