bio_clim/bio_11.asc
ncols         156
nrows         252
xllcorner     -82
yllcorner     -8
cellsize      0.083333337679505
NODATA_value  -9999
[rows 117 to 155 of 252, columns 0 to 88 of 156]
-9999 -9999 -9999 -9999 -9999 -9999 -9999 -9999 -9999 -9999 -9999 -9999 -9999 -9999 -9999 -9999 -9999 -9999 -9999 -9999 -9999 -9999 -9999 -9999 -9999 -9999 -9999 -9999 -9999 -9999 -9999 -9999 -9999 -9999 -9999 -9999 -9999 -9999 -9999 -9999 -9999 -9999 -9999 -9999 -9999 -9999 -9999 -9999 -9999 -9999 -9999 -9999 -9999 259 260 260 259 259 257 231 217 215 157 179 219 233 235 236 236 211 112 70 102 152 150 165 212 195 216 226 266 267 262 250 211 196 158 150 190
-9999 -9999 -9999 -9999 -9999 -9999 -9999 -9999 -9999 -9999 -9999 -9999 -9999 -9999 -9999 -9999 -9999 -9999 -9999 -9999 -9999 -9999 -9999 -9999 -9999 -9999 -9999 -9999 -9999 -9999 -9999 -9999 -9999 -9999 -9999 -9999 -9999 -9999 -9999 -9999 -9999 -9999 -9999 -9999 -9999 -9999 -9999 -9999 -9999 -9999 -9999 -9999 -9999 260 260 260 261 260 248 222 244 219 173 213 228 234 234 235 220 185 93 61 77 106 125 166 185 188 217 242 267 265 260 238 175 166 144 173 218
-9999 -9999 -9999 -9999 -9999 -9999 -9999 -9999 -9999 -9999 -9999 -9999 -9999 -9999 -9999 -9999 -9999 -9999 -9999 -9999 -9999 -9999 -9999 -9999 -9999 -9999 -9999 -9999 -9999 -9999 -9999 -9999 -9999 -9999 -9999 -9999 -9999 -9999 -9999 -9999 -9999 -9999 -9999 -9999 -9999 -9999 -9999 -9999 -9999 -9999 -9999 -9999 260 260 260 260 260 260 249 213 211 204 176 211 228 231 231 220 196 159 74 58 82 126 158 167 142 165 225 255 265 262 246 215 173 148 151 166 178
-9999 -9999 -9999 -9999 -9999 -9999 -9999 -9999 -9999 -9999 -9999 -9999 -9999 -9999 -9999 -9999 -9999 -9999 -9999 -9999 -9999 -9999 -9999 -9999 -9999 -9999 -9999 -9999 -9999 -9999 -9999 -9999 -9999 -9999 -9999 -9999 -9999 -9999 -9999 -9999 -9999 -9999 -9999 -9999 -9999 -9999 -9999 -9999 -9999 -9999 -9999 -9999 260 259 261 262 261 260 250 246 206 150 172 209 211 215 205 183 189 129 77 46 75 102 124 127 172 200 241 259 264 256 237 198 153 125 114 145 182
-9999 -9999 -9999 -9999 -9999 -9999 -9999 -9999 -9999 -9999 -9999 -9999 -9999 -9999 -9999 -9999 -9999 -9999 -9999 -9999 -9999 -9999 -9999 -9999 -9999 -9999 -9999 -9999 -9999 -9999 -9999 -9999 -9999 -9999 -9999 -9999 -9999 -9999 -9999 -9999 -9999 -9999 -9999 -9999 -9999 -9999 -9999 -9999 -9999 -9999 -9999 -9999 260 260 261 261 262 262 255 252 217 153 173 205 203 204 187 163 148 89 86 90 113 74 98 121 161 218 245 256 263 249 213 153 126 124 126 146 194
-9999 -9999 -9999 -9999 -9999 -9999 -9999 -9999 -9999 -9999 -9999 -9999 -9999 -9999 -9999 -9999 -9999 -9999 -9999 -9999 -9999 -9999 -9999 -9999 -9999 -9999 -9999 -9999 -9999 -9999 -9999 -9999 -9999 -9999 -9999 -9999 -9999 -9999 -9999 -9999 -9999 -9999 -9999 -9999 -9999 -9999 -9999 -9999 -9999 -9999 -9999 -9999 260 260 262 261 259 251 249 242 190 158 169 204 190 192 175 138 112 89 112 151 141 92 135 144 167 228 234 250 256 216 165 146 148 166 143 177 177
-9999 -9999 -9999 -9999 -9999 -9999 -9999 -9999 -9999 -9999 -9999 -9999 -9999 -9999 -9999 -9999 -9999 -9999 -9999 -9999 -9999 -9999 -9999 -9999 -9999 -9999 -9999 -9999 -9999 -9999 -9999 -9999 -9999 -9999 -9999 -9999 -9999 -9999 -9999 -9999 -9999 -9999 -9999 -9999 -9999 -9999 -9999 -9999 -9999 -9999 258 259 259 260 261 259 240 248 245 220 197 146 183 195 186 178 155 124 84 85 126 163 163 127 167 158 207 238 249 257 244 164 139 144 166 193 185 201 177
-9999 -9999 -9999 -9999 -9999 -9999 -9999 -9999 -9999 -9999 -9999 -9999 -9999 -9999 -9999 -9999 -9999 -9999 -9999 -9999 -9999 -9999 -9999 -9999 -9999 -9999 -9999 -9999 -9999 -9999 -9999 -9999 -9999 -9999 -9999 -9999 -9999 -9999 -9999 -9999 -9999 -9999 -9999 254 254 255 255 256 256 257 258 258 259 258 258 249 228 230 242 226 187 154 185 181 179 172 144 123 83 77 104 159 174 170 193 204 231 247 251 251 211 166 139 124 154 183 217 219 191
-9999 -9999 -9999 -9999 -9999 -9999 -9999 -9999 -9999 -9999 -9999 -9999 -9999 -9999 -9999 -9999 -9999 -9999 -9999 -9999 -9999 -9999 -9999 -9999 -9999 -9999 -9999 -9999 -9999 -9999 -9999 -9999 -9999 -9999 -9999 -9999 -9999 -9999 -9999 -9999 -9999 -9999 254 254 255 255 256 256 257 257 258 258 259 254 245 226 189 231 207 214 163 169 185 184 178 171 149 113 84 80 138 183 194 196 197 227 227 241 236 219 208 136 133 150 179 210 228 224 236
-9999 -9999 -9999 -9999 -9999 -9999 -9999 -9999 -9999 -9999 -9999 -9999 -9999 -9999 -9999 -9999 -9999 -9999 -9999 -9999 -9999 -9999 -9999 -9999 -9999 -9999 -9999 -9999 -9999 -9999 -9999 -9999 -9999 -9999 -9999 -9999 -9999 -9999 -9999 -9999 -9999 254 254 255 255 256 256 256 257 257 258 259 258 245 214 184 185 215 198 194 154 179 180 179 175 165 140 92 86 86 121 166 188 214 219 231 233 236 197 188 160 132 149 176 212 232 233 240 246
-9999 -9999 -9999 -9999 -9999 -9999 -9999 -9999 -9999 -9999 -9999 -9999 -9999 -9999 -9999 -9999 -9999 -9999 -9999 -9999 -9999 -9999 -9999 -9999 -9999 -9999 -9999 -9999 -9999 -9999 -9999 -9999 -9999 -9999 -9999 -9999 -9999 -9999 -9999 -9999 -9999 254 254 255 255 256 256 256 257 257 258 257 254 231 154 125 168 194 151 169 190 216 201 174 165 142 117 71 75 87 126 151 179 204 195 210 226 223 178 130 123 153 180 197 225 238 245 246 249
-9999 -9999 -9999 -9999 -9999 -9999 -9999 -9999 -9999 -9999 -9999 -9999 -9999 -9999 -9999 -9999 -9999 -9999 -9999 -9999 -9999 -9999 -9999 -9999 -9999 -9999 -9999 -9999 -9999 -9999 -9999 -9999 -9999 -9999 -9999 -9999 -9999 -9999 -9999 -9999 253 253 254 255 256 256 257 257 257 257 257 258 247 217 154 116 165 171 149 193 227 232 204 179 147 109 82 42 84 124 149 172 188 173 204 227 232 207 148 104 152 172 204 198 223 237 241 246 247
-9999 -9999 -9999 -9999 -9999 -9999 -9999 -9999 -9999 -9999 -9999 -9999 -9999 -9999 -9999 -9999 -9999 -9999 -9999 -9999 -9999 -9999 -9999 -9999 -9999 -9999 -9999 -9999 -9999 -9999 -9999 -9999 -9999 -9999 -9999 -9999 -9999 -9999 -9999 -9999 253 253 253 255 256 256 257 257 256 257 257 257 243 199 181 146 144 146 185 235 234 224 208 163 129 87 91 79 107 133 153 177 175 181 225 231 225 191 126 124 172 196 215 201 221 235 245 247 247
-9999 -9999 -9999 -9999 -9999 -9999 -9999 -9999 -9999 -9999 -9999 -9999 -9999 -9999 -9999 -9999 -9999 -9999 -9999 -9999 -9999 -9999 -9999 -9999 -9999 -9999 -9999 -9999 -9999 -9999 -9999 -9999 -9999 -9999 -9999 -9999 -9999 -9999 -9999 -9999 254 253 254 255 256 256 257 256 256 256 258 252 241 223 215 178 124 167 218 247 232 209 187 148 82 73 83 100 125 148 147 158 157 205 226 224 204 159 117 158 200 215 209 188 223 245 247 247 244
-9999 -9999 -9999 -9999 -9999 -9999 -9999 -9999 -9999 -9999 -9999 -9999 -9999 -9999 -9999 -9999 -9999 -9999 -9999 -9999 -9999 -9999 -9999 -9999 -9999 -9999 -9999 -9999 -9999 -9999 -9999 -9999 -9999 -9999 -9999 -9999 -9999 -9999 -9999 -9999 253 252 255 255 256 256 257 256 256 256 255 239 226 235 212 162 174 208 247 246 220 168 145 103 88 87 100 125 150 165 171 177 205 218 216 207 168 153 163 169 205 211 219 226 244 246 247 245 243
-9999 -9999 -9999 -9999 -9999 -9999 -9999 -9999 -9999 -9999 -9999 -9999 -9999 -9999 -9999 -9999 -9999 -9999 -9999 -9999 -9999 -9999 -9999 -9999 -9999 -9999 -9999 -9999 -9999 -9999 -9999 -9999 -9999 -9999 -9999 -9999 -9999 -9999 -9999 -9999 -9999 253 254 255 255 256 256 256 254 255 243 233 232 238 207 183 192 243 247 242 217 153 114 88 81 104 142 156 172 175 195 201 198 195 215 193 159 175 192 169 184 215 243 249 247 247 248 246 244
-9999 -9999 -9999 -9999 -9999 -9999 -9999 -9999 -9999 -9999 -9999 -9999 -9999 -9999 -9999 -9999 -9999 -9999 -9999 -9999 -9999 -9999 -9999 -9999 -9999 -9999 -9999 -9999 -9999 -9999 -9999 -9999 -9999 -9999 -9999 -9999 -9999 -9999 -9999 -9999 -9999 254 253 255 256 256 256 256 255 251 244 245 244 241 225 198 230 239 236 231 192 188 147 104 80 79 132 167 179 190 200 203 187 196 205 164 172 207 195 196 208 245 250 249 247 247 248 246 244
-9999 -9999 -9999 -9999 -9999 -9999 -9999 -9999 -9999 -9999 -9999 -9999 -9999 -9999 -9999 -9999 -9999 -9999 -9999 -9999 -9999 -9999 -9999 -9999 -9999 -9999 -9999 -9999 -9999 -9999 -9999 -9999 -9999 -9999 -9999 -9999 -9999 -9999 253 -9999 254 254 254 254 256 256 255 255 253 246 244 239 238 234 210 184 237 231 225 207 173 155 136 104 107 106 123 130 155 181 192 188 191 197 172 169 203 224 216 201 222 249 249 249 248 247 248 247 245
-9999 -9999 -9999 -9999 -9999 -9999 -9999 -9999 -9999 -9999 -9999 -9999 -9999 -9999 -9999 -9999 -9999 -9999 -9999 -9999 -9999 -9999 -9999 -9999 -9999 -9999 -9999 -9999 -9999 -9999 -9999 -9999 -9999 -9999 -9999 -9999 -9999 252 253 253 253 253 253 253 254 255 255 255 252 243 246 222 194 229 209 201 234 223 211 171 139 112 92 108 145 162 124 118 129 166 182 187 189 180 195 199 232 235 224 204 234 248 248 248 248 247 248 247 245
-9999 -9999 -9999 -9999 -9999 -9999 -9999 -9999 -9999 -9999 -9999 -9999 -9999 -9999 -9999 -9999 -9999 -9999 -9999 -9999 -9999 -9999 -9999 -9999 -9999 -9999 -9999 -9999 -9999 -9999 -9999 -9999 -9999 -9999 -9999 -9999 252 252 252 252 252 251 251 251 252 253 252 254 249 248 238 207 160 174 221 222 226 211 193 159 145 83 97 105 144 171 152 136 149 145 157 174 204 222 225 223 246 246 238 208 242 248 247 248 248 247 248 247 246
-9999 -9999 -9999 -9999 -9999 -9999 -9999 -9999 -9999 -9999 -9999 -9999 -9999 -9999 -9999 -9999 -9999 -9999 -9999 -9999 -9999 -9999 -9999 -9999 -9999 -9999 -9999 -9999 -9999 -9999 -9999 -9999 -9999 -9999 -9999 -9999 -9999 252 252 252 252 251 249 247 246 248 244 245 242 242 228 192 144 155 219 219 194 156 151 142 110 83 118 137 183 198 174 168 167 136 147 179 215 238 236 243 251 251 243 239 247 247 247 247 248 247 248 246 246
-9999 -9999 -9999 -9999 -9999 -9999 -9999 -9999 -9999 -9999 -9999 -9999 -9999 -9999 -9999 -9999 -9999 -9999 -9999 -9999 -9999 -9999 -9999 -9999 -9999 -9999 -9999 -9999 -9999 -9999 -9999 -9999 -9999 -9999 -9999 -9999 -9999 -9999 253 253 252 250 246 242 238 237 232 236 229 231 222 191 150 188 204 175 198 184 183 157 98 99 135 192 221 196 201 191 170 170 167 193 224 241 244 250 251 250 250 247 247 247 247 247 248 247 248 246 245
-9999 -9999 -9999 -9999 -9999 -9999 -9999 -9999 -9999 -9999 -9999 -9999 -9999 -9999 -9999 -9999 -9999 -9999 -9999 -9999 -9999 -9999 -9999 -9999 -9999 -9999 -9999 -9999 -9999 -9999 -9999 -9999 -9999 -9999 -9999 -9999 -9999 -9999 254 253 251 250 247 241 234 228 218 221 211 210 213 184 153 182 193 153 173 162 158 154 92 113 134 152 208 226 202 203 174 187 177 213 237 246 248 249 249 249 249 248 247 247 246 246 247 247 247 246 245
-9999 -9999 -9999 -9999 -9999 -9999 -9999 -9999 -9999 -9999 -9999 -9999 -9999 -9999 -9999 -9999 -9999 -9999 -9999 -9999 -9999 -9999 -9999 -9999 -9999 -9999 -9999 -9999 -9999 -9999 -9999 -9999 -9999 -9999 -9999 -9999 256 256 255 252 249 250 247 243 229 220 210 188 186 191 181 156 158 173 174 140 141 119 115 120 108 84 134 153 206 228 223 198 204 210 220 231 244 246 246 247 247 248 248 247 247 247 246 245 245 247 247 246 245
-9999 -9999 -9999 -9999 -9999 -9999 -9999 -9999 -9999 -9999 -9999 -9999 -9999 -9999 -9999 -9999 -9999 -9999 -9999 -9999 -9999 -9999 -9999 -9999 -9999 -9999 -9999 -9999 -9999 -9999 -9999 -9999 -9999 -9999 -9999 256 256 257 255 254 248 245 243 234 232 219 198 191 179 165 138 122 132 151 166 83 122 106 82 106 140 128 156 191 221 211 186 192 225 232 243 246 246 246 246 246 247 248 247 247 246 247 246 245 245 246 248 246 245
-9999 -9999 -9999 -9999 -9999 -9999 -9999 -9999 -9999 -9999 -9999 -9999 -9999 -9999 -9999 -9999 -9999 -9999 -9999 -9999 -9999 -9999 -9999 -9999 -9999 -9999 -9999 -9999 -9999 -9999 -9999 -9999 -9999 -9999 256 256 257 257 256 254 249 240 240 232 222 210 180 189 170 151 115 85 99 123 160 113 105 97 108 124 148 124 115 203 224 219 195 232 244 246 247 247 247 246 245 245 246 246 247 247 246 247 246 244 245 246 248 247 245
-9999 -9999 -9999 -9999 -9999 -9999 -9999 -9999 -9999 -9999 -9999 -9999 -9999 -9999 -9999 -9999 -9999 -9999 -9999 -9999 -9999 -9999 -9999 -9999 -9999 -9999 -9999 -9999 -9999 -9999 250 250 252 253 254 255 256 256 256 253 246 234 232 220 210 199 191 177 162 113 96 96 105 122 160 115 94 98 111 101 122 165 179 212 235 234 241 245 246 246 247 247 247 246 246 246 245 246 246 247 246 247 246 245 245 244 246 247 246
-9999 -9999 -9999 -9999 -9999 -9999 -9999 -9999 -9999 -9999 -9999 -9999 -9999 -9999 -9999 -9999 -9999 -9999 -9999 -9999 -9999 -9999 -9999 -9999 -9999 -9999 -9999 246 249 245 246 248 250 251 253 255 254 254 252 248 239 226 214 193 196 192 180 144 108 67 87 101 94 105 133 81 88 97 107 102 143 170 186 229 241 241 242 246 246 246 246 246 246 246 246 246 246 245 245 246 247 246 245 245 244 245 245 247 246
-9999 -9999 -9999 -9999 -9999 -9999 -9999 -9999 -9999 -9999 -9999 -9999 -9999 -9999 -9999 -9999 -9999 -9999 -9999 -9999 -9999 -9999 -9999 -9999 -9999 -9999 245 244 246 238 242 248 246 249 253 254 254 251 249 239 223 212 216 195 178 168 165 154 80 73 99 102 109 122 99 87 120 94 120 150 189 211 226 240 242 242 241 244 244 245 245 245 245 246 246 246 247 246 245 246 246 247 245 244 244 245 245 247 247
-9999 -9999 -9999 -9999 -9999 -9999 -9999 -9999 -9999 -9999 -9999 -9999 -9999 -9999 -9999 -9999 -9999 -9999 -9999 -9999 -9999 -9999 -9999 241 244 244 239 240 244 244 244 247 244 248 251 252 252 252 243 223 207 190 204 204 202 184 154 113 54 80 101 104 108 105 86 115 158 131 176 199 218 231 240 242 242 243 242 243 243 243 244 245 245 245 246 246 246 247 246 246 246 247 245 245 244 245 245 246 248
-9999 -9999 -9999 -9999 -9999 -9999 -9999 -9999 -9999 -9999 -9999 -9999 -9999 -9999 -9999 -9999 -9999 -9999 -9999 -9999 -9999 -9999 -9999 240 242 241 237 239 235 247 239 245 244 247 246 247 251 247 235 221 201 191 192 181 168 192 157 74 69 66 83 94 90 105 111 111 132 183 204 222 233 239 242 243 243 242 242 243 243 244 244 245 245 245 246 246 246 246 246 246 247 246 246 245 244 245 246 246 247
-9999 -9999 -9999 -9999 -9999 -9999 -9999 -9999 -9999 -9999 -9999 -9999 -9999 -9999 -9999 -9999 -9999 -9999 -9999 -9999 -9999 -9999 -9999 -9999 245 243 235 234 236 247 242 242 242 239 244 247 239 229 221 216 206 187 162 144 145 162 177 104 101 88 110 94 84 106 121 83 162 198 222 227 232 238 242 242 243 242 242 243 243 243 244 245 244 245 246 246 246 245 245 245 247 247 246 245 245 246 247 247 247
-9999 -9999 -9999 -9999 -9999 -9999 -9999 -9999 -9999 -9999 -9999 -9999 -9999 -9999 -9999 -9999 -9999 -9999 -9999 -9999 -9999 -9999 -9999 -9999 245 244 237 236 239 242 245 240 235 238 237 232 223 206 190 201 188 152 110 84 91 140 176 150 119 117 113 84 73 129 105 139 192 222 232 232 235 239 241 242 242 242 242 243 244 243 244 245 245 245 245 246 246 247 246 246 247 248 247 246 245 246 247 247 247
-9999 -9999 -9999 -9999 -9999 -9999 -9999 -9999 -9999 -9999 -9999 -9999 -9999 -9999 -9999 -9999 -9999 -9999 -9999 -9999 -9999 -9999 -9999 244 243 242 234 229 235 240 243 244 241 240 238 231 212 178 166 181 146 149 124 74 76 152 179 182 166 124 85 124 114 164 137 176 215 235 238 237 239 241 241 242 242 242 243 244 245 244 245 245 244 244 245 246 246 246 247 247 247 248 247 247 247 247 247 248 247
-9999 -9999 -9999 -9999 -9999 -9999 -9999 -9999 -9999 -9999 -9999 -9999 -9999 -9999 -9999 -9999 -9999 -9999 -9999 -9999 -9999 -9999 -9999 -9999 243 241 231 228 235 243 245 244 243 242 240 230 201 178 155 153 135 167 154 81 116 156 160 135 153 125 80 123 154 163 170 200 230 236 240 240 241 241 241 242 242 242 243 243 244 245 245 245 245 244 245 246 246 247 246 246 247 247 247 248 248 247 248 248 247
-9999 -9999 -9999 -9999 -9999 -9999 -9999 -9999 -9999 -9999 -9999 -9999 -9999 -9999 -9999 -9999 -9999 -9999 -9999 -9999 -9999 -9999 -9999 -9999 245 242 230 230 241 243 244 243 242 240 236 230 215 194 188 181 177 174 129 98 138 124 133 85 116 96 97 153 171 188 212 220 231 237 240 241 242 242 242 242 242 242 242 243 244 244 245 246 245 245 245 245 246 246 247 247 247 246 246 248 248 247 248 248 247
-9999 -9999 -9999 -9999 -9999 -9999 -9999 -9999 -9999 -9999 -9999 -9999 -9999 -9999 -9999 -9999 -9999 -9999 -9999 -9999 -9999 -9999 -9999 -9999 -9999 239 231 237 241 242 243 243 242 238 231 228 222 215 200 201 194 173 134 124 122 123 101 77 73 86 139 174 202 213 225 225 229 237 238 240 240 241 241 241 242 243 243 244 245 245 245 246 247 245 245 245 245 246 246 247 247 247 247 247 248 249 248 249 247
-9999 -9999 -9999 -9999 -9999 -9999 -9999 -9999 -9999 -9999 -9999 -9999 -9999 -9999 -9999 -9999 -9999 -9999 -9999 -9999 -9999 -9999 -9999 244 240 234 230 237 240 242 241 241 240 238 229 222 217 199 184 186 183 172 167 150 76 94 98 79 68 84 105 177 188 209 227 222 223 235 238 240 240 240 240 241 241 242 241 243 244 244 245 245 247 247 247 246 246 246 246 246 247 248 248 248 248 248 247 249 248
-9999 -9999 -9999 -9999 -9999 -9999 -9999 -9999 -9999 -9999 -9999 -9999 -9999 -9999 -9999 -9999 -9999 -9999 -9999 -9999 -9999 -9999 -9999 239 234 236 234 236 241 240 240 239 236 232 226 219 210 200 180 171 161 145 148 152 127 130 117 43 38 100 133 148 188 203 217 230 230 237 238 239 239 240 241 242 241 242 241 242 244 245 244 244 245 247 247 247 247 247 247 247 248 248 248 249 249 249 248 249 247
