bio_clim/bio_18.asc
ncols         156
nrows         252
xllcorner     -82
yllcorner     -8
cellsize      0.083333337679505
NODATA_value  -9999
[rows 195 to 233 of 252, columns 0 to 87 of 156]
-9999 -9999 -9999 -9999 -9999 -9999 -9999 -9999 -9999 -9999 -9999 -9999 -9999 -9999 -9999 -9999 -9999 -9999 -9999 -9999 -9999 -9999 -9999 266 295 329 380 465 391 46 34 31 57 134 199 194 228 197 193 326 515 570 536 593 584 638 689 692 595 557 580 585 585 592 598 602 603 604 602 599 593 586 578 568 560 556 525 522 520 521 523 527 529 533 538 542 547 552 559 566 628 639 649 661 674 686 658 674
-9999 -9999 -9999 -9999 -9999 -9999 -9999 -9999 -9999 -9999 -9999 -9999 -9999 -9999 -9999 -9999 -9999 -9999 -9999 -9999 182 210 243 277 309 344 402 502 428 47 36 86 116 137 181 200 241 215 268 298 497 559 541 543 655 651 682 676 586 556 582 584 586 591 598 600 602 601 600 595 589 582 573 564 553 543 535 529 515 515 518 521 525 528 533 537 542 547 552 560 623 633 644 656 670 684 698 675
-9999 -9999 -9999 -9999 -9999 -9999 -9999 -9999 -9999 -9999 -9999 -9999 -9999 -9999 -9999 -9999 -9999 -9999 -9999 -9999 179 219 259 299 340 414 418 480 90 162 168 92 119 169 131 185 225 228 285 501 509 465 535 559 639 675 647 591 567 561 580 596 586 592 597 602 602 600 598 593 587 580 570 561 550 540 544 538 535 534 514 518 521 525 528 532 538 541 548 555 563 626 639 652 666 680 661 679
-9999 -9999 -9999 -9999 -9999 -9999 -9999 -9999 -9999 -9999 -9999 -9999 -9999 -9999 -9999 -9999 -9999 -9999 129 152 193 242 298 353 422 528 531 57 92 195 206 177 166 158 175 200 366 300 252 530 524 444 543 579 608 616 576 572 573 568 570 594 592 594 599 602 602 601 598 593 587 578 569 560 549 539 547 541 538 535 514 516 519 523 525 529 533 538 543 549 557 621 633 648 620 678 692 681
-9999 -9999 -9999 -9999 -9999 -9999 -9999 -9999 -9999 -9999 -9999 -9999 -9999 -9999 -9999 -9999 -9999 130 145 179 230 283 371 453 514 582 539 32 76 78 183 206 170 167 200 218 443 404 443 559 514 481 604 586 558 612 585 570 575 577 575 587 624 600 603 604 603 602 600 593 588 580 570 561 551 542 523 545 541 514 515 516 517 521 523 526 530 583 537 543 603 615 629 598 618 675 689 705
-9999 -9999 -9999 -9999 -9999 -9999 -9999 -9999 -9999 -9999 -9999 -9999 -9999 -9999 -9999 100 132 174 172 223 297 357 428 558 725 698 604 109 113 133 123 200 192 191 201 222 359 517 536 556 523 555 611 583 548 619 578 591 595 589 582 591 640 608 608 608 607 605 602 597 589 582 574 582 555 534 528 552 519 518 542 518 519 521 562 526 527 531 534 539 599 608 573 594 654 638 687 684
-9999 -9999 -9999 -9999 -9999 -9999 -9999 -9999 -9999 -9999 -9999 -9999 -9999 -9999 93 111 162 198 227 328 436 524 606 737 812 815 637 217 111 140 136 196 198 206 210 232 332 497 521 509 553 615 576 581 537 596 596 591 596 602 590 602 645 614 613 612 611 609 605 600 593 586 577 570 580 572 564 527 525 521 520 519 521 521 523 566 528 531 534 590 544 554 620 593 652 636 684 681
-9999 -9999 -9999 -9999 -9999 -9999 -9999 -9999 -9999 -9999 -9999 -9999 -9999 -9999 114 152 187 250 326 531 604 663 721 792 867 697 92 110 121 81 142 214 213 228 257 272 346 470 495 525 574 584 504 606 547 593 627 633 624 604 597 604 625 633 619 618 615 613 610 605 599 591 583 575 587 579 571 545 559 526 524 523 549 523 524 526 571 576 582 589 547 608 575 595 614 634 679 675
-9999 -9999 -9999 -9999 -9999 -9999 -9999 -9999 -9999 -9999 -9999 -9999 82 104 145 194 233 323 410 483 591 660 828 944 922 47 52 59 67 80 141 139 232 236 243 302 322 440 480 507 545 528 570 603 604 594 620 642 649 616 606 613 621 653 627 624 622 618 615 610 604 619 590 581 595 586 579 572 566 530 527 526 526 526 526 566 570 534 582 589 598 608 578 596 614 633 675 668
-9999 -9999 -9999 -9999 -9999 -9999 -9999 -9999 -9999 -9999 -9999 -9999 84 116 161 210 294 375 441 547 583 683 849 914 42 44 85 96 69 106 129 123 236 250 243 290 368 419 443 500 530 554 589 582 614 612 629 622 641 618 614 622 630 658 635 633 630 624 621 616 611 604 618 610 580 594 586 579 539 567 532 529 529 528 529 529 532 575 583 590 599 567 582 596 614 660 648 664
-9999 -9999 -9999 -9999 -9999 -9999 -9999 -9999 -9999 -9999 -9999 71 90 124 171 292 466 406 440 526 548 622 757 835 37 166 163 50 61 98 140 208 224 256 238 274 352 346 380 461 527 550 574 585 588 607 631 636 627 621 625 631 639 659 641 640 636 631 627 623 617 611 625 618 588 581 573 587 579 574 569 565 531 530 530 532 534 539 544 591 599 571 620 598 614 630 645 659
-9999 -9999 -9999 -9999 -9999 -9999 -9999 -9999 -9999 -9999 59 78 89 119 210 370 432 356 410 438 491 523 632 660 706 769 41 53 90 112 254 236 181 233 242 272 318 341 418 467 519 545 568 578 594 611 609 639 636 629 635 639 655 657 646 643 640 636 634 629 624 618 612 604 596 587 579 571 586 557 573 536 533 533 533 533 536 541 546 590 600 573 585 600 614 629 644 657
-9999 -9999 -9999 -9999 -9999 -9999 -9999 -9999 -9999 48 57 71 94 132 234 339 296 304 330 379 410 427 451 542 653 41 41 66 65 82 223 246 227 236 252 270 307 343 399 481 511 535 561 578 595 614 625 641 647 639 645 646 657 660 655 650 646 643 639 636 631 625 619 613 604 596 587 578 591 584 579 538 535 535 534 535 538 542 547 556 564 575 587 601 614 629 643 654
-9999 -9999 -9999 -9999 -9999 -9999 -9999 -9999 -9999 40 48 62 83 126 240 227 230 233 270 324 325 349 382 479 450 338 406 64 58 86 184 227 244 271 267 307 323 346 401 477 503 532 560 584 604 620 636 648 652 650 652 654 661 661 658 655 651 648 646 642 638 632 627 620 612 603 615 585 576 589 546 541 571 567 535 536 539 543 548 557 565 576 589 601 615 640 641 653
-9999 -9999 -9999 -9999 -9999 -9999 -9999 -9999 30 34 42 53 73 127 157 164 180 189 216 235 260 284 308 422 374 274 373 405 130 176 172 222 221 250 276 303 326 343 409 435 494 529 563 585 606 630 646 655 659 659 658 659 663 661 657 657 654 652 650 647 644 640 634 628 620 611 621 592 603 593 548 579 572 569 535 536 539 568 549 557 567 577 589 601 630 625 639 651
-9999 -9999 -9999 -9999 -9999 -9999 -9999 -9999 -9999 28 37 56 96 107 113 128 141 165 175 195 213 240 282 342 410 358 352 61 167 147 192 224 237 251 278 288 323 338 365 411 459 527 565 560 617 644 654 663 664 664 665 667 662 663 659 657 656 654 654 652 649 646 642 636 628 618 628 617 606 575 588 557 574 568 566 536 538 542 549 556 567 578 589 602 615 623 637 650
-9999 -9999 -9999 -9999 -9999 -9999 -9999 -9999 18 23 34 65 112 113 88 103 123 134 153 168 179 217 327 330 398 520 405 162 165 198 216 213 232 261 270 290 312 337 352 386 465 512 565 547 598 651 659 671 669 668 669 662 664 664 660 657 657 655 656 654 654 652 649 644 636 625 613 620 589 599 568 558 574 569 566 564 536 541 547 555 565 576 589 602 609 622 635 648
-9999 -9999 -9999 -9999 -9999 -9999 -9999 -9999 17 21 30 47 61 67 71 83 98 117 137 151 166 187 245 391 531 514 368 371 395 198 195 201 228 264 259 286 322 335 356 391 435 511 518 553 612 658 666 674 673 670 646 643 662 659 659 655 655 655 655 656 656 656 655 652 644 631 618 604 612 579 590 559 574 542 536 531 533 539 572 578 564 576 587 620 608 620 633 645
-9999 -9999 -9999 -9999 -9999 -9999 -9999 -9999 -9999 21 28 38 48 58 61 73 79 93 116 141 162 183 277 440 530 483 518 347 363 398 238 235 245 242 244 275 311 327 352 380 425 495 491 569 652 672 665 674 668 665 613 648 655 653 653 652 652 653 654 655 655 658 660 659 649 635 620 625 613 581 569 558 547 539 532 557 530 535 568 577 558 569 608 601 606 618 630 642
-9999 -9999 -9999 -9999 -9999 -9999 -9999 -9999 -9999 -9999 26 33 40 47 53 59 65 74 101 133 158 177 271 483 516 402 477 322 334 166 268 213 246 237 229 260 297 325 344 378 418 485 478 576 628 647 658 665 659 655 595 628 634 644 644 645 646 647 649 651 653 656 658 659 649 634 621 607 594 581 569 557 546 535 529 553 553 527 535 544 556 598 587 592 605 617 628 639
-9999 -9999 -9999 -9999 -9999 -9999 -9999 -9999 -9999 -9999 -9999 33 38 43 47 52 57 71 95 127 154 171 212 416 523 438 395 467 317 342 329 263 213 213 220 253 290 323 337 365 397 457 473 571 576 585 619 647 643 629 575 591 613 625 634 635 638 639 642 645 647 650 651 649 642 631 620 607 595 581 569 556 544 532 523 548 518 522 531 542 561 600 580 591 603 616 627 636
-9999 -9999 -9999 -9999 -9999 -9999 -9999 -9999 -9999 -9999 -9999 30 35 37 41 45 52 67 90 116 140 159 185 284 449 508 458 428 392 350 300 239 260 246 214 242 273 309 331 345 364 407 488 562 584 493 521 599 596 510 500 531 561 588 614 623 626 629 633 636 640 641 641 640 633 626 616 604 594 581 569 556 543 530 516 510 510 517 528 541 553 567 580 592 603 615 625 634
-9999 -9999 -9999 -9999 -9999 -9999 -9999 -9999 -9999 -9999 24 27 30 33 36 39 46 62 86 110 128 145 166 194 273 415 465 412 403 323 350 246 268 236 216 241 265 299 319 337 357 384 430 509 543 531 496 543 581 539 483 495 541 551 556 601 613 617 623 626 629 632 632 629 626 619 612 603 592 583 570 558 545 529 514 501 502 512 528 541 555 568 581 532 606 616 626 634
-9999 -9999 -9999 -9999 -9999 -9999 -9999 -9999 -9999 20 25 28 31 30 32 35 40 55 80 103 119 135 155 176 197 247 357 406 393 346 226 346 245 270 252 258 261 283 309 330 343 361 424 479 509 490 487 475 474 520 492 468 523 518 527 538 575 594 609 615 618 620 621 620 616 612 607 600 592 584 574 563 550 534 516 501 502 515 530 545 558 573 585 597 539 549 556 633
-9999 -9999 -9999 -9999 -9999 -9999 -9999 -9999 -9999 -9999 -9999 27 27 26 28 31 37 50 73 96 111 126 141 165 183 259 234 290 380 334 325 237 249 215 222 275 276 278 297 315 334 343 395 407 421 416 403 421 394 428 425 434 486 459 484 515 515 529 567 597 606 608 612 611 609 605 602 598 592 586 580 569 560 546 531 518 517 526 539 551 565 577 526 534 542 549 555 560
-9999 -9999 -9999 -9999 -9999 -9999 -9999 -9999 -9999 -9999 -9999 -9999 23 25 25 28 34 46 65 86 104 118 128 140 183 208 242 294 360 354 336 264 253 253 206 239 272 262 276 298 317 327 354 346 352 353 364 367 354 375 385 388 423 417 437 487 515 512 515 521 552 595 601 602 601 600 597 595 592 589 584 580 573 564 553 541 537 498 550 561 572 521 529 537 617 550 556 561
-9999 -9999 -9999 -9999 -9999 -9999 -9999 -9999 -9999 -9999 -9999 -9999 -9999 23 24 26 32 43 59 75 95 109 119 129 168 229 257 259 354 336 354 247 366 262 216 214 232 245 259 272 289 302 315 321 330 327 334 342 334 345 349 361 381 384 391 419 475 497 495 516 502 508 584 593 594 594 593 592 591 590 589 587 587 583 571 560 556 557 515 518 522 527 534 615 624 632 558 561
-9999 -9999 -9999 -9999 -9999 -9999 -9999 -9999 -9999 -9999 -9999 -9999 -9999 22 24 27 31 40 52 68 84 97 111 126 163 236 291 260 337 334 393 319 371 360 260 241 250 245 243 256 261 271 289 313 328 312 310 308 318 318 331 343 366 357 373 403 427 428 450 473 475 465 509 584 588 590 591 591 591 592 593 593 593 591 582 574 535 529 527 528 592 534 612 623 550 556 560 562
-9999 -9999 -9999 -9999 -9999 -9999 -9999 -9999 -9999 -9999 -9999 -9999 -9999 -9999 25 27 30 39 47 58 74 85 100 112 127 139 209 272 324 389 371 299 354 362 236 262 259 251 227 219 221 237 244 282 310 331 330 299 299 292 306 321 345 351 364 379 384 394 417 429 452 448 447 553 581 586 589 591 592 593 594 564 567 592 560 550 542 581 536 536 538 540 544 550 556 559 562 565
-9999 -9999 -9999 -9999 -9999 -9999 -9999 -9999 -9999 -9999 -9999 -9999 -9999 -9999 23 26 30 36 43 52 63 76 86 98 109 121 156 265 371 413 378 305 354 371 227 237 262 243 202 185 189 204 216 222 245 286 324 284 277 275 299 303 323 360 392 408 403 431 436 443 420 418 440 522 573 579 585 589 593 596 597 598 560 560 556 550 547 544 542 541 542 546 549 553 559 563 565 568
-9999 -9999 -9999 -9999 -9999 -9999 -9999 -9999 -9999 -9999 -9999 -9999 -9999 21 24 25 29 34 39 47 55 65 74 84 104 109 133 206 327 390 325 283 335 341 250 207 249 263 186 166 196 182 188 190 199 229 291 309 269 267 308 286 314 316 362 405 428 434 436 443 440 414 406 464 537 573 579 588 591 596 552 553 555 554 552 549 546 545 545 547 547 551 636 647 657 567 568 569
-9999 -9999 -9999 -9999 -9999 -9999 -9999 -9999 -9999 -9999 20 28 20 20 23 26 28 32 37 41 49 57 65 74 87 100 114 153 235 314 388 301 292 285 237 185 196 207 153 140 214 256 259 237 185 175 230 280 258 271 272 342 298 296 322 372 421 437 436 418 420 401 384 451 496 534 570 586 592 596 549 549 549 549 548 548 547 548 548 550 551 553 557 561 565 569 570 570
-9999 -9999 -9999 -9999 -9999 -9999 -9999 -9999 -9999 -9999 21 37 27 22 23 25 27 30 34 39 45 51 58 66 79 124 136 141 233 295 375 336 300 262 286 222 222 166 206 146 143 248 267 278 259 220 238 258 247 314 322 338 356 345 303 327 399 434 437 417 385 391 369 395 423 481 570 586 593 553 552 551 548 543 543 544 547 549 550 552 555 556 559 563 568 571 571 570
-9999 -9999 -9999 -9999 -9999 -9999 -9999 -9999 -9999 -9999 -9999 29 29 20 20 23 25 29 32 35 40 47 53 59 69 98 111 144 185 282 341 365 349 303 243 241 182 169 199 199 225 163 218 241 321 247 243 307 249 285 299 326 411 417 377 313 351 425 434 405 392 384 366 366 402 426 550 587 565 567 567 562 551 542 540 543 546 550 552 554 555 558 560 564 569 571 570 568
-9999 -9999 -9999 -9999 -9999 -9999 -9999 -9999 -9999 -9999 -9999 -9999 18 18 20 23 24 27 29 33 36 41 45 51 59 76 135 111 167 287 379 427 405 330 280 266 283 256 210 231 155 167 143 219 268 266 277 314 264 251 258 347 379 408 396 309 311 372 412 393 363 376 364 373 375 412 494 554 635 589 586 575 562 547 542 544 549 552 554 556 556 558 559 563 565 567 567 565
-9999 -9999 -9999 -9999 -9999 -9999 -9999 -9999 -9999 -9999 -9999 -9999 -9999 18 19 21 23 25 27 29 32 35 39 45 51 66 89 91 148 299 360 395 395 374 314 274 284 198 243 235 231 169 183 146 223 269 294 290 250 246 253 267 294 326 357 303 299 318 370 345 334 341 368 380 374 425 453 530 592 609 602 588 574 561 546 548 554 556 557 556 556 556 558 560 562 563 562 561
-9999 -9999 -9999 -9999 -9999 -9999 -9999 -9999 -9999 -9999 -9999 -9999 -9999 -9999 19 20 21 23 25 27 28 31 35 39 44 54 68 79 101 234 349 350 358 387 324 298 282 293 337 236 242 201 213 170 185 227 255 310 254 291 344 280 317 283 296 323 313 304 315 317 322 326 327 351 373 360 379 432 588 612 603 591 584 581 564 560 560 560 558 555 554 554 556 557 558 557 558 558
-9999 -9999 -9999 -9999 -9999 -9999 -9999 -9999 -9999 -9999 -9999 -9999 -9999 -9999 -9999 -9999 21 21 22 24 26 28 30 34 38 47 56 88 106 209 230 326 353 392 340 325 291 321 322 313 258 284 232 212 171 211 235 337 291 270 347 299 266 266 278 299 329 315 307 317 320 321 316 323 383 378 372 384 447 434 548 577 583 585 576 568 563 562 557 554 552 552 552 552 553 553 553 554
-9999 -9999 -9999 -9999 -9999 -9999 -9999 -9999 -9999 -9999 -9999 -9999 -9999 -9999 -9999 -9999 -9999 -9999 -9999 22 23 24 26 28 33 38 45 59 74 156 229 341 348 340 334 353 302 306 351 364 318 320 246 309 215 174 213 337 337 273 340 318 262 266 273 279 306 316 317 309 317 322 335 347 343 352 319 327 380 400 423 494 548 572 577 568 562 560 554 552 550 547 547 547 548 547 548 550
