bio_clim/bio_4.asc
ncols         156
nrows         252
xllcorner     -82
yllcorner     -8
cellsize      0.083333337679505
NODATA_value  -9999
[rows 156 to 194 of 252, columns 0 to 87 of 156]
-9999 -9999 -9999 -9999 -9999 -9999 -9999 -9999 -9999 -9999 -9999 -9999 -9999 -9999 -9999 -9999 -9999 -9999 -9999 -9999 -9999 -9999 684 667 669 666 666 692 714 725 748 756 757 707 648 570 475 287 249 166 141 119 121 149 149 215 312 443 471 445 303 387 345 274 278 307 326 345 347 388 398 415 409 415 433 435 446 439 440 452 469 463 489 491 512 511 551 548 582 621 630 660 688 693 715 733 745 748
-9999 -9999 -9999 -9999 -9999 -9999 -9999 -9999 -9999 -9999 -9999 -9999 -9999 -9999 -9999 -9999 -9999 -9999 -9999 -9999 -9999 705 667 668 661 663 696 698 709 729 753 757 739 731 653 606 510 275 185 152 146 180 167 196 153 374 433 454 492 491 295 368 337 322 325 319 340 363 350 374 405 402 417 423 422 425 423 455 450 434 466 455 467 484 505 520 547 558 621 611 632 671 702 718 761 776 771 752
-9999 -9999 -9999 -9999 -9999 -9999 -9999 -9999 -9999 -9999 -9999 -9999 -9999 -9999 -9999 -9999 -9999 -9999 -9999 -9999 752 707 656 644 666 666 687 688 708 725 745 738 733 720 644 548 480 309 164 144 166 176 184 214 217 428 459 446 470 456 352 292 335 335 338 330 345 362 384 387 410 396 409 411 437 439 441 438 465 452 473 473 458 496 500 530 566 563 584 633 633 655 699 730 760 798 788 759
-9999 -9999 -9999 -9999 -9999 -9999 -9999 -9999 -9999 -9999 -9999 -9999 -9999 -9999 -9999 -9999 -9999 -9999 -9999 776 722 668 668 653 660 669 660 693 720 720 744 733 735 691 628 488 364 258 175 146 157 149 204 179 312 457 478 492 502 383 327 342 401 357 349 354 361 382 390 415 394 403 395 408 426 437 435 443 444 471 476 485 453 489 511 531 556 567 578 609 657 658 701 732 740 774 791 766
-9999 -9999 -9999 -9999 -9999 -9999 -9999 -9999 -9999 -9999 -9999 -9999 -9999 -9999 -9999 -9999 -9999 -9999 835 772 686 659 668 636 640 639 666 671 705 720 757 761 761 687 497 330 281 253 202 155 198 146 171 171 422 457 475 486 531 409 343 472 477 429 348 362 374 388 411 429 409 391 423 419 447 437 440 434 433 454 488 476 480 504 507 524 558 583 613 608 632 681 689 733 752 774 755 760
-9999 -9999 -9999 -9999 -9999 -9999 -9999 -9999 -9999 -9999 -9999 -9999 -9999 -9999 -9999 -9999 -9999 -9999 874 778 686 646 622 616 608 641 657 672 702 730 780 789 777 620 309 201 229 184 192 183 155 143 268 312 471 482 479 466 442 377 436 527 416 411 381 374 361 382 401 419 409 401 407 445 419 438 457 465 444 465 468 476 495 512 525 548 550 580 589 610 640 665 691 704 742 752 753 758
-9999 -9999 -9999 -9999 -9999 -9999 -9999 -9999 -9999 -9999 -9999 -9999 -9999 -9999 -9999 -9999 -9999 -9999 -9999 801 738 656 641 617 605 621 632 672 680 708 773 803 769 607 461 220 195 180 198 206 223 212 315 456 486 520 524 549 541 442 522 478 535 425 377 384 403 395 435 420 433 411 427 445 427 450 447 475 467 455 463 466 484 514 499 546 537 559 567 623 662 665 680 710 732 730 737 739
-9999 -9999 -9999 -9999 -9999 -9999 -9999 -9999 -9999 -9999 -9999 -9999 -9999 -9999 -9999 -9999 -9999 -9999 891 853 736 660 656 646 594 610 627 628 645 693 755 790 770 745 446 202 209 210 215 275 209 295 436 485 496 531 541 574 554 479 452 411 435 423 383 386 395 410 436 431 421 413 435 442 468 450 463 471 487 489 483 484 489 514 523 540 527 560 590 597 637 653 665 713 714 705 733 734
-9999 -9999 -9999 -9999 -9999 -9999 -9999 -9999 -9999 -9999 -9999 -9999 -9999 -9999 -9999 -9999 -9999 -9999 800 743 731 701 693 636 606 605 604 604 617 676 717 762 792 766 550 273 201 238 222 270 269 295 409 476 480 525 526 551 535 455 364 382 373 390 405 390 400 426 422 443 443 429 435 428 446 482 464 477 467 471 483 515 503 516 551 535 551 556 581 598 638 665 678 672 699 706 725 726
-9999 -9999 -9999 -9999 -9999 -9999 -9999 -9999 -9999 -9999 -9999 -9999 -9999 -9999 -9999 -9999 -9999 -9999 762 671 691 661 661 620 561 568 582 565 576 644 705 770 807 773 537 209 243 256 266 309 342 359 410 495 522 545 554 481 495 393 379 379 395 406 420 421 408 422 435 444 461 445 442 446 480 457 479 479 472 485 509 497 523 516 542 534 559 553 573 626 663 670 660 682 696 699 701 704
-9999 -9999 -9999 -9999 -9999 -9999 -9999 -9999 -9999 -9999 -9999 -9999 -9999 -9999 -9999 -9999 -9999 805 750 690 641 636 620 585 575 571 537 524 541 592 679 750 814 807 550 218 261 287 312 358 433 423 460 502 520 556 592 427 472 388 377 390 415 409 413 409 421 435 423 450 449 461 446 456 452 492 496 478 466 486 484 514 496 527 540 553 577 585 599 625 664 681 663 677 687 678 676 685
-9999 -9999 -9999 -9999 -9999 -9999 -9999 -9999 -9999 -9999 -9999 -9999 -9999 -9999 904 909 849 766 744 659 606 597 581 579 560 537 531 525 506 595 682 773 812 801 428 239 281 309 350 427 525 494 471 512 560 619 611 423 461 366 407 417 401 426 407 437 431 435 435 449 454 449 457 459 471 480 480 480 475 486 493 509 498 538 531 545 591 616 620 653 638 681 673 656 661 690 670 693
-9999 -9999 -9999 -9999 -9999 -9999 -9999 -9999 -9999 -9999 -9999 -9999 -9999 880 830 789 767 713 724 656 616 594 578 565 570 572 557 566 562 642 742 793 780 547 293 243 320 317 346 469 567 579 565 542 579 608 506 418 395 386 402 409 421 417 416 433 444 439 466 469 479 451 470 456 478 465 485 504 493 500 507 499 504 535 546 581 595 616 623 646 645 669 664 667 682 653 652 681
-9999 -9999 -9999 -9999 -9999 -9999 -9999 -9999 -9999 -9999 -9999 -9999 -9999 901 866 836 770 719 706 658 637 605 615 596 599 616 628 664 677 746 793 832 830 676 357 240 357 351 340 417 576 641 528 535 609 646 574 541 395 399 413 428 428 411 425 434 433 433 456 471 467 454 475 463 472 481 478 487 490 510 507 503 523 554 544 560 575 605 622 646 654 645 637 662 673 660 634 621
-9999 -9999 -9999 -9999 -9999 -9999 -9999 -9999 -9999 -9999 -9999 -9999 -9999 -9999 953 860 760 711 736 725 701 674 638 640 625 641 685 732 744 798 831 845 846 734 293 263 381 346 376 507 676 724 573 535 611 679 690 507 408 400 411 415 433 419 430 433 433 451 442 459 462 480 473 464 471 473 492 492 515 521 516 536 528 526 532 569 574 601 618 624 640 647 645 613 652 646 643 626
-9999 -9999 -9999 -9999 -9999 -9999 -9999 -9999 -9999 -9999 -9999 -9999 -9999 -9999 -9999 866 722 727 720 738 760 724 694 676 670 684 713 753 799 791 830 860 754 516 261 324 363 333 446 596 687 705 682 691 650 646 697 472 414 412 420 426 430 446 436 452 438 451 455 466 455 479 464 463 468 468 486 502 523 516 511 528 515 547 551 544 567 579 604 618 631 633 625 614 618 636 625 617
-9999 -9999 -9999 -9999 -9999 -9999 -9999 -9999 -9999 -9999 -9999 -9999 -9999 -9999 -9999 911 788 692 668 731 821 773 735 712 714 732 756 785 811 831 851 847 734 467 278 327 298 323 339 452 640 674 659 642 644 491 594 447 437 425 426 417 429 430 433 452 460 458 458 463 463 480 486 484 463 488 492 492 517 528 535 534 524 542 542 550 547 570 579 601 621 621 602 608 604 627 598 575
-9999 -9999 -9999 -9999 -9999 -9999 -9999 -9999 -9999 -9999 -9999 -9999 -9999 -9999 -9999 841 821 746 727 787 800 788 759 741 727 750 791 813 841 850 856 876 777 547 258 320 313 315 315 438 510 608 608 638 664 489 446 435 437 416 407 422 431 429 452 455 461 443 455 450 457 476 465 480 463 482 492 512 514 548 519 534 530 516 554 560 544 559 574 568 582 588 616 616 614 622 595 566
-9999 -9999 -9999 -9999 -9999 -9999 -9999 -9999 -9999 -9999 -9999 -9999 -9999 -9999 1040 882 825 751 811 812 777 790 758 766 772 785 813 851 885 899 903 919 709 386 255 315 361 284 370 475 456 624 584 603 700 535 452 437 417 406 417 435 424 435 457 450 480 459 455 450 463 480 473 494 490 499 502 511 520 536 532 541 542 542 517 544 547 559 576 550 562 572 588 579 599 587 587 585
-9999 -9999 -9999 -9999 -9999 -9999 -9999 -9999 -9999 -9999 -9999 -9999 -9999 -9999 1055 905 828 809 855 828 790 757 753 744 753 805 842 889 920 934 957 949 902 520 243 275 317 272 371 526 635 594 423 478 612 527 420 410 427 393 411 431 436 450 468 443 480 486 469 465 478 490 492 489 491 489 488 517 514 530 522 542 541 523 525 544 547 557 567 553 551 541 569 557 560 569 570 564
-9999 -9999 -9999 -9999 -9999 -9999 -9999 -9999 -9999 -9999 -9999 -9999 -9999 -9999 1118 1016 886 822 811 796 785 742 726 713 734 821 860 902 960 995 1009 1027 991 435 245 266 290 252 330 437 604 422 379 467 563 549 423 379 405 398 407 425 466 456 455 455 471 473 486 463 483 463 497 517 520 497 519 517 520 531 513 545 517 530 536 546 545 552 554 567 557 541 548 567 538 545 547 528
-9999 -9999 -9999 -9999 -9999 -9999 -9999 -9999 -9999 -9999 -9999 -9999 -9999 -9999 -9999 1109 898 776 826 835 790 753 694 722 741 808 850 924 978 1023 1019 1047 1014 516 243 236 249 246 256 337 466 373 352 499 547 490 438 409 404 400 408 453 470 463 472 460 466 497 466 482 481 490 498 504 499 502 519 510 499 508 531 514 524 522 522 534 541 560 570 563 568 548 539 555 538 544 519 513
-9999 -9999 -9999 -9999 -9999 -9999 -9999 -9999 -9999 -9999 -9999 -9999 -9999 -9999 -9999 1193 1080 858 838 864 821 752 723 733 755 801 853 933 978 1030 1053 1052 1004 444 242 238 238 225 236 308 372 340 343 380 526 461 432 415 400 409 413 453 480 472 463 483 484 492 505 495 504 491 513 504 520 505 519 500 496 508 517 520 525 512 533 534 541 547 537 541 556 548 523 539 563 534 528 512
-9999 -9999 -9999 -9999 -9999 -9999 -9999 -9999 -9999 -9999 -9999 -9999 -9999 -9999 -9999 1276 1178 1050 906 856 854 802 760 771 782 836 882 953 1000 1032 1021 1036 1034 674 259 225 219 214 205 266 292 290 312 392 482 475 442 421 411 427 441 468 468 485 490 473 489 504 492 497 491 510 518 513 487 514 516 504 520 510 508 532 510 512 528 540 531 520 528 520 552 529 511 532 529 529 526 497
-9999 -9999 -9999 -9999 -9999 -9999 -9999 -9999 -9999 -9999 -9999 -9999 -9999 -9999 -9999 1346 1269 1163 1059 947 874 831 815 823 843 864 910 969 995 1028 1023 1039 1020 748 225 217 202 209 202 232 229 278 275 355 466 465 444 450 436 457 450 473 492 494 486 501 512 519 512 495 507 495 510 518 520 520 516 516 496 502 508 504 497 506 513 520 518 497 509 512 512 522 528 491 493 492 502 469
-9999 -9999 -9999 -9999 -9999 -9999 -9999 -9999 -9999 -9999 -9999 -9999 -9999 -9999 -9999 1404 1288 1218 1099 1023 927 902 854 859 881 912 929 963 997 1019 1002 1016 1001 933 413 361 175 211 247 175 218 234 297 403 454 434 449 439 473 469 477 484 506 527 512 544 536 519 523 492 497 520 523 528 520 515 514 502 487 511 495 501 484 491 498 517 528 501 502 492 482 497 500 491 485 492 494 469
-9999 -9999 -9999 -9999 -9999 -9999 -9999 -9999 -9999 -9999 -9999 -9999 1652 1608 1557 1469 1352 1302 1211 1114 1038 1000 973 959 958 965 964 994 1003 1008 1022 1000 977 934 800 292 205 186 209 206 218 271 322 418 441 449 458 475 472 491 515 503 522 525 522 529 535 509 504 515 501 513 515 518 511 494 502 505 502 506 494 487 492 492 492 511 511 504 514 508 502 491 505 494 487 480 485 461
-9999 -9999 -9999 -9999 -9999 -9999 -9999 -9999 -9999 -9999 -9999 -9999 -9999 1689 1625 1554 1470 1384 1294 1188 1156 1071 1043 1009 998 990 994 1009 1014 1026 1011 992 988 873 502 217 180 233 231 229 262 261 340 395 441 449 495 486 492 510 515 530 527 542 552 536 526 528 526 525 521 512 502 531 499 514 506 496 498 488 489 495 493 506 492 501 499 495 502 507 491 499 482 480 463 460 473 453
-9999 -9999 -9999 -9999 -9999 -9999 -9999 -9999 -9999 -9999 -9999 -9999 -9999 -9999 1693 1619 1518 1418 1343 1267 1216 1178 1107 1067 1042 1033 1023 991 991 991 998 977 887 548 184 212 272 266 259 242 258 298 349 409 441 479 558 515 506 526 525 551 533 561 557 535 542 533 541 540 521 516 518 531 523 502 506 510 486 494 501 486 492 496 484 491 492 507 512 501 499 482 459 463 452 444 444 423
-9999 -9999 -9999 -9999 -9999 -9999 -9999 -9999 -9999 -9999 -9999 -9999 -9999 -9999 -9999 -9999 -9999 1500 1369 1340 1276 1227 1180 1110 1074 1040 1046 1030 1037 989 976 927 801 346 179 333 330 271 272 297 341 357 341 406 441 526 593 512 517 541 540 557 560 558 563 537 523 538 539 539 521 527 531 531 501 512 507 501 487 518 499 499 499 500 499 484 487 487 487 494 484 470 464 464 453 459 426 437
-9999 -9999 -9999 -9999 -9999 -9999 -9999 -9999 -9999 -9999 -9999 -9999 -9999 -9999 -9999 -9999 -9999 -9999 1434 1398 1349 1282 1218 -9999 1125 1076 1059 1055 1050 1017 982 827 419 219 309 346 390 390 355 398 400 402 423 443 463 547 556 522 545 566 567 558 558 551 560 545 530 520 528 543 518 525 517 501 507 512 501 496 501 513 494 508 499 499 484 486 478 467 488 465 471 471 470 472 472 461 458 440
-9999 -9999 -9999 -9999 -9999 -9999 -9999 -9999 -9999 -9999 -9999 -9999 -9999 -9999 -9999 -9999 -9999 -9999 -9999 1467 1386 -9999 -9999 -9999 1155 1074 1075 1042 1091 989 637 263 206 407 359 345 410 426 415 441 473 437 419 462 491 590 548 515 559 571 576 558 547 557 548 550 536 517 517 519 510 519 511 516 516 507 507 504 501 504 509 508 517 490 491 485 469 489 475 476 474 474 474 469 469 454 454 439
-9999 -9999 -9999 -9999 -9999 -9999 -9999 -9999 -9999 -9999 -9999 -9999 -9999 -9999 -9999 -9999 -9999 -9999 -9999 -9999 1399 -9999 1267 1211 -9999 -9999 -9999 1063 957 607 175 175 422 366 382 446 535 573 535 488 494 468 490 560 621 618 517 525 592 591 578 564 556 557 545 548 545 521 524 514 505 539 519 499 510 500 498 478 488 482 498 519 517 490 483 478 473 469 501 470 474 451 463 462 442 447 442 426
-9999 -9999 -9999 -9999 -9999 -9999 -9999 -9999 -9999 -9999 -9999 -9999 -9999 -9999 -9999 -9999 -9999 -9999 -9999 -9999 -9999 1344 1280 1208 1150 -9999 1041 993 695 171 283 507 400 422 463 534 673 645 573 572 541 533 448 500 633 544 516 567 591 591 578 585 548 567 544 538 544 518 499 501 491 520 512 510 515 488 499 476 492 501 505 486 483 474 475 491 491 477 496 468 473 446 463 433 452 434 433 421
-9999 -9999 -9999 -9999 -9999 -9999 -9999 -9999 -9999 -9999 -9999 -9999 -9999 -9999 -9999 -9999 -9999 -9999 -9999 -9999 -9999 1355 1316 1245 -9999 -9999 1044 985 911 429 142 459 409 459 585 690 710 666 592 588 544 562 473 530 541 545 540 588 618 578 593 577 557 575 556 571 556 533 519 506 516 502 501 506 506 488 470 487 499 499 497 483 462 473 465 482 487 480 479 479 472 470 468 455 441 453 453 442
-9999 -9999 -9999 -9999 -9999 -9999 -9999 -9999 -9999 -9999 -9999 -9999 -9999 -9999 -9999 -9999 -9999 -9999 -9999 -9999 -9999 1349 1328 -9999 -9999 -9999 1013 964 783 160 225 488 477 559 658 703 719 677 651 586 560 576 466 482 509 586 540 603 603 580 587 558 565 565 550 549 523 523 508 517 506 493 501 524 494 477 482 468 491 499 487 470 472 465 487 488 462 494 497 485 475 479 464 462 464 453 433 425
-9999 -9999 -9999 -9999 -9999 -9999 -9999 -9999 -9999 -9999 -9999 -9999 -9999 -9999 -9999 -9999 -9999 -9999 -9999 -9999 -9999 -9999 -9999 -9999 -9999 -9999 1072 701 175 180 350 467 497 520 669 662 681 671 660 554 585 477 476 523 551 577 588 583 575 551 577 549 538 539 530 510 533 516 511 517 507 495 509 509 467 486 479 473 484 485 453 470 469 479 478 467 471 463 473 484 482 479 458 456 458 437 415 403
-9999 -9999 -9999 -9999 -9999 -9999 -9999 -9999 -9999 -9999 -9999 -9999 -9999 -9999 -9999 -9999 -9999 -9999 -9999 -9999 -9999 -9999 -9999 -9999 -9999 1239 1142 603 155 394 502 545 557 551 556 650 655 675 637 581 577 426 481 489 528 551 552 599 578 551 572 567 540 535 519 506 528 525 533 489 496 527 497 492 481 488 479 463 480 453 476 474 461 475 471 473 479 476 476 476 473 466 471 458 449 437 439 421
-9999 -9999 -9999 -9999 -9999 -9999 -9999 -9999 -9999 -9999 -9999 -9999 -9999 -9999 -9999 -9999 -9999 -9999 -9999 -9999 -9999 -9999 -9999 -9999 1373 1305 1207 188 186 206 425 368 235 198 538 616 637 622 574 482 526 407 500 489 525 562 542 576 556 558 556 561 542 513 507 522 507 516 497 498 499 492 490 479 480 453 473 448 475 495 454 478 475 473 465 463 476 482 474 465 471 447 465 464 459 446 454 430
