bio_clim/bio_18.asc
ncols         156
nrows         252
xllcorner     -82
yllcorner     -8
cellsize      0.083333337679505
NODATA_value  -9999
[rows 156 to 194 of 252, columns 0 to 87 of 156]
-9999 -9999 -9999 -9999 -9999 -9999 -9999 -9999 -9999 -9999 -9999 -9999 -9999 -9999 -9999 -9999 -9999 -9999 -9999 -9999 -9999 -9999 508 602 715 875 1019 1111 1201 1323 1439 1541 1645 1730 1773 1639 1321 1195 1060 760 531 444 356 273 261 332 324 306 304 275 285 308 398 688 841 717 734 776 821 864 904 914 897 876 859 841 824 800 777 750 723 696 607 583 563 541 521 503 487 473 459 449 441 487 488 493 500 510
-9999 -9999 -9999 -9999 -9999 -9999 -9999 -9999 -9999 -9999 -9999 -9999 -9999 -9999 -9999 -9999 -9999 -9999 -9999 -9999 -9999 446 567 621 763 884 1005 1137 1245 1372 1480 1557 1609 1633 1609 1550 1266 1140 1001 720 485 464 374 289 305 384 306 309 306 281 345 350 509 578 785 778 777 806 846 888 919 919 901 876 852 830 810 787 762 739 713 687 602 580 558 539 520 502 487 473 462 490 488 487 489 494 501 510
-9999 -9999 -9999 -9999 -9999 -9999 -9999 -9999 -9999 -9999 -9999 -9999 -9999 -9999 -9999 -9999 -9999 -9999 -9999 -9999 384 457 559 684 759 886 1033 1169 1299 1418 1504 1539 1567 1540 1464 1264 1166 1087 878 621 487 422 418 360 365 335 314 283 278 286 356 530 477 598 773 838 793 825 861 895 914 909 891 865 838 816 796 774 752 728 705 682 597 577 556 537 520 502 488 474 464 455 490 491 492 495 500 506
-9999 -9999 -9999 -9999 -9999 -9999 -9999 -9999 -9999 -9999 -9999 -9999 -9999 -9999 -9999 -9999 -9999 -9999 -9999 347 403 469 528 636 760 881 1040 1186 1303 1409 1491 1508 1520 1481 1404 1132 1034 1009 823 557 478 487 493 463 313 331 315 303 280 330 443 488 466 608 747 818 808 836 868 898 907 898 878 853 824 800 781 762 744 722 700 677 594 573 553 535 517 501 487 476 465 458 453 493 495 496 501 506
-9999 -9999 -9999 -9999 -9999 -9999 -9999 -9999 -9999 -9999 -9999 -9999 -9999 -9999 -9999 -9999 -9999 -9999 311 355 413 473 513 629 772 911 1062 1189 1271 1353 1438 1477 1489 1444 1143 1022 987 955 836 552 454 472 506 415 322 317 288 296 281 361 469 404 448 569 814 819 821 846 872 893 899 887 865 837 806 787 770 753 735 715 695 612 589 569 549 531 514 500 486 513 467 461 456 498 498 500 503 507
-9999 -9999 -9999 -9999 -9999 -9999 -9999 -9999 -9999 -9999 -9999 -9999 -9999 -9999 -9999 -9999 -9999 -9999 317 362 422 527 569 660 811 963 1078 1170 1256 1344 1427 1463 1470 1397 1034 889 940 879 721 532 421 416 323 311 319 325 317 303 336 436 437 385 585 700 853 829 831 849 871 886 889 875 854 824 796 778 763 747 728 708 627 606 586 565 546 528 511 498 486 475 469 463 458 501 502 503 444 508
-9999 -9999 -9999 -9999 -9999 -9999 -9999 -9999 -9999 -9999 -9999 -9999 -9999 -9999 -9999 -9999 -9999 -9999 -9999 370 423 499 593 710 890 985 1094 1190 1281 1378 1454 1467 1456 1377 1072 883 743 625 549 390 386 353 378 324 319 314 305 291 307 450 387 528 478 767 872 861 839 850 863 873 880 866 848 824 801 781 761 744 725 707 686 602 582 563 544 524 508 495 484 476 470 466 462 457 455 508 509 511
-9999 -9999 -9999 -9999 -9999 -9999 -9999 -9999 -9999 -9999 -9999 -9999 -9999 -9999 -9999 -9999 -9999 -9999 316 373 435 520 618 735 884 1009 1113 1207 1288 1380 1447 1462 1451 1449 1066 769 568 509 355 377 372 367 363 322 310 301 296 286 325 489 625 767 760 836 882 865 847 847 854 866 867 856 843 823 801 779 759 740 722 704 685 600 580 560 540 522 506 490 482 475 471 468 464 461 459 455 513 515
-9999 -9999 -9999 -9999 -9999 -9999 -9999 -9999 -9999 -9999 -9999 -9999 -9999 -9999 -9999 -9999 -9999 -9999 302 372 425 515 638 777 902 1045 844 1210 1287 1358 1410 1440 1466 1451 1298 957 466 376 291 337 292 306 344 331 282 278 284 312 373 626 800 839 870 893 864 838 838 841 846 855 855 846 834 818 806 785 760 740 724 705 685 598 578 559 539 521 502 487 479 476 474 471 468 466 462 460 458 519
-9999 -9999 -9999 -9999 -9999 -9999 -9999 -9999 -9999 -9999 -9999 -9999 -9999 -9999 -9999 -9999 -9999 -9999 295 391 425 520 656 810 710 774 866 1221 1285 1341 1382 1415 1473 1458 1303 755 460 304 322 266 173 193 310 274 313 274 286 467 525 760 834 946 891 906 855 828 826 835 847 849 848 841 832 818 797 779 761 745 725 706 617 597 577 559 540 521 503 486 479 480 478 476 473 470 467 464 463 461
-9999 -9999 -9999 -9999 -9999 -9999 -9999 -9999 -9999 -9999 -9999 -9999 -9999 -9999 -9999 -9999 -9999 219 269 356 456 546 696 846 710 806 883 943 990 1323 1359 1405 1488 1485 1306 797 344 277 313 192 145 177 299 299 300 255 295 579 636 810 915 877 910 917 849 826 828 837 846 847 845 839 828 811 797 782 767 746 723 704 686 666 577 559 541 525 508 494 491 490 485 481 477 474 471 469 469 467
-9999 -9999 -9999 -9999 -9999 -9999 -9999 -9999 -9999 -9999 -9999 -9999 -9999 -9999 124 138 175 224 271 388 561 676 618 657 759 820 883 937 968 1291 1327 1382 1459 1446 1061 696 338 319 307 160 135 167 293 293 236 250 309 644 680 871 948 961 908 888 851 844 843 846 848 850 846 840 827 807 799 779 772 750 726 704 614 596 577 560 544 529 516 506 502 497 490 485 481 478 475 474 474 474
-9999 -9999 -9999 -9999 -9999 -9999 -9999 -9999 -9999 -9999 -9999 -9999 -9999 137 169 191 218 261 296 404 566 544 717 823 782 796 848 894 928 1245 1281 1338 1369 1261 994 610 327 318 307 152 134 138 248 290 288 285 468 659 827 906 964 949 899 881 875 866 858 854 848 843 836 827 820 806 790 774 766 753 730 633 615 597 581 563 548 534 522 512 506 502 494 488 484 481 481 480 480 481
-9999 -9999 -9999 -9999 -9999 -9999 -9999 -9999 -9999 -9999 -9999 -9999 -9999 136 165 191 241 278 331 454 656 601 939 1011 733 1006 1070 1132 1172 1191 1225 1293 1353 1259 1021 708 387 281 304 279 138 131 253 289 228 243 425 557 888 931 930 925 910 901 894 874 860 858 857 847 836 825 815 801 786 771 764 751 732 711 617 599 583 565 552 538 525 516 509 502 496 492 486 485 484 484 485 488
-9999 -9999 -9999 -9999 -9999 -9999 -9999 -9999 -9999 -9999 -9999 -9999 -9999 -9999 148 190 272 334 372 480 685 800 861 887 919 971 1038 1103 1149 1174 1208 1278 1326 1261 879 692 382 324 315 200 122 122 196 283 275 237 310 637 946 965 967 944 934 925 912 889 874 861 853 857 847 833 817 799 785 769 756 742 647 709 614 600 585 569 553 541 529 519 512 505 496 493 489 488 488 489 491 494
-9999 -9999 -9999 -9999 -9999 -9999 -9999 -9999 -9999 -9999 -9999 -9999 -9999 -9999 -9999 203 342 403 507 638 775 861 870 870 885 928 1003 1083 1157 1208 1252 1301 1221 1154 835 481 354 286 245 129 112 117 171 193 258 303 303 760 993 1021 1033 1000 955 918 908 904 885 868 856 844 843 833 819 801 787 769 754 739 642 628 613 598 585 570 558 545 532 522 513 505 498 493 490 490 491 494 497 502
-9999 -9999 -9999 -9999 -9999 -9999 -9999 -9999 -9999 -9999 -9999 -9999 -9999 -9999 -9999 209 300 518 664 752 798 837 844 838 846 880 961 1064 1179 1250 1297 1285 1163 1110 665 413 286 290 248 226 118 128 175 220 278 484 437 885 1037 1072 1071 1053 990 979 940 911 895 877 860 846 834 832 818 800 786 773 759 743 644 711 617 603 586 573 561 549 535 523 514 506 498 493 491 493 496 500 504 509
-9999 -9999 -9999 -9999 -9999 -9999 -9999 -9999 -9999 -9999 -9999 -9999 -9999 -9999 -9999 257 328 519 648 728 784 833 805 792 802 841 913 1014 1146 1240 1308 1341 1254 1100 703 418 333 286 279 234 162 144 179 201 242 495 761 934 1083 1083 1084 1023 1009 956 926 912 900 878 865 850 837 822 809 797 783 771 757 742 645 632 696 603 589 577 564 550 539 527 517 506 497 493 493 496 501 507 513 518
-9999 -9999 -9999 -9999 -9999 -9999 -9999 -9999 -9999 -9999 -9999 -9999 -9999 -9999 156 270 388 539 607 676 752 751 745 735 753 788 841 911 1027 1155 1257 1333 1178 810 668 378 356 278 259 219 215 166 166 215 232 435 785 1045 1074 1062 1009 983 1006 977 940 915 904 894 875 854 837 827 814 798 781 766 753 738 725 710 696 606 593 579 566 555 542 530 519 509 500 494 494 499 507 514 521 529
-9999 -9999 -9999 -9999 -9999 -9999 -9999 -9999 -9999 -9999 -9999 -9999 -9999 -9999 157 293 415 529 575 652 702 697 687 681 700 734 765 795 924 1076 1201 1324 1340 1030 589 395 411 286 258 162 147 146 201 217 243 464 856 988 1023 1053 1005 955 934 958 949 916 893 881 868 848 831 818 804 793 782 767 752 739 723 708 695 606 594 581 571 559 548 536 525 515 505 499 502 508 516 524 532 541
-9999 -9999 -9999 -9999 -9999 -9999 -9999 -9999 -9999 -9999 -9999 -9999 -9999 -9999 175 254 396 528 588 640 680 670 643 632 654 702 737 774 887 1041 1162 1268 1372 928 535 410 357 257 275 235 165 200 193 222 257 392 766 938 985 1006 988 955 915 914 907 896 885 866 856 851 837 820 802 787 773 760 749 736 723 710 621 610 599 586 576 565 554 546 536 525 516 512 513 519 527 535 544 553
-9999 -9999 -9999 -9999 -9999 -9999 -9999 -9999 -9999 -9999 -9999 -9999 -9999 -9999 -9999 219 387 536 563 560 572 591 599 600 634 691 743 782 890 1044 1130 1213 1321 953 539 427 370 296 296 212 194 202 190 239 319 475 682 874 939 958 959 912 907 908 889 875 869 864 850 832 826 809 795 784 770 757 744 734 722 709 695 613 602 592 582 572 561 552 546 536 530 527 528 533 541 548 557 565
-9999 -9999 -9999 -9999 -9999 -9999 -9999 -9999 -9999 -9999 -9999 -9999 -9999 -9999 -9999 194 242 465 552 560 559 565 566 559 591 665 741 802 894 1010 1092 1168 1252 889 523 443 382 297 289 241 199 223 187 212 300 484 663 811 883 900 911 892 874 875 870 859 849 844 836 827 813 801 786 775 765 754 741 729 718 705 623 682 606 595 587 577 569 560 553 547 544 542 544 547 555 563 571 580
-9999 -9999 -9999 -9999 -9999 -9999 -9999 -9999 -9999 -9999 -9999 -9999 -9999 -9999 -9999 177 204 328 520 605 588 577 577 511 535 627 717 788 866 959 1046 1124 1198 1082 557 461 398 291 157 268 259 242 183 251 327 471 613 758 825 859 869 857 857 848 844 844 833 825 817 810 805 797 787 770 759 747 737 727 715 703 692 616 609 601 592 583 576 569 564 559 557 557 559 562 569 577 586 596
-9999 -9999 -9999 -9999 -9999 -9999 -9999 -9999 -9999 -9999 -9999 -9999 -9999 -9999 -9999 177 225 324 461 580 641 637 622 523 543 622 693 755 823 911 1004 1085 1159 1123 464 497 451 286 266 234 199 154 261 226 355 464 602 718 770 804 828 822 824 823 817 816 814 808 802 794 788 785 776 759 752 742 730 721 712 703 690 618 613 606 597 591 584 579 574 571 570 568 572 577 583 590 599 610
-9999 -9999 -9999 -9999 -9999 -9999 -9999 -9999 -9999 -9999 -9999 -9999 -9999 -9999 -9999 176 237 346 497 578 612 619 639 615 588 630 673 721 786 874 965 1054 1147 1239 853 803 389 274 251 228 214 238 195 331 398 532 619 677 722 760 786 784 792 794 786 785 787 785 782 779 777 770 765 755 746 738 727 718 709 698 626 619 615 608 603 597 592 587 583 581 581 582 584 588 595 603 614 624
-9999 -9999 -9999 -9999 -9999 -9999 -9999 -9999 -9999 -9999 -9999 -9999 103 123 140 176 232 325 416 485 514 509 500 502 521 562 617 680 768 869 958 1042 1140 1232 1242 560 287 128 252 217 133 164 261 366 440 549 603 641 686 727 750 745 763 763 758 761 761 764 762 758 760 757 751 747 741 736 724 716 706 698 687 621 616 612 608 570 599 594 592 590 590 551 597 601 608 616 627 636
-9999 -9999 -9999 -9999 -9999 -9999 -9999 -9999 -9999 -9999 -9999 -9999 -9999 121 141 180 244 327 382 412 422 433 444 451 450 478 558 638 753 883 994 1064 1131 1191 965 518 118 270 247 228 154 170 260 373 454 542 560 622 674 710 728 708 733 735 729 735 739 740 741 741 743 741 739 733 730 726 720 714 704 696 626 622 617 614 612 576 571 602 599 599 561 562 606 612 619 629 639 650
-9999 -9999 -9999 -9999 -9999 -9999 -9999 -9999 -9999 -9999 -9999 -9999 -9999 -9999 149 185 241 310 332 329 349 372 399 419 439 473 543 651 765 895 1024 1080 1124 967 456 416 273 231 180 169 169 204 278 365 487 542 505 619 639 705 712 674 693 712 704 712 717 721 724 724 725 726 727 722 718 716 710 707 702 692 625 622 619 616 615 612 610 607 606 569 569 609 616 581 629 639 650 662
-9999 -9999 -9999 -9999 -9999 -9999 -9999 -9999 -9999 -9999 -9999 -9999 -9999 -9999 -9999 -9999 -9999 263 288 289 314 342 370 404 437 480 545 627 736 882 1007 1071 1088 632 436 347 240 194 190 187 207 242 242 363 526 497 492 654 630 652 669 649 664 678 682 691 699 704 708 708 709 710 709 707 705 709 703 701 696 627 623 620 618 594 589 585 581 577 575 611 576 617 624 629 596 649 659 672
-9999 -9999 -9999 -9999 -9999 -9999 -9999 -9999 -9999 -9999 -9999 -9999 -9999 -9999 -9999 -9999 -9999 -9999 262 278 300 326 352 -9999 435 482 539 610 693 816 956 1004 641 454 359 304 240 210 216 175 211 316 370 446 559 498 527 660 635 607 631 630 647 655 665 674 682 687 691 694 695 694 692 691 690 694 690 691 690 622 620 617 616 594 614 586 583 581 580 580 618 622 628 596 604 657 624 680
-9999 -9999 -9999 -9999 -9999 -9999 -9999 -9999 -9999 -9999 -9999 -9999 -9999 -9999 -9999 -9999 -9999 -9999 -9999 272 291 -9999 -9999 -9999 427 486 534 574 637 758 809 533 391 204 229 234 229 233 188 176 254 330 469 513 551 511 586 708 608 609 610 617 634 644 649 659 667 672 677 678 680 681 678 676 675 675 673 673 671 615 612 611 596 591 588 585 583 581 582 583 586 591 596 603 612 663 632 687
-9999 -9999 -9999 -9999 -9999 -9999 -9999 -9999 -9999 -9999 -9999 -9999 -9999 -9999 -9999 -9999 -9999 -9999 -9999 -9999 284 -9999 340 380 -9999 -9999 -9999 546 638 560 392 376 216 246 249 238 213 227 209 191 222 273 382 502 508 527 641 687 601 613 599 607 626 630 637 647 654 660 663 666 666 666 664 662 659 658 656 654 601 601 604 594 589 604 584 582 582 581 582 585 588 593 601 607 618 626 639 650
-9999 -9999 -9999 -9999 -9999 -9999 -9999 -9999 -9999 -9999 -9999 -9999 -9999 -9999 -9999 -9999 -9999 -9999 -9999 -9999 -9999 296 329 369 418 -9999 480 537 651 428 441 213 259 259 253 244 247 234 192 197 210 293 488 554 517 580 685 622 586 610 593 597 609 618 628 637 643 648 651 651 651 650 649 648 645 640 636 588 589 596 585 584 582 597 579 578 578 579 581 585 590 596 603 611 622 632 644 699
-9999 -9999 -9999 -9999 -9999 -9999 -9999 -9999 -9999 -9999 -9999 -9999 -9999 -9999 -9999 -9999 -9999 -9999 -9999 -9999 -9999 281 307 335 -9999 -9999 447 505 599 484 356 215 258 266 247 215 213 228 199 200 212 233 470 531 564 606 690 589 571 575 600 589 600 611 621 626 633 637 639 640 639 637 633 631 629 623 618 589 588 585 574 572 572 573 572 572 575 576 580 584 590 596 604 615 624 635 686 661
-9999 -9999 -9999 -9999 -9999 -9999 -9999 -9999 -9999 -9999 -9999 -9999 -9999 -9999 -9999 -9999 -9999 -9999 -9999 -9999 -9999 271 288 -9999 -9999 -9999 414 493 584 394 147 203 262 256 231 236 190 203 187 220 231 265 541 601 602 565 659 581 590 570 591 584 595 605 614 619 625 628 629 628 626 624 619 615 612 606 564 579 562 561 562 562 562 564 565 567 569 573 576 581 589 596 606 615 626 638 651 665
-9999 -9999 -9999 -9999 -9999 -9999 -9999 -9999 -9999 -9999 -9999 -9999 -9999 -9999 -9999 -9999 -9999 -9999 -9999 -9999 -9999 -9999 -9999 -9999 -9999 -9999 403 404 401 30 165 257 262 263 218 183 197 193 182 265 228 423 539 550 566 549 563 543 555 560 584 582 591 600 608 613 617 620 620 620 616 612 606 601 596 556 583 551 549 549 551 552 554 555 558 560 564 568 573 579 587 595 605 616 628 641 654 668
-9999 -9999 -9999 -9999 -9999 -9999 -9999 -9999 -9999 -9999 -9999 -9999 -9999 -9999 -9999 -9999 -9999 -9999 -9999 -9999 -9999 -9999 -9999 -9999 -9999 353 399 399 371 197 221 234 246 190 175 213 195 191 204 259 273 544 570 581 619 586 632 569 600 556 583 582 588 596 603 608 611 612 613 610 607 602 595 588 581 545 568 564 539 539 541 542 544 547 551 554 558 563 569 575 583 592 604 615 628 642 656 670
-9999 -9999 -9999 -9999 -9999 -9999 -9999 -9999 -9999 -9999 -9999 -9999 -9999 -9999 -9999 -9999 -9999 -9999 -9999 -9999 -9999 -9999 -9999 -9999 304 339 389 406 69 155 185 153 134 135 165 229 207 215 237 296 326 588 535 609 636 589 676 665 578 554 578 582 585 593 600 604 607 609 607 604 599 593 586 577 569 562 554 529 546 529 531 535 536 539 543 549 553 610 617 624 580 643 654 666 627 643 657 673
