bio_clim/bio_17.asc
ncols         156
nrows         252
xllcorner     -82
yllcorner     -8
cellsize      0.083333337679505
NODATA_value  -9999
[rows 195 to 233 of 252, columns 0 to 88 of 156]
-9999 -9999 -9999 -9999 -9999 -9999 -9999 -9999 -9999 -9999 -9999 -9999 -9999 -9999 -9999 -9999 -9999 -9999 -9999 -9999 -9999 -9999 -9999 24 35 53 79 84 70 41 30 29 55 50 101 94 148 156 187 287 444 490 473 488 477 536 554 566 527 492 520 508 497 499 503 510 514 515 516 515 513 510 503 497 491 484 480 476 476 478 482 488 494 501 507 512 515 524 529 536 543 552 563 577 595 613 631 643 653
-9999 -9999 -9999 -9999 -9999 -9999 -9999 -9999 -9999 -9999 -9999 -9999 -9999 -9999 -9999 -9999 -9999 -9999 -9999 -9999 8 11 16 24 38 56 75 73 54 42 32 56 62 54 72 97 160 169 245 263 439 484 470 447 544 540 560 560 527 490 524 507 497 497 501 506 509 510 509 507 504 500 493 486 479 471 465 462 461 463 466 472 477 484 489 494 497 502 509 514 516 526 540 557 574 595 616 633 642
-9999 -9999 -9999 -9999 -9999 -9999 -9999 -9999 -9999 -9999 -9999 -9999 -9999 -9999 -9999 -9999 -9999 -9999 -9999 -9999 7 11 16 24 37 55 63 47 26 27 37 43 67 91 82 110 183 211 259 447 455 416 465 462 548 575 552 524 532 497 515 534 495 497 502 504 505 506 505 501 497 492 484 477 469 461 455 452 450 452 456 459 463 468 471 476 480 481 481 487 490 500 516 535 555 577 599 620 635
-9999 -9999 -9999 -9999 -9999 -9999 -9999 -9999 -9999 -9999 -9999 -9999 -9999 -9999 -9999 -9999 -9999 -9999 3 4 6 9 15 23 33 47 46 26 26 53 69 62 80 78 94 127 325 284 232 479 473 405 482 495 531 540 517 523 537 507 490 522 505 499 502 503 503 504 500 497 492 487 480 472 462 455 448 445 443 443 445 449 452 455 459 460 459 458 460 459 464 475 491 512 536 561 585 608 628
-9999 -9999 -9999 -9999 -9999 -9999 -9999 -9999 -9999 -9999 -9999 -9999 -9999 -9999 -9999 -9999 -9999 1 3 3 5 7 12 21 28 40 43 32 36 37 55 82 73 101 112 174 374 379 407 522 469 445 548 520 499 543 530 533 542 517 495 502 578 507 504 504 503 502 498 495 488 483 476 468 459 451 445 440 439 438 439 440 443 445 445 442 441 439 438 438 437 448 465 490 515 542 571 598 620
-9999 -9999 -9999 -9999 -9999 -9999 -9999 -9999 -9999 -9999 -9999 -9999 -9999 -9999 -9999 0 0 1 1 4 5 7 12 23 30 36 34 35 44 42 56 80 90 100 117 206 347 471 499 534 491 526 568 529 504 559 532 546 555 541 501 506 591 518 511 506 504 502 498 493 487 480 472 465 457 450 443 438 435 434 434 434 435 433 432 429 426 425 420 417 414 423 446 471 499 526 554 584 612
-9999 -9999 -9999 -9999 -9999 -9999 -9999 -9999 -9999 -9999 -9999 -9999 -9999 -9999 0 0 1 2 2 4 8 12 18 27 28 32 32 35 39 39 49 81 108 141 175 225 323 466 496 484 553 615 543 547 508 551 557 558 568 565 510 522 599 526 515 509 504 501 497 493 485 479 471 464 455 448 442 437 434 432 430 429 427 425 422 419 416 413 409 404 404 412 432 457 482 510 537 564 590
-9999 -9999 -9999 -9999 -9999 -9999 -9999 -9999 -9999 -9999 -9999 -9999 -9999 -9999 0 1 1 3 5 7 8 13 15 19 25 24 28 29 28 28 56 83 117 187 246 268 340 447 481 515 574 584 470 586 525 556 584 585 584 554 516 514 553 563 522 514 506 503 497 492 485 479 471 462 456 448 442 437 432 430 427 424 422 418 414 411 407 404 402 400 400 409 426 446 470 493 517 541 561
-9999 -9999 -9999 -9999 -9999 -9999 -9999 -9999 -9999 -9999 -9999 -9999 0 0 1 1 2 4 5 8 9 11 16 22 22 19 18 20 18 24 41 44 116 176 198 299 322 429 479 503 545 528 569 594 584 571 586 598 602 573 525 523 529 611 529 516 510 503 499 492 486 478 470 463 455 447 442 437 432 429 426 422 418 414 409 405 402 400 398 397 400 408 422 439 457 479 498 516 533
-9999 -9999 -9999 -9999 -9999 -9999 -9999 -9999 -9999 -9999 -9999 -9999 0 1 1 2 4 4 7 8 10 10 17 19 16 17 20 21 20 17 25 30 92 152 170 269 362 416 443 500 530 554 589 581 606 594 602 601 610 562 528 530 537 617 535 526 516 505 499 492 486 478 470 463 455 447 441 435 431 427 423 419 413 409 405 401 398 397 396 395 400 406 418 431 447 463 480 495 507
-9999 -9999 -9999 -9999 -9999 -9999 -9999 -9999 -9999 -9999 -9999 0 0 1 1 1 3 5 5 5 6 9 13 16 15 17 19 17 20 20 26 33 71 143 160 233 342 345 380 461 527 550 574 585 581 597 609 612 590 543 539 537 547 623 535 530 517 506 500 492 486 478 470 463 455 448 442 435 430 425 422 416 411 407 403 399 396 395 394 394 398 404 413 423 437 450 463 475 486
-9999 -9999 -9999 -9999 -9999 -9999 -9999 -9999 -9999 -9999 0 0 0 1 0 2 3 3 4 5 4 4 9 10 13 17 16 18 23 23 58 81 37 108 158 212 304 333 417 467 519 545 568 576 594 611 589 625 586 545 548 543 587 607 536 526 515 507 501 494 485 478 470 462 455 447 441 435 428 424 420 413 409 405 401 397 393 392 392 393 396 400 408 417 427 438 448 457 465
-9999 -9999 -9999 -9999 -9999 -9999 -9999 -9999 -9999 0 0 0 0 0 0 1 1 3 3 3 2 2 1 6 11 17 18 26 20 24 27 72 63 95 164 198 262 326 394 475 507 530 555 569 595 593 620 631 605 554 552 547 589 605 544 532 518 507 501 494 486 478 470 461 454 448 441 434 428 423 417 412 406 403 398 394 393 391 390 391 394 398 403 410 418 427 435 442 448
-9999 -9999 -9999 -9999 -9999 -9999 -9999 -9999 -9999 0 0 0 0 0 0 0 1 2 2 1 1 1 1 5 5 12 17 28 20 33 28 51 120 123 169 221 266 329 389 464 494 516 552 567 588 570 603 625 588 562 557 552 569 604 542 532 518 507 500 492 485 476 467 460 453 446 440 434 427 421 417 410 405 399 396 393 390 389 389 390 391 394 399 403 410 415 422 427 433
-9999 -9999 -9999 -9999 -9999 -9999 -9999 -9999 0 0 0 0 0 0 0 0 1 1 1 0 0 1 1 5 4 10 18 22 27 27 40 70 128 147 173 210 261 311 386 419 479 513 534 569 584 589 594 608 578 567 560 553 583 564 529 525 516 506 498 490 483 474 468 459 453 445 438 433 426 420 415 408 402 399 394 391 389 387 386 386 387 390 395 397 402 406 411 414 418
-9999 -9999 -9999 -9999 -9999 -9999 -9999 -9999 -9999 0 0 0 0 0 0 0 0 0 0 0 0 0 1 4 7 15 18 29 29 33 33 90 125 146 156 190 247 290 336 394 443 507 540 550 593 588 602 596 575 569 563 572 596 544 529 519 512 503 496 487 480 473 466 458 451 444 437 430 424 418 412 407 401 396 392 389 386 384 384 384 385 386 389 391 395 398 402 406 407
-9999 -9999 -9999 -9999 -9999 -9999 -9999 -9999 0 0 0 0 0 0 0 0 0 0 0 0 0 0 3 4 8 16 23 40 30 50 56 110 131 122 159 182 226 277 310 358 441 490 538 534 578 593 603 588 578 571 570 584 567 543 529 515 506 498 492 484 477 469 464 458 449 442 434 428 422 416 410 403 399 394 389 386 383 382 381 382 382 382 385 387 389 392 394 398 400
-9999 -9999 -9999 -9999 -9999 -9999 -9999 -9999 0 0 0 0 0 0 0 0 0 0 0 0 0 1 1 7 15 17 24 26 37 71 104 122 136 138 144 175 233 269 297 346 405 483 497 532 579 599 602 586 589 572 589 591 549 531 523 509 500 493 485 479 473 465 460 456 447 439 432 427 418 413 407 401 396 390 388 384 382 379 379 377 379 380 381 383 385 387 389 392 392
-9999 -9999 -9999 -9999 -9999 -9999 -9999 -9999 -9999 0 0 0 0 0 0 0 0 0 0 0 0 1 3 8 20 36 23 26 34 55 108 124 124 107 120 155 224 259 280 321 379 462 463 536 593 602 603 589 576 571 574 575 548 524 514 503 493 486 479 472 466 461 455 451 444 437 429 423 416 409 402 398 392 388 384 382 379 377 375 375 375 376 377 379 381 382 385 387 389
-9999 -9999 -9999 -9999 -9999 -9999 -9999 -9999 -9999 -9999 0 0 0 0 0 0 0 0 0 0 0 0 3 11 25 50 41 29 30 45 95 127 132 108 101 131 194 243 255 302 354 446 442 535 579 590 594 579 570 564 554 561 549 521 502 496 485 479 471 465 459 454 449 444 438 431 424 417 410 404 398 394 388 385 380 377 374 373 371 372 372 373 375 375 376 379 381 383 385
-9999 -9999 -9999 -9999 -9999 -9999 -9999 -9999 -9999 -9999 -9999 0 0 0 0 0 0 0 0 0 0 0 0 8 14 41 57 34 39 62 113 118 93 88 105 135 179 244 242 282 324 408 431 527 535 541 565 570 559 550 529 531 531 519 496 484 476 467 462 455 450 446 441 436 430 425 418 410 405 398 394 390 385 381 377 372 369 368 368 368 368 370 370 372 373 375 377 379 382
-9999 -9999 -9999 -9999 -9999 -9999 -9999 -9999 -9999 -9999 -9999 0 0 0 0 0 0 0 0 0 0 0 0 3 10 18 34 58 73 96 117 125 135 148 94 123 155 214 226 282 295 337 448 520 540 456 483 540 534 477 471 487 499 501 489 471 463 457 450 445 440 436 433 429 422 415 408 404 398 394 389 385 382 377 373 367 364 363 363 363 366 366 367 369 370 372 374 376 379
-9999 -9999 -9999 -9999 -9999 -9999 -9999 -9999 -9999 -9999 0 0 0 0 0 0 0 0 0 0 0 0 0 0 4 10 20 41 65 103 117 134 154 140 97 116 159 196 211 273 271 303 381 474 506 491 456 496 515 486 444 450 471 471 468 464 449 444 440 434 430 427 422 419 413 407 400 396 391 387 384 381 377 374 370 363 360 360 361 361 361 362 363 365 367 369 371 374 377
-9999 -9999 -9999 -9999 -9999 -9999 -9999 -9999 -9999 0 0 0 0 0 0 0 0 0 0 0 0 0 0 0 1 4 9 14 31 101 100 136 151 168 162 155 141 174 197 251 259 283 384 452 478 452 446 431 425 458 436 416 444 439 439 439 441 436 427 422 420 416 410 409 404 399 394 388 385 380 377 375 373 371 368 361 358 358 358 358 358 359 360 361 362 365 367 371 374
-9999 -9999 -9999 -9999 -9999 -9999 -9999 -9999 -9999 -9999 -9999 0 0 0 0 0 0 0 0 0 0 0 0 0 1 5 5 10 27 107 90 132 145 124 121 196 175 156 201 205 259 261 356 370 384 372 347 372 343 371 370 376 409 392 403 414 414 415 418 412 406 403 397 394 392 388 385 380 377 374 372 371 371 368 365 363 361 359 357 358 356 357 358 358 360 361 364 368 370
-9999 -9999 -9999 -9999 -9999 -9999 -9999 -9999 -9999 -9999 -9999 -9999 0 0 0 0 0 0 0 0 0 0 0 0 0 2 5 9 16 93 89 115 152 145 100 129 173 138 195 212 215 229 307 271 283 280 299 300 306 315 326 332 353 354 364 385 394 393 393 392 392 388 384 382 379 376 375 371 369 366 365 365 366 366 364 362 360 358 357 355 354 353 354 355 356 357 361 363 368
-9999 -9999 -9999 -9999 -9999 -9999 -9999 -9999 -9999 -9999 -9999 -9999 -9999 0 0 0 0 0 0 0 0 0 0 0 0 2 5 8 13 52 97 96 159 161 115 98 110 124 151 199 207 215 249 233 259 255 259 275 277 283 292 299 311 320 329 342 363 370 368 370 370 372 372 369 367 366 364 363 361 359 357 358 360 363 361 360 358 356 354 351 351 351 351 352 353 355 356 359 363
-9999 -9999 -9999 -9999 -9999 -9999 -9999 -9999 -9999 -9999 -9999 -9999 -9999 0 0 0 0 0 0 0 0 0 0 0 0 2 5 6 11 37 119 87 154 166 153 142 136 118 136 142 201 236 194 230 237 236 240 243 249 254 263 272 286 290 302 317 328 331 338 342 344 348 355 356 353 353 351 351 350 350 348 349 352 354 355 355 356 354 352 350 349 347 347 348 349 351 352 354 358
-9999 -9999 -9999 -9999 -9999 -9999 -9999 -9999 -9999 -9999 -9999 -9999 -9999 -9999 0 0 0 0 0 0 0 0 0 0 0 2 4 6 11 63 82 59 128 155 120 164 164 133 112 145 180 202 183 187 215 222 225 217 220 221 231 243 259 269 278 288 295 302 312 317 321 326 334 342 342 340 341 340 338 339 339 338 341 345 349 350 349 350 348 347 344 344 345 345 346 347 348 351 354
-9999 -9999 -9999 -9999 -9999 -9999 -9999 -9999 -9999 -9999 -9999 -9999 -9999 -9999 0 0 0 0 0 0 0 0 0 0 0 2 3 6 29 64 77 54 113 150 117 102 163 132 99 125 148 163 181 157 161 188 206 193 194 195 207 215 233 258 277 283 283 290 292 296 300 309 314 326 332 331 329 329 328 327 328 328 331 336 338 340 342 343 343 342 341 340 341 342 343 344 344 347 349
-9999 -9999 -9999 -9999 -9999 -9999 -9999 -9999 -9999 -9999 -9999 -9999 -9999 0 0 0 0 0 0 0 0 0 0 0 1 2 2 4 15 48 32 33 91 120 121 79 144 150 86 100 106 116 127 144 158 148 176 184 171 173 192 186 205 215 245 266 274 274 273 274 276 286 299 306 319 321 322 320 319 317 316 318 324 330 333 334 335 338 337 339 336 337 338 338 340 341 342 344 345
-9999 -9999 -9999 -9999 -9999 -9999 -9999 -9999 -9999 -9999 0 0 0 0 0 0 0 0 0 0 0 0 0 0 1 2 2 4 7 15 74 38 55 68 106 77 82 91 74 81 111 141 141 128 106 109 134 156 148 154 159 201 179 185 208 236 256 260 257 253 252 268 283 290 306 314 315 314 314 311 309 312 317 322 326 329 332 333 333 333 333 333 335 335 337 339 339 340 342
-9999 -9999 -9999 -9999 -9999 -9999 -9999 -9999 -9999 -9999 0 0 0 0 0 0 0 0 0 0 0 0 0 1 1 2 2 3 5 10 62 55 49 40 81 99 102 76 96 69 77 128 135 140 129 112 121 131 128 166 173 183 199 198 181 202 235 248 244 234 243 254 270 276 286 303 309 311 312 311 310 311 315 319 322 326 328 330 330 330 331 331 332 333 334 336 338 339 342
-9999 -9999 -9999 -9999 -9999 -9999 -9999 -9999 -9999 -9999 -9999 0 0 0 0 0 0 0 0 0 0 0 0 1 1 2 2 3 4 7 36 75 87 67 39 48 67 62 93 93 70 82 103 111 148 113 111 144 114 136 144 168 214 221 209 179 205 234 234 219 219 240 257 265 276 292 306 311 316 318 320 319 317 316 319 321 323 326 327 328 328 327 328 330 332 334 335 336 339
-9999 -9999 -9999 -9999 -9999 -9999 -9999 -9999 -9999 -9999 -9999 -9999 0 0 0 0 0 0 0 0 0 0 0 1 1 1 2 2 3 9 56 113 112 84 58 65 99 75 97 117 70 79 69 93 122 110 115 140 107 103 107 166 193 208 207 164 178 206 221 216 226 231 242 253 265 284 305 313 324 331 334 330 325 317 314 317 321 324 325 325 323 323 324 326 328 329 331 332 334
-9999 -9999 -9999 -9999 -9999 -9999 -9999 -9999 -9999 -9999 -9999 -9999 -9999 0 0 0 0 0 0 0 0 0 0 1 1 1 2 2 2 7 46 90 102 99 85 54 98 90 112 113 103 72 81 65 86 103 128 125 89 89 93 109 131 156 177 152 162 180 204 205 212 221 233 248 258 285 299 316 340 349 348 340 334 327 314 316 323 325 323 321 319 319 320 322 322 324 327 328 330
-9999 -9999 -9999 -9999 -9999 -9999 -9999 -9999 -9999 -9999 -9999 -9999 -9999 -9999 0 0 0 0 0 0 0 0 0 1 1 1 1 2 2 5 21 42 71 98 82 84 81 106 110 103 99 81 84 70 71 78 88 131 87 114 148 112 141 122 135 155 155 164 177 188 197 208 217 235 253 263 281 312 351 361 354 345 343 344 327 323 323 325 321 317 315 315 316 316 318 319 321 323 326
-9999 -9999 -9999 -9999 -9999 -9999 -9999 -9999 -9999 -9999 -9999 -9999 -9999 -9999 -9999 -9999 0 0 0 0 0 0 0 0 0 0 0 1 2 3 4 14 61 95 82 89 84 98 100 97 92 102 83 76 61 74 80 136 114 98 149 121 99 109 118 134 157 156 163 175 187 200 209 223 244 266 281 295 316 327 340 344 348 346 336 329 324 324 317 313 311 309 310 311 312 313 315 317 320
-9999 -9999 -9999 -9999 -9999 -9999 -9999 -9999 -9999 -9999 -9999 -9999 -9999 -9999 -9999 -9999 -9999 -9999 -9999 0 0 0 0 0 0 0 1 1 1 2 3 17 36 44 58 90 93 94 100 101 88 108 82 104 71 58 69 127 135 96 144 128 92 102 109 123 137 148 156 170 179 196 211 226 233 236 225 241 298 315 327 333 342 345 341 329 323 321 315 308 305 304 304 305 305 307 310 313 316
