bio_clim/bio_16.asc
ncols         156
nrows         252
xllcorner     -82
yllcorner     -8
cellsize      0.083333337679505
NODATA_value  -9999
[rows 114 to 151 of 252, columns 0 to 84 of 156]
-9999 -9999 -9999 -9999 -9999 -9999 -9999 -9999 -9999 -9999 -9999 -9999 -9999 -9999 -9999 -9999 -9999 -9999 -9999 -9999 -9999 -9999 -9999 -9999 -9999 -9999 -9999 -9999 -9999 -9999 -9999 -9999 -9999 -9999 -9999 -9999 -9999 -9999 -9999 -9999 -9999 -9999 -9999 -9999 -9999 -9999 -9999 -9999 -9999 -9999 -9999 -9999 -9999 -9999 -9999 -9999 2416 2369 2248 1569 903 699 650 727 592 423 357 384 383 510 618 770 743 633 763 916 911 865 922 878 923 743 592 657 760
-9999 -9999 -9999 -9999 -9999 -9999 -9999 -9999 -9999 -9999 -9999 -9999 -9999 -9999 -9999 -9999 -9999 -9999 -9999 -9999 -9999 -9999 -9999 -9999 -9999 -9999 -9999 -9999 -9999 -9999 -9999 -9999 -9999 -9999 -9999 -9999 -9999 -9999 -9999 -9999 -9999 -9999 -9999 -9999 -9999 -9999 -9999 -9999 -9999 -9999 -9999 -9999 -9999 -9999 -9999 2357 2301 2203 2131 1377 879 810 796 836 707 482 427 427 426 517 661 769 771 688 780 915 906 952 972 871 773 616 556 653 714
-9999 -9999 -9999 -9999 -9999 -9999 -9999 -9999 -9999 -9999 -9999 -9999 -9999 -9999 -9999 -9999 -9999 -9999 -9999 -9999 -9999 -9999 -9999 -9999 -9999 -9999 -9999 -9999 -9999 -9999 -9999 -9999 -9999 -9999 -9999 -9999 -9999 -9999 -9999 -9999 -9999 -9999 -9999 -9999 -9999 -9999 -9999 -9999 -9999 -9999 -9999 -9999 -9999 -9999 2332 2321 2244 2130 2008 1393 911 891 883 848 754 553 499 479 467 557 659 765 757 656 781 834 893 929 951 842 642 569 517 478 502
-9999 -9999 -9999 -9999 -9999 -9999 -9999 -9999 -9999 -9999 -9999 -9999 -9999 -9999 -9999 -9999 -9999 -9999 -9999 -9999 -9999 -9999 -9999 -9999 -9999 -9999 -9999 -9999 -9999 -9999 -9999 -9999 -9999 -9999 -9999 -9999 -9999 -9999 -9999 -9999 -9999 -9999 -9999 -9999 -9999 -9999 -9999 -9999 -9999 -9999 -9999 -9999 -9999 2282 2342 2360 2303 2222 2093 1295 985 944 906 875 770 603 551 522 517 605 677 754 705 619 663 758 845 868 888 824 581 540 494 465 611
-9999 -9999 -9999 -9999 -9999 -9999 -9999 -9999 -9999 -9999 -9999 -9999 -9999 -9999 -9999 -9999 -9999 -9999 -9999 -9999 -9999 -9999 -9999 -9999 -9999 -9999 -9999 -9999 -9999 -9999 -9999 -9999 -9999 -9999 -9999 -9999 -9999 -9999 -9999 -9999 -9999 -9999 -9999 -9999 -9999 -9999 -9999 -9999 -9999 -9999 -9999 -9999 -9999 2273 2371 2460 2504 2457 1826 1237 1376 1017 948 887 767 662 606 585 627 637 687 730 729 667 625 726 794 806 853 716 552 522 493 535 557
-9999 -9999 -9999 -9999 -9999 -9999 -9999 -9999 -9999 -9999 -9999 -9999 -9999 -9999 -9999 -9999 -9999 -9999 -9999 -9999 -9999 -9999 -9999 -9999 -9999 -9999 -9999 -9999 -9999 -9999 -9999 -9999 -9999 -9999 -9999 -9999 -9999 -9999 -9999 -9999 -9999 -9999 -9999 -9999 -9999 -9999 -9999 -9999 -9999 -9999 -9999 -9999 2127 2261 2405 2562 2687 2713 1972 1162 1075 1023 973 913 811 734 667 652 659 619 692 706 691 622 662 699 669 737 757 621 533 520 538 614 551
-9999 -9999 -9999 -9999 -9999 -9999 -9999 -9999 -9999 -9999 -9999 -9999 -9999 -9999 -9999 -9999 -9999 -9999 -9999 -9999 -9999 -9999 -9999 -9999 -9999 -9999 -9999 -9999 -9999 -9999 -9999 -9999 -9999 -9999 -9999 -9999 -9999 -9999 -9999 -9999 -9999 -9999 -9999 -9999 -9999 -9999 -9999 -9999 -9999 -9999 -9999 -9999 2098 2218 2402 2616 2801 2818 1995 1677 1163 1038 1009 903 833 763 707 698 650 609 668 676 664 617 606 614 683 708 691 584 513 532 558 596 538
-9999 -9999 -9999 -9999 -9999 -9999 -9999 -9999 -9999 -9999 -9999 -9999 -9999 -9999 -9999 -9999 -9999 -9999 -9999 -9999 -9999 -9999 -9999 -9999 -9999 -9999 -9999 -9999 -9999 -9999 -9999 -9999 -9999 -9999 -9999 -9999 -9999 -9999 -9999 -9999 -9999 -9999 -9999 -9999 -9999 -9999 -9999 -9999 -9999 -9999 -9999 -9999 2065 2168 2325 2521 2754 2796 2249 1886 1219 1075 1022 882 807 736 708 697 622 626 619 596 570 629 587 578 649 669 649 599 547 547 578 551 529
-9999 -9999 -9999 -9999 -9999 -9999 -9999 -9999 -9999 -9999 -9999 -9999 -9999 -9999 -9999 -9999 -9999 -9999 -9999 -9999 -9999 -9999 -9999 -9999 -9999 -9999 -9999 -9999 -9999 -9999 -9999 -9999 -9999 -9999 -9999 -9999 -9999 -9999 -9999 -9999 -9999 -9999 -9999 -9999 -9999 -9999 -9999 -9999 -9999 -9999 -9999 -9999 2011 2090 2228 2386 2392 2091 1873 1521 1137 1106 1017 857 774 684 720 658 607 575 546 528 530 564 557 600 598 638 626 612 581 560 555 550 540
-9999 -9999 -9999 -9999 -9999 -9999 -9999 -9999 -9999 -9999 -9999 -9999 -9999 -9999 -9999 -9999 -9999 -9999 -9999 -9999 -9999 -9999 -9999 -9999 -9999 -9999 -9999 -9999 -9999 -9999 -9999 -9999 -9999 -9999 -9999 -9999 -9999 -9999 -9999 -9999 -9999 -9999 -9999 -9999 -9999 -9999 -9999 -9999 -9999 -9999 1757 1882 1919 1961 2086 2131 1678 1757 1639 1247 1090 1115 1008 866 794 745 747 626 575 544 515 537 546 517 557 585 584 615 608 603 558 544 553 551 537
-9999 -9999 -9999 -9999 -9999 -9999 -9999 -9999 -9999 -9999 -9999 -9999 -9999 -9999 -9999 -9999 -9999 -9999 -9999 -9999 -9999 -9999 -9999 -9999 -9999 -9999 -9999 -9999 -9999 -9999 -9999 -9999 -9999 -9999 -9999 -9999 -9999 -9999 -9999 -9999 -9999 -9999 -9999 1310 1337 1362 1378 1391 1411 1490 1695 1859 1853 1811 1848 1664 1388 1377 1461 1247 1151 1189 967 880 822 784 735 608 548 593 487 565 533 548 521 556 591 584 576 561 520 540 552 569 539
-9999 -9999 -9999 -9999 -9999 -9999 -9999 -9999 -9999 -9999 -9999 -9999 -9999 -9999 -9999 -9999 -9999 -9999 -9999 -9999 -9999 -9999 -9999 -9999 -9999 -9999 -9999 -9999 -9999 -9999 -9999 -9999 -9999 -9999 -9999 -9999 -9999 -9999 -9999 -9999 -9999 -9999 1266 1297 1325 1347 1360 1369 1374 1426 1611 1744 1732 1577 1445 1360 1311 1310 1248 1175 1240 1165 914 876 832 790 751 572 541 594 496 519 499 502 524 576 561 538 513 482 476 567 571 543 518
-9999 -9999 -9999 -9999 -9999 -9999 -9999 -9999 -9999 -9999 -9999 -9999 -9999 -9999 -9999 -9999 -9999 -9999 -9999 -9999 -9999 -9999 -9999 -9999 -9999 -9999 -9999 -9999 -9999 -9999 -9999 -9999 -9999 -9999 -9999 -9999 -9999 -9999 -9999 -9999 -9999 1226 1263 1298 1324 1343 1355 1363 1375 1417 1512 1588 1548 1355 1275 1305 1289 1234 1226 1178 1293 1009 902 882 852 826 744 523 528 528 455 561 526 506 524 535 512 484 498 505 550 595 558 519 496
-9999 -9999 -9999 -9999 -9999 -9999 -9999 -9999 -9999 -9999 -9999 -9999 -9999 -9999 -9999 -9999 -9999 -9999 -9999 -9999 -9999 -9999 -9999 -9999 -9999 -9999 -9999 -9999 -9999 -9999 -9999 -9999 -9999 -9999 -9999 -9999 -9999 -9999 -9999 -9999 -9999 1224 1271 1313 1344 1365 1376 1379 1389 1406 1440 1432 1308 1204 1213 1238 1305 1213 1267 1263 1072 953 888 934 935 863 677 758 707 520 483 608 548 509 539 509 458 435 533 605 624 569 527 512 539
-9999 -9999 -9999 -9999 -9999 -9999 -9999 -9999 -9999 -9999 -9999 -9999 -9999 -9999 -9999 -9999 -9999 -9999 -9999 -9999 -9999 -9999 -9999 -9999 -9999 -9999 -9999 -9999 -9999 -9999 -9999 -9999 -9999 -9999 -9999 -9999 -9999 -9999 -9999 -9999 1177 1230 1288 1335 1374 1398 1410 1410 1403 1388 1373 1339 1162 1166 1309 1150 1257 1238 1251 1080 951 906 856 955 988 730 593 842 577 500 587 547 524 570 492 425 386 470 583 656 590 554 513 536 582
-9999 -9999 -9999 -9999 -9999 -9999 -9999 -9999 -9999 -9999 -9999 -9999 -9999 -9999 -9999 -9999 -9999 -9999 -9999 -9999 -9999 -9999 -9999 -9999 -9999 -9999 -9999 -9999 -9999 -9999 -9999 -9999 -9999 -9999 -9999 -9999 -9999 -9999 -9999 -9999 1166 1238 1309 1366 1412 1442 1453 1442 1410 1370 1310 1231 1083 1160 1190 1222 1210 1244 1146 910 875 829 798 1068 871 610 582 619 475 533 576 516 547 532 418 366 364 534 642 657 575 545 529 563 609
-9999 -9999 -9999 -9999 -9999 -9999 -9999 -9999 -9999 -9999 -9999 -9999 -9999 -9999 -9999 -9999 -9999 -9999 -9999 -9999 -9999 -9999 -9999 -9999 -9999 -9999 -9999 -9999 -9999 -9999 -9999 -9999 -9999 -9999 -9999 -9999 -9999 -9999 -9999 -9999 1163 1251 1332 1403 1462 1496 1506 1482 1428 1356 1285 1082 1029 1024 1019 1138 1097 1173 916 792 797 799 918 1011 604 682 540 451 505 571 602 586 595 451 392 381 470 618 686 625 552 548 575 607 670
-9999 -9999 -9999 -9999 -9999 -9999 -9999 -9999 -9999 -9999 -9999 -9999 -9999 -9999 -9999 -9999 -9999 -9999 -9999 -9999 -9999 -9999 -9999 -9999 -9999 -9999 -9999 -9999 -9999 -9999 -9999 -9999 -9999 -9999 -9999 -9999 -9999 -9999 -9999 -9999 1157 1264 1357 1449 1522 1566 1572 1535 1456 1344 1203 1028 1009 931 964 1124 1055 910 714 717 759 1055 1011 685 552 518 465 497 561 538 529 510 441 418 404 454 609 659 640 631 570 590 681 752 853
-9999 -9999 -9999 -9999 -9999 -9999 -9999 -9999 -9999 -9999 -9999 -9999 -9999 -9999 -9999 -9999 -9999 -9999 -9999 -9999 -9999 -9999 -9999 -9999 -9999 -9999 -9999 -9999 -9999 -9999 -9999 -9999 -9999 -9999 -9999 -9999 -9999 -9999 -9999 -9999 -9999 1276 1393 1500 1594 1650 1654 1599 1469 1338 1038 1004 944 857 918 986 924 672 647 656 709 913 711 553 587 503 580 553 510 518 450 437 464 481 443 530 669 626 593 660 639 779 1048 1030 952
-9999 -9999 -9999 -9999 -9999 -9999 -9999 -9999 -9999 -9999 -9999 -9999 -9999 -9999 -9999 -9999 -9999 -9999 -9999 -9999 -9999 -9999 -9999 -9999 -9999 -9999 -9999 -9999 -9999 -9999 -9999 -9999 -9999 -9999 -9999 -9999 -9999 -9999 -9999 -9999 -9999 1303 1426 1553 1671 1749 1755 1675 1518 1288 1013 948 864 802 799 849 694 633 630 627 785 774 766 509 637 680 507 563 545 515 486 480 539 520 519 681 659 585 626 638 709 1125 1140 1076 1007
-9999 -9999 -9999 -9999 -9999 -9999 -9999 -9999 -9999 -9999 -9999 -9999 -9999 -9999 -9999 -9999 -9999 -9999 -9999 -9999 -9999 -9999 -9999 -9999 -9999 -9999 -9999 -9999 -9999 -9999 -9999 -9999 -9999 -9999 -9999 -9999 -9999 -9999 905 -9999 1121 1288 1446 1608 1746 1859 1864 1738 1511 1208 981 913 848 786 787 816 618 624 617 687 780 732 629 500 522 562 516 580 636 619 577 593 586 590 693 713 623 702 680 681 909 1204 1147 1084 1027
-9999 -9999 -9999 -9999 -9999 -9999 -9999 -9999 -9999 -9999 -9999 -9999 -9999 -9999 -9999 -9999 -9999 -9999 -9999 -9999 -9999 -9999 -9999 -9999 -9999 -9999 -9999 -9999 -9999 -9999 -9999 -9999 -9999 -9999 -9999 -9999 -9999 873 933 1022 1148 1299 1465 1638 1796 1938 1957 1790 1517 1170 991 949 860 736 738 704 598 610 620 785 722 623 635 537 523 517 593 654 694 716 690 670 672 716 706 689 868 984 850 735 1051 1183 1120 1070 1027
-9999 -9999 -9999 -9999 -9999 -9999 -9999 -9999 -9999 -9999 -9999 -9999 -9999 -9999 -9999 -9999 -9999 -9999 -9999 -9999 -9999 -9999 -9999 -9999 -9999 -9999 -9999 -9999 -9999 -9999 -9999 -9999 -9999 -9999 -9999 -9999 827 891 963 1046 1163 1319 1466 1623 1763 1885 1838 1735 1429 1208 979 917 829 769 655 627 597 613 650 750 703 725 668 652 502 536 612 698 746 796 818 784 777 832 859 868 1237 1276 1133 819 1167 1152 1081 1049 1021
-9999 -9999 -9999 -9999 -9999 -9999 -9999 -9999 -9999 -9999 -9999 -9999 -9999 -9999 -9999 -9999 -9999 -9999 -9999 -9999 -9999 -9999 -9999 -9999 -9999 -9999 -9999 -9999 -9999 -9999 -9999 -9999 -9999 -9999 -9999 -9999 -9999 914 987 1058 1164 1299 1446 1571 1651 1693 1622 1514 1330 1146 1009 821 768 712 666 614 598 756 760 713 617 799 621 560 560 633 636 714 782 883 899 849 870 1062 1062 1169 1318 1334 1214 1173 1197 1131 1074 1041 1016
-9999 -9999 -9999 -9999 -9999 -9999 -9999 -9999 -9999 -9999 -9999 -9999 -9999 -9999 -9999 -9999 -9999 -9999 -9999 -9999 -9999 -9999 -9999 -9999 -9999 -9999 -9999 -9999 -9999 -9999 -9999 -9999 -9999 -9999 -9999 -9999 -9999 -9999 993 1060 1149 1266 1400 1517 1589 1604 1641 1480 1375 1187 1017 767 729 672 628 644 554 605 620 671 684 785 598 588 795 676 752 762 837 879 923 907 1032 1172 1190 1241 1252 1243 1225 1210 1167 1118 1075 1040 1014
-9999 -9999 -9999 -9999 -9999 -9999 -9999 -9999 -9999 -9999 -9999 -9999 -9999 -9999 -9999 -9999 -9999 -9999 -9999 -9999 -9999 -9999 -9999 -9999 -9999 -9999 -9999 -9999 -9999 -9999 -9999 -9999 -9999 -9999 -9999 -9999 -9999 -9999 985 1047 1114 1195 1302 1424 1557 1689 1928 1527 1222 1111 1004 700 672 612 621 679 566 612 605 604 800 770 739 638 790 1022 840 890 893 948 980 1056 1214 1256 1231 1224 1221 1205 1186 1170 1140 1103 1069 1038 1013
-9999 -9999 -9999 -9999 -9999 -9999 -9999 -9999 -9999 -9999 -9999 -9999 -9999 -9999 -9999 -9999 -9999 -9999 -9999 -9999 -9999 -9999 -9999 -9999 -9999 -9999 -9999 -9999 -9999 -9999 -9999 -9999 -9999 -9999 -9999 -9999 887 915 957 1019 1082 1123 1202 1293 1576 1844 1570 949 897 847 720 621 606 608 559 601 558 524 544 561 778 1095 803 732 913 1192 1185 953 1053 1102 1180 1247 1327 1276 1230 1211 1207 1194 1171 1146 1119 1084 1057 1032 1009
-9999 -9999 -9999 -9999 -9999 -9999 -9999 -9999 -9999 -9999 -9999 -9999 -9999 -9999 -9999 -9999 -9999 -9999 -9999 -9999 -9999 -9999 -9999 -9999 -9999 -9999 -9999 -9999 -9999 -9999 -9999 -9999 -9999 -9999 -9999 816 862 885 910 942 1034 1091 1156 1319 1367 1395 1129 954 728 609 559 524 533 518 516 519 429 474 748 704 632 855 748 802 1234 1116 963 1073 1313 1316 1330 1335 1324 1280 1235 1207 1198 1180 1151 1124 1095 1065 1042 1022 1002
-9999 -9999 -9999 -9999 -9999 -9999 -9999 -9999 -9999 -9999 -9999 -9999 -9999 -9999 -9999 -9999 -9999 -9999 -9999 -9999 -9999 -9999 -9999 -9999 -9999 -9999 -9999 -9999 -9999 -9999 -9999 -9999 -9999 -9999 761 800 823 856 859 880 947 1087 1077 1224 1370 1194 730 789 577 530 470 460 417 444 463 399 428 541 539 615 734 1004 1219 1116 1383 1337 1153 1369 1336 1323 1323 1318 1301 1271 1234 1203 1180 1156 1127 1098 1072 1043 1024 1008 993
-9999 -9999 -9999 -9999 -9999 -9999 -9999 -9999 -9999 -9999 -9999 -9999 -9999 -9999 -9999 -9999 -9999 -9999 -9999 -9999 -9999 -9999 -9999 -9999 -9999 -9999 -9999 -9999 -9999 -9999 563 632 696 761 819 873 871 873 860 863 942 1098 1119 1200 1157 943 761 582 500 438 419 388 370 388 418 393 477 534 536 808 896 807 919 1316 1469 1420 1355 1331 1320 1318 1311 1303 1280 1251 1221 1189 1162 1132 1101 1071 1045 1020 1003 992 981
-9999 -9999 -9999 -9999 -9999 -9999 -9999 -9999 -9999 -9999 -9999 -9999 -9999 -9999 -9999 -9999 -9999 -9999 -9999 -9999 -9999 -9999 -9999 -9999 -9999 -9999 -9999 464 458 546 611 673 748 821 903 999 1012 953 922 905 982 1125 1077 814 797 688 542 452 421 459 399 350 358 337 355 493 521 569 604 846 835 878 966 1376 1366 1391 1363 1299 1305 1306 1298 1282 1258 1230 1200 1167 1137 1108 1077 1045 1015 993 982 975 971
-9999 -9999 -9999 -9999 -9999 -9999 -9999 -9999 -9999 -9999 -9999 -9999 -9999 -9999 -9999 -9999 -9999 -9999 -9999 -9999 -9999 -9999 -9999 -9999 -9999 -9999 523 510 527 663 691 716 815 882 953 1060 1058 1007 946 970 1048 986 992 749 584 521 448 410 414 428 342 332 319 328 377 468 413 629 648 731 804 1090 1283 1271 1270 1307 1326 1307 1303 1295 1284 1265 1240 1208 1176 1144 1111 1079 1049 1015 986 964 959 959 959
-9999 -9999 -9999 -9999 -9999 -9999 -9999 -9999 -9999 -9999 -9999 -9999 -9999 -9999 -9999 -9999 -9999 -9999 -9999 -9999 -9999 -9999 -9999 658 645 619 617 608 619 675 727 784 878 925 984 1060 1053 992 953 948 900 752 782 730 656 476 395 363 450 379 330 326 318 334 414 416 452 559 676 861 1086 1207 1146 1162 1194 1227 1263 1280 1289 1283 1267 1241 1214 1184 1151 1120 1088 1053 1021 989 956 934 936 943 950
-9999 -9999 -9999 -9999 -9999 -9999 -9999 -9999 -9999 -9999 -9999 -9999 -9999 -9999 -9999 -9999 -9999 -9999 -9999 -9999 -9999 -9999 -9999 721 725 701 701 701 773 720 850 866 935 966 1009 1045 1023 974 935 889 803 722 634 554 517 435 348 374 379 382 339 326 355 358 367 439 513 656 845 1045 1074 1067 1083 1111 1132 1165 1216 1247 1257 1250 1234 1214 1185 1157 1126 1095 1064 1030 999 970 938 918 922 935 945
-9999 -9999 -9999 -9999 -9999 -9999 -9999 -9999 -9999 -9999 -9999 -9999 -9999 -9999 -9999 -9999 -9999 -9999 -9999 -9999 -9999 -9999 -9999 -9999 812 780 792 828 854 800 902 969 1016 1066 1046 1040 1016 949 885 827 770 705 662 554 492 368 310 307 308 296 319 333 374 366 399 552 562 772 975 1052 1078 1055 1055 1090 1109 1144 1198 1220 1231 1219 1200 1179 1158 1129 1101 1071 1042 1014 988 963 936 921 923 933 945
-9999 -9999 -9999 -9999 -9999 -9999 -9999 -9999 -9999 -9999 -9999 -9999 -9999 -9999 -9999 -9999 -9999 -9999 -9999 -9999 -9999 -9999 -9999 -9999 842 829 852 886 910 934 960 1068 1146 1144 1130 1099 1004 946 926 814 769 683 519 478 416 322 249 243 282 290 299 337 395 368 458 521 731 918 931 997 1025 1031 1047 1086 1119 1167 1203 1207 1199 1191 1171 1147 1123 1102 1083 1055 1028 999 973 955 936 925 926 935 949
-9999 -9999 -9999 -9999 -9999 -9999 -9999 -9999 -9999 -9999 -9999 -9999 -9999 -9999 -9999 -9999 -9999 -9999 -9999 -9999 -9999 -9999 -9999 784 826 851 923 1015 1023 1036 1064 1108 1187 1215 1208 1160 1013 1039 984 867 747 697 508 488 439 287 197 188 205 266 315 301 341 408 478 630 863 853 880 947 973 999 1038 1084 1127 1169 1189 1182 1165 1151 1133 1113 1103 1083 1059 1038 1016 995 968 950 936 927 930 938 951
-9999 -9999 -9999 -9999 -9999 -9999 -9999 -9999 -9999 -9999 -9999 -9999 -9999 -9999 -9999 -9999 -9999 -9999 -9999 -9999 -9999 -9999 -9999 -9999 792 857 984 1083 1093 1065 1119 1190 1251 1296 1294 1235 1065 1038 947 843 690 676 562 480 387 279 220 258 218 273 329 307 366 491 561 806 870 854 877 920 960 988 1030 1078 1114 1144 1154 1155 1141 1119 1096 1081 1075 1063 1042 1021 999 981 965 951 940 937 937 942 956
