bio_clim/bio_1.asc
ncols         156
nrows         252
xllcorner     -82
yllcorner     -8
cellsize      0.083333337679505
NODATA_value  -9999
[rows 39 to 77 of 252, columns 0 to 88 of 156]
-9999 -9999 -9999 -9999 -9999 -9999 -9999 -9999 -9999 -9999 -9999 -9999 -9999 -9999 -9999 -9999 -9999 -9999 -9999 -9999 -9999 -9999 -9999 -9999 -9999 -9999 -9999 -9999 -9999 -9999 -9999 -9999 -9999 -9999 -9999 -9999 -9999 -9999 -9999 -9999 -9999 -9999 -9999 -9999 -9999 -9999 -9999 -9999 -9999 -9999 -9999 -9999 -9999 -9999 -9999 -9999 -9999 -9999 -9999 -9999 -9999 -9999 -9999 -9999 -9999 -9999 -9999 -9999 -9999 -9999 -9999 -9999 -9999 -9999 -9999 -9999 276 276 275 272 259 259 267 271 273 277 280 280 277
-9999 -9999 -9999 -9999 -9999 -9999 -9999 -9999 -9999 -9999 -9999 -9999 -9999 -9999 -9999 -9999 -9999 -9999 -9999 -9999 -9999 -9999 -9999 -9999 -9999 -9999 -9999 -9999 -9999 -9999 -9999 -9999 -9999 -9999 -9999 -9999 -9999 -9999 -9999 -9999 -9999 -9999 -9999 -9999 -9999 -9999 -9999 -9999 -9999 -9999 -9999 -9999 -9999 -9999 -9999 -9999 -9999 -9999 -9999 -9999 -9999 -9999 -9999 -9999 -9999 -9999 -9999 -9999 -9999 -9999 -9999 -9999 -9999 -9999 -9999 -9999 -9999 276 276 269 256 257 265 270 275 277 279 279 277
-9999 -9999 -9999 -9999 -9999 -9999 -9999 -9999 -9999 -9999 -9999 -9999 -9999 -9999 -9999 -9999 -9999 -9999 -9999 -9999 -9999 -9999 -9999 -9999 -9999 -9999 -9999 -9999 259 259 262 261 264 264 263 266 -9999 -9999 -9999 -9999 -9999 -9999 -9999 -9999 -9999 -9999 -9999 -9999 -9999 -9999 -9999 -9999 -9999 -9999 -9999 -9999 -9999 -9999 -9999 -9999 -9999 -9999 -9999 -9999 -9999 -9999 -9999 -9999 -9999 -9999 -9999 -9999 -9999 -9999 -9999 -9999 -9999 276 275 263 262 264 265 271 274 277 279 278 276
-9999 -9999 -9999 -9999 -9999 -9999 -9999 -9999 -9999 -9999 -9999 -9999 -9999 -9999 -9999 -9999 -9999 -9999 -9999 -9999 -9999 -9999 -9999 -9999 -9999 -9999 -9999 256 232 243 250 251 249 256 264 -9999 266 -9999 -9999 -9999 -9999 -9999 -9999 -9999 -9999 -9999 -9999 -9999 -9999 -9999 -9999 -9999 -9999 -9999 -9999 -9999 -9999 -9999 -9999 -9999 -9999 -9999 -9999 -9999 -9999 -9999 -9999 -9999 -9999 -9999 -9999 -9999 -9999 -9999 -9999 -9999 -9999 275 273 270 268 265 269 271 275 278 278 278 277
-9999 -9999 -9999 -9999 -9999 -9999 -9999 -9999 -9999 -9999 -9999 -9999 -9999 -9999 -9999 -9999 -9999 -9999 -9999 -9999 -9999 -9999 -9999 -9999 -9999 266 264 252 248 254 243 242 239 250 257 259 258 253 246 248 255 259 259 -9999 -9999 -9999 -9999 -9999 -9999 -9999 -9999 -9999 -9999 -9999 -9999 -9999 -9999 -9999 -9999 -9999 -9999 -9999 -9999 -9999 -9999 -9999 -9999 -9999 -9999 -9999 -9999 -9999 275 275 275 274 275 275 272 270 268 268 270 272 274 277 278 278 277
-9999 -9999 -9999 -9999 -9999 -9999 -9999 -9999 -9999 -9999 -9999 -9999 -9999 -9999 -9999 -9999 -9999 -9999 -9999 -9999 -9999 -9999 -9999 -9999 265 266 264 260 260 255 246 241 236 246 251 249 248 249 249 250 248 248 252 256 257 -9999 -9999 -9999 -9999 -9999 -9999 -9999 -9999 -9999 -9999 -9999 -9999 -9999 -9999 -9999 -9999 -9999 -9999 -9999 -9999 -9999 -9999 -9999 -9999 -9999 -9999 273 275 274 274 273 274 273 271 267 269 271 272 273 274 276 278 278 278
-9999 -9999 -9999 -9999 -9999 -9999 -9999 -9999 -9999 -9999 -9999 -9999 -9999 -9999 -9999 -9999 -9999 -9999 -9999 -9999 -9999 -9999 266 265 265 266 263 259 264 259 244 233 248 254 257 263 263 262 261 261 260 259 253 249 250 254 255 263 -9999 -9999 -9999 -9999 -9999 -9999 -9999 -9999 -9999 -9999 -9999 -9999 -9999 -9999 -9999 -9999 -9999 -9999 -9999 -9999 -9999 -9999 272 271 274 276 276 276 275 272 270 270 270 273 273 274 276 276 278 278 278
-9999 257 -9999 -9999 -9999 -9999 -9999 -9999 -9999 -9999 -9999 -9999 -9999 -9999 -9999 -9999 -9999 -9999 265 264 266 265 265 265 267 265 265 264 262 260 257 259 264 265 266 265 263 261 263 263 263 264 262 260 258 252 244 249 262 -9999 -9999 -9999 -9999 -9999 -9999 -9999 -9999 -9999 -9999 -9999 -9999 -9999 -9999 -9999 -9999 -9999 -9999 -9999 -9999 -9999 271 270 272 275 276 276 276 273 272 271 273 274 275 276 277 278 278 279 278
-9999 -9999 257 -9999 -9999 -9999 -9999 -9999 -9999 -9999 -9999 -9999 -9999 -9999 -9999 -9999 262 264 261 262 265 265 266 267 267 266 265 263 264 265 268 267 267 267 266 264 257 255 257 254 259 263 263 261 260 259 255 250 250 263 -9999 -9999 -9999 -9999 -9999 -9999 -9999 -9999 -9999 -9999 -9999 -9999 -9999 -9999 -9999 -9999 -9999 -9999 -9999 271 270 270 272 276 276 277 276 276 273 274 275 275 276 277 278 279 279 279 279
-9999 257 -9999 258 -9999 -9999 -9999 -9999 -9999 -9999 -9999 -9999 -9999 -9999 -9999 264 262 264 263 264 264 264 264 264 264 264 265 266 265 270 -9999 -9999 -9999 -9999 -9999 -9999 264 262 250 246 235 256 256 261 262 261 260 259 252 253 265 -9999 -9999 -9999 -9999 -9999 -9999 -9999 -9999 -9999 -9999 -9999 -9999 -9999 -9999 -9999 -9999 -9999 269 270 268 269 272 276 276 277 277 277 274 274 276 276 277 278 278 279 279 280 280
256 257 254 257 260 -9999 -9999 -9999 -9999 -9999 -9999 -9999 -9999 267 264 263 264 266 266 265 264 262 262 262 262 265 267 -9999 -9999 -9999 -9999 -9999 -9999 -9999 -9999 -9999 -9999 265 263 260 253 240 233 256 258 261 262 262 260 257 250 263 -9999 -9999 -9999 -9999 -9999 -9999 -9999 -9999 -9999 -9999 -9999 -9999 -9999 -9999 -9999 268 267 269 266 270 273 276 277 277 277 276 273 275 276 277 278 279 279 279 279 280 280
250 237 246 242 249 254 254 260 -9999 -9999 263 262 264 264 265 262 265 266 264 265 264 261 258 260 259 266 269 -9999 -9999 -9999 -9999 -9999 -9999 -9999 -9999 -9999 -9999 -9999 -9999 262 264 255 234 254 253 263 262 263 263 261 251 249 258 -9999 -9999 -9999 -9999 -9999 -9999 -9999 -9999 -9999 -9999 -9999 -9999 -9999 266 264 266 267 266 271 274 275 276 276 274 273 272 274 276 278 278 279 279 279 279 279 280
236 209 237 223 227 231 234 240 239 259 248 239 243 249 241 247 247 252 256 258 264 259 244 242 247 265 270 -9999 -9999 -9999 -9999 -9999 -9999 -9999 -9999 -9999 -9999 -9999 -9999 -9999 264 263 254 254 254 261 263 263 263 262 259 248 248 259 -9999 -9999 -9999 -9999 -9999 -9999 -9999 -9999 -9999 -9999 265 265 265 264 266 264 265 272 273 274 275 275 270 270 272 274 276 277 278 278 279 279 279 279 279
206 169 212 223 205 194 219 219 236 254 233 227 230 214 221 221 233 254 264 261 263 255 231 240 263 270 -9999 -9999 -9999 -9999 -9999 -9999 -9999 -9999 -9999 268 -9999 -9999 -9999 -9999 -9999 -9999 262 260 254 260 263 263 264 263 262 258 242 245 256 255 -9999 -9999 -9999 -9999 -9999 -9999 264 264 262 262 264 266 263 263 267 272 273 273 273 273 268 271 273 274 276 277 278 278 278 278 278 278 278
230 194 190 185 188 198 205 206 200 223 225 230 219 207 213 225 250 266 265 267 266 260 251 258 268 -9999 -9999 -9999 -9999 -9999 -9999 -9999 -9999 -9999 -9999 -9999 -9999 -9999 -9999 -9999 -9999 -9999 264 264 262 263 263 261 263 264 264 262 250 241 238 254 260 -9999 -9999 -9999 -9999 264 264 263 262 261 260 265 265 264 268 272 272 272 272 271 270 272 273 275 276 278 278 278 278 279 278 278 278
236 229 224 215 229 223 236 239 229 233 234 241 234 235 234 255 261 268 269 271 270 269 267 268 -9999 -9999 -9999 -9999 -9999 -9999 -9999 -9999 -9999 -9999 -9999 -9999 268 -9999 -9999 -9999 -9999 -9999 260 264 265 264 263 261 260 265 265 264 259 243 223 237 259 -9999 -9999 -9999 -9999 -9999 264 262 262 260 258 262 266 265 265 271 272 273 273 272 272 273 274 276 277 278 279 279 279 279 278 278 278
253 246 242 243 244 247 249 246 248 244 248 253 253 251 259 263 266 270 271 272 272 272 270 -9999 -9999 -9999 -9999 -9999 -9999 -9999 -9999 -9999 -9999 -9999 -9999 -9999 266 265 -9999 -9999 -9999 -9999 -9999 -9999 -9999 265 264 265 264 260 266 264 262 255 239 219 250 257 257 -9999 -9999 -9999 -9999 262 260 261 260 262 264 262 268 272 272 273 274 273 273 274 275 277 278 278 279 279 279 279 279 278 278
265 263 255 253 252 251 254 253 255 252 257 258 259 264 266 266 268 271 272 -9999 -9999 -9999 -9999 -9999 -9999 -9999 -9999 -9999 -9999 -9999 -9999 -9999 -9999 -9999 266 -9999 267 -9999 -9999 -9999 -9999 -9999 -9999 -9999 -9999 -9999 262 265 267 262 266 265 264 261 244 213 222 250 259 -9999 -9999 -9999 -9999 261 258 258 260 261 260 265 270 272 272 273 273 273 273 275 276 276 278 278 279 279 280 280 280 279 279
266 266 266 260 253 256 252 256 256 257 260 263 266 268 269 269 270 272 -9999 -9999 -9999 -9999 -9999 -9999 -9999 -9999 -9999 -9999 -9999 -9999 -9999 -9999 -9999 -9999 -9999 -9999 -9999 -9999 -9999 -9999 -9999 -9999 -9999 -9999 -9999 261 260 259 267 268 267 267 265 263 242 223 202 235 257 263 -9999 -9999 -9999 259 255 256 259 256 261 266 270 271 271 272 271 272 273 274 275 277 278 277 278 279 280 281 281 280 279
-9999 -9999 -9999 262 254 251 253 261 260 258 262 263 265 268 269 269 271 272 -9999 -9999 -9999 -9999 -9999 -9999 -9999 -9999 -9999 -9999 -9999 -9999 -9999 -9999 -9999 -9999 -9999 -9999 -9999 -9999 -9999 -9999 -9999 -9999 -9999 -9999 -9999 261 257 259 266 268 268 268 267 263 249 219 203 220 255 264 264 264 -9999 263 259 251 255 254 260 266 269 268 269 266 268 271 273 274 275 277 277 277 278 279 280 282 282 281 279
-9999 -9999 -9999 266 265 258 255 261 262 261 264 266 265 266 268 270 270 273 -9999 -9999 -9999 -9999 -9999 -9999 -9999 -9999 -9999 -9999 -9999 -9999 -9999 -9999 -9999 -9999 -9999 -9999 -9999 -9999 -9999 -9999 -9999 -9999 -9999 259 263 263 254 258 262 267 267 258 265 264 256 238 220 222 258 265 265 265 -9999 265 264 255 249 256 259 264 266 248 255 262 270 271 274 274 275 277 278 278 279 280 282 283 283 282 273
-9999 -9999 -9999 -9999 -9999 261 252 258 264 264 265 267 265 262 265 269 271 273 274 274 -9999 -9999 -9999 -9999 -9999 -9999 -9999 -9999 -9999 -9999 -9999 -9999 -9999 -9999 -9999 -9999 -9999 -9999 -9999 -9999 -9999 -9999 -9999 244 253 263 258 255 262 265 260 231 260 262 261 253 236 238 256 266 266 -9999 -9999 266 265 246 241 252 262 259 246 226 243 261 271 271 274 275 276 277 278 279 280 282 283 284 284 282 266
-9999 -9999 -9999 -9999 -9999 257 252 251 261 265 266 267 262 256 260 266 270 272 270 272 -9999 -9999 -9999 -9999 -9999 -9999 -9999 -9999 -9999 -9999 -9999 -9999 -9999 -9999 -9999 -9999 -9999 -9999 -9999 -9999 -9999 -9999 -9999 -9999 243 255 259 257 258 262 252 223 247 260 261 259 251 248 262 266 266 266 267 267 266 247 237 252 261 257 246 244 251 268 269 272 274 275 276 277 278 280 280 282 284 285 286 278 261
-9999 -9999 -9999 -9999 -9999 259 254 255 261 265 -9999 265 260 251 247 255 264 269 268 269 271 272 -9999 -9999 -9999 -9999 -9999 -9999 -9999 -9999 -9999 -9999 -9999 -9999 -9999 -9999 -9999 -9999 -9999 -9999 -9999 -9999 -9999 -9999 229 240 234 259 245 254 243 215 233 258 257 256 262 260 267 267 267 267 268 268 266 255 243 257 258 258 249 256 256 269 270 272 270 272 275 277 279 280 280 283 285 286 288 283 266
-9999 -9999 -9999 -9999 -9999 -9999 257 256 263 265 -9999 266 264 242 234 246 260 267 260 261 267 271 271 -9999 -9999 -9999 -9999 -9999 -9999 -9999 -9999 -9999 -9999 -9999 -9999 -9999 -9999 -9999 -9999 -9999 -9999 -9999 -9999 -9999 252 227 215 242 241 252 242 210 230 254 252 258 266 267 267 268 268 268 269 269 267 255 228 244 257 262 261 262 258 268 267 261 257 262 275 276 279 279 280 283 285 287 289 285 270
-9999 -9999 -9999 -9999 -9999 -9999 -9999 -9999 -9999 -9999 -9999 -9999 264 249 231 239 256 251 246 253 258 265 269 -9999 -9999 -9999 -9999 -9999 -9999 -9999 -9999 -9999 -9999 -9999 -9999 -9999 -9999 -9999 -9999 -9999 -9999 -9999 -9999 -9999 -9999 251 237 237 219 248 252 231 223 239 247 264 267 268 268 268 269 269 270 270 268 241 228 235 251 257 264 264 257 260 238 233 243 258 272 276 278 276 271 282 285 287 288 285 266
-9999 -9999 254 -9999 -9999 -9999 -9999 -9999 -9999 -9999 -9999 -9999 -9999 247 239 235 260 252 249 250 257 261 264 268 -9999 -9999 -9999 -9999 -9999 -9999 -9999 -9999 -9999 -9999 -9999 -9999 -9999 -9999 -9999 -9999 -9999 -9999 -9999 -9999 -9999 -9999 259 248 221 230 253 248 237 226 246 265 267 268 268 269 269 270 270 271 270 256 219 235 242 253 257 260 256 227 229 230 238 248 257 271 275 265 261 279 284 286 286 285 262
-9999 -9999 251 -9999 -9999 -9999 -9999 -9999 -9999 -9999 -9999 -9999 -9999 262 258 233 261 262 266 268 264 264 265 267 -9999 -9999 -9999 -9999 -9999 -9999 -9999 -9999 -9999 -9999 -9999 -9999 -9999 -9999 -9999 -9999 -9999 -9999 -9999 -9999 -9999 -9999 -9999 254 243 234 246 249 243 241 257 266 267 268 269 269 270 267 271 272 272 266 219 230 235 243 248 249 248 215 212 222 240 241 233 260 270 246 256 270 278 282 282 283 260
-9999 -9999 -9999 258 259 -9999 -9999 -9999 -9999 -9999 -9999 -9999 -9999 265 258 230 229 252 265 269 -9999 -9999 -9999 -9999 -9999 -9999 -9999 -9999 -9999 -9999 -9999 -9999 -9999 -9999 -9999 -9999 -9999 -9999 -9999 -9999 -9999 -9999 -9999 -9999 -9999 -9999 -9999 -9999 238 245 246 251 248 252 259 262 264 269 269 270 270 271 272 273 273 272 247 216 218 214 233 230 225 182 183 203 204 193 219 253 257 241 251 263 271 275 277 280 264
-9999 -9999 256 -9999 -9999 -9999 -9999 -9999 -9999 -9999 -9999 -9999 -9999 257 229 222 241 249 263 -9999 -9999 -9999 -9999 -9999 -9999 -9999 -9999 -9999 -9999 -9999 -9999 -9999 -9999 -9999 -9999 -9999 -9999 -9999 -9999 -9999 -9999 -9999 -9999 -9999 -9999 -9999 -9999 -9999 247 239 256 248 252 246 256 251 261 269 270 271 271 272 273 273 274 273 265 229 189 200 212 216 205 162 161 181 196 191 217 246 235 238 234 248 266 269 270 275 264
-9999 -9999 -9999 -9999 -9999 -9999 -9999 -9999 -9999 -9999 -9999 -9999 -9999 254 257 -9999 -9999 -9999 -9999 -9999 -9999 -9999 -9999 -9999 -9999 -9999 -9999 -9999 -9999 -9999 -9999 -9999 -9999 -9999 -9999 -9999 -9999 -9999 -9999 -9999 -9999 -9999 -9999 -9999 -9999 -9999 -9999 -9999 -9999 249 259 252 245 241 248 255 267 269 270 272 273 273 273 273 273 269 267 247 194 172 183 182 163 157 200 210 210 230 237 234 227 227 219 238 264 260 263 264 268
-9999 -9999 -9999 -9999 -9999 -9999 -9999 -9999 -9999 -9999 -9999 -9999 -9999 -9999 -9999 -9999 -9999 -9999 -9999 -9999 -9999 -9999 -9999 -9999 -9999 -9999 -9999 -9999 -9999 -9999 -9999 -9999 -9999 -9999 -9999 -9999 -9999 -9999 -9999 -9999 -9999 -9999 -9999 -9999 -9999 -9999 -9999 -9999 -9999 -9999 -9999 262 253 253 250 265 268 267 268 272 274 274 275 271 271 258 256 236 189 154 144 153 109 150 201 223 224 214 210 210 218 210 206 236 245 255 259 253 265
-9999 -9999 -9999 -9999 -9999 -9999 -9999 -9999 -9999 -9999 -9999 -9999 -9999 -9999 -9999 -9999 -9999 -9999 -9999 -9999 -9999 -9999 -9999 -9999 -9999 -9999 -9999 -9999 -9999 -9999 -9999 -9999 -9999 -9999 -9999 -9999 -9999 -9999 -9999 -9999 -9999 -9999 -9999 -9999 -9999 -9999 -9999 -9999 -9999 -9999 -9999 -9999 256 259 258 259 267 264 269 273 274 275 276 269 266 245 250 249 222 215 202 166 152 196 233 224 202 189 176 194 213 214 197 234 229 246 245 248 256
-9999 -9999 -9999 -9999 -9999 -9999 -9999 -9999 -9999 -9999 -9999 -9999 -9999 -9999 -9999 -9999 -9999 -9999 -9999 -9999 -9999 -9999 -9999 -9999 -9999 -9999 -9999 -9999 -9999 -9999 -9999 -9999 -9999 -9999 -9999 -9999 -9999 -9999 -9999 -9999 -9999 -9999 -9999 -9999 -9999 -9999 -9999 -9999 -9999 -9999 -9999 -9999 257 252 256 253 262 263 270 273 275 276 277 274 267 246 242 239 221 212 198 191 152 192 221 199 177 144 158 177 202 204 214 210 214 232 241 244 252
-9999 -9999 -9999 -9999 -9999 -9999 -9999 -9999 -9999 -9999 -9999 -9999 -9999 -9999 -9999 -9999 -9999 -9999 -9999 -9999 -9999 -9999 -9999 -9999 -9999 -9999 -9999 -9999 -9999 -9999 -9999 -9999 -9999 -9999 -9999 -9999 -9999 -9999 -9999 -9999 -9999 -9999 -9999 -9999 -9999 -9999 -9999 -9999 -9999 -9999 -9999 -9999 255 249 252 248 255 262 270 273 275 277 277 274 250 239 237 229 199 219 221 204 169 219 201 154 133 125 145 177 199 215 203 200 208 220 231 242 252
-9999 -9999 -9999 -9999 -9999 -9999 -9999 -9999 -9999 -9999 -9999 -9999 -9999 -9999 -9999 -9999 -9999 -9999 -9999 -9999 -9999 -9999 -9999 -9999 -9999 -9999 -9999 -9999 -9999 -9999 -9999 -9999 -9999 -9999 -9999 -9999 -9999 -9999 -9999 -9999 -9999 -9999 -9999 -9999 -9999 -9999 -9999 -9999 -9999 -9999 -9999 -9999 -9999 254 252 248 243 260 268 272 276 277 277 273 251 234 230 227 185 204 213 207 178 232 174 121 134 132 137 165 191 209 221 208 210 217 229 240 252
-9999 -9999 -9999 -9999 -9999 -9999 -9999 -9999 -9999 -9999 -9999 -9999 -9999 -9999 -9999 -9999 -9999 -9999 -9999 -9999 -9999 -9999 -9999 -9999 -9999 -9999 -9999 -9999 -9999 -9999 -9999 -9999 -9999 -9999 -9999 -9999 -9999 -9999 -9999 -9999 -9999 -9999 -9999 -9999 -9999 -9999 -9999 -9999 -9999 -9999 -9999 -9999 -9999 -9999 262 250 253 263 268 271 275 276 276 275 244 231 237 239 195 176 188 184 176 226 214 130 137 144 143 153 189 203 226 212 215 221 228 239 252
-9999 -9999 -9999 -9999 -9999 -9999 -9999 -9999 -9999 -9999 -9999 -9999 -9999 -9999 -9999 -9999 -9999 -9999 -9999 -9999 -9999 -9999 -9999 -9999 -9999 -9999 -9999 -9999 -9999 -9999 -9999 -9999 -9999 -9999 -9999 -9999 -9999 -9999 -9999 -9999 -9999 -9999 -9999 -9999 -9999 -9999 -9999 -9999 -9999 -9999 -9999 -9999 -9999 -9999 -9999 257 257 264 266 270 273 274 274 273 258 242 246 242 201 155 150 158 174 222 232 150 138 161 157 157 180 209 221 211 216 223 228 237 257
-9999 -9999 -9999 -9999 -9999 -9999 -9999 -9999 -9999 -9999 -9999 -9999 -9999 -9999 -9999 -9999 -9999 -9999 -9999 -9999 -9999 -9999 -9999 -9999 -9999 -9999 -9999 -9999 -9999 -9999 -9999 -9999 -9999 -9999 -9999 -9999 -9999 -9999 -9999 -9999 -9999 -9999 -9999 -9999 -9999 -9999 -9999 -9999 -9999 -9999 -9999 -9999 -9999 -9999 -9999 -9999 252 256 262 266 270 271 273 269 257 250 254 248 215 162 143 134 181 233 256 202 146 166 169 178 207 218 208 217 225 228 232 240 254
