bio_clim/bio_5.asc
ncols         156
nrows         252
xllcorner     -82
yllcorner     -8
cellsize      0.083333337679505
NODATA_value  -9999
[rows 117 to 155 of 252, columns 0 to 88 of 156]
-9999 -9999 -9999 -9999 -9999 -9999 -9999 -9999 -9999 -9999 -9999 -9999 -9999 -9999 -9999 -9999 -9999 -9999 -9999 -9999 -9999 -9999 -9999 -9999 -9999 -9999 -9999 -9999 -9999 -9999 -9999 -9999 -9999 -9999 -9999 -9999 -9999 -9999 -9999 -9999 -9999 -9999 -9999 -9999 -9999 -9999 -9999 -9999 -9999 -9999 -9999 -9999 -9999 310 311 312 312 313 312 294 284 282 223 246 288 302 304 304 303 278 167 123 155 211 207 223 275 253 279 294 349 350 343 325 270 248 205 198 244
-9999 -9999 -9999 -9999 -9999 -9999 -9999 -9999 -9999 -9999 -9999 -9999 -9999 -9999 -9999 -9999 -9999 -9999 -9999 -9999 -9999 -9999 -9999 -9999 -9999 -9999 -9999 -9999 -9999 -9999 -9999 -9999 -9999 -9999 -9999 -9999 -9999 -9999 -9999 -9999 -9999 -9999 -9999 -9999 -9999 -9999 -9999 -9999 -9999 -9999 -9999 -9999 -9999 311 312 313 314 314 307 288 308 287 242 282 297 303 304 303 289 255 146 114 131 160 179 224 243 245 281 315 349 346 339 309 223 213 191 224 276
-9999 -9999 -9999 -9999 -9999 -9999 -9999 -9999 -9999 -9999 -9999 -9999 -9999 -9999 -9999 -9999 -9999 -9999 -9999 -9999 -9999 -9999 -9999 -9999 -9999 -9999 -9999 -9999 -9999 -9999 -9999 -9999 -9999 -9999 -9999 -9999 -9999 -9999 -9999 -9999 -9999 -9999 -9999 -9999 -9999 -9999 -9999 -9999 -9999 -9999 -9999 -9999 310 312 312 314 314 315 310 280 280 274 245 281 298 301 300 290 267 226 127 112 136 181 217 225 195 219 291 332 344 341 320 276 222 194 199 216 231
-9999 -9999 -9999 -9999 -9999 -9999 -9999 -9999 -9999 -9999 -9999 -9999 -9999 -9999 -9999 -9999 -9999 -9999 -9999 -9999 -9999 -9999 -9999 -9999 -9999 -9999 -9999 -9999 -9999 -9999 -9999 -9999 -9999 -9999 -9999 -9999 -9999 -9999 -9999 -9999 -9999 -9999 -9999 -9999 -9999 -9999 -9999 -9999 -9999 -9999 -9999 -9999 311 312 314 316 316 316 312 311 274 216 242 280 282 286 276 256 261 189 132 99 130 158 179 181 228 260 312 335 342 333 308 253 201 173 164 195 236
-9999 -9999 -9999 -9999 -9999 -9999 -9999 -9999 -9999 -9999 -9999 -9999 -9999 -9999 -9999 -9999 -9999 -9999 -9999 -9999 -9999 -9999 -9999 -9999 -9999 -9999 -9999 -9999 -9999 -9999 -9999 -9999 -9999 -9999 -9999 -9999 -9999 -9999 -9999 -9999 -9999 -9999 -9999 -9999 -9999 -9999 -9999 -9999 -9999 -9999 -9999 -9999 312 312 314 315 317 319 316 317 286 219 245 277 275 276 260 236 214 144 141 146 170 130 155 177 215 282 316 331 339 322 275 202 175 174 175 196 250
-9999 -9999 -9999 -9999 -9999 -9999 -9999 -9999 -9999 -9999 -9999 -9999 -9999 -9999 -9999 -9999 -9999 -9999 -9999 -9999 -9999 -9999 -9999 -9999 -9999 -9999 -9999 -9999 -9999 -9999 -9999 -9999 -9999 -9999 -9999 -9999 -9999 -9999 -9999 -9999 -9999 -9999 -9999 -9999 -9999 -9999 -9999 -9999 -9999 -9999 -9999 -9999 312 313 315 316 316 313 315 311 261 226 240 276 263 265 249 204 169 146 170 215 199 149 191 199 222 294 303 322 330 278 215 195 197 216 192 231 232
-9999 -9999 -9999 -9999 -9999 -9999 -9999 -9999 -9999 -9999 -9999 -9999 -9999 -9999 -9999 -9999 -9999 -9999 -9999 -9999 -9999 -9999 -9999 -9999 -9999 -9999 -9999 -9999 -9999 -9999 -9999 -9999 -9999 -9999 -9999 -9999 -9999 -9999 -9999 -9999 -9999 -9999 -9999 -9999 -9999 -9999 -9999 -9999 -9999 -9999 309 310 312 313 316 316 305 314 313 291 269 211 255 267 259 252 229 184 142 143 185 228 226 185 226 214 268 306 320 329 314 215 190 194 218 249 241 259 232
-9999 -9999 -9999 -9999 -9999 -9999 -9999 -9999 -9999 -9999 -9999 -9999 -9999 -9999 -9999 -9999 -9999 -9999 -9999 -9999 -9999 -9999 -9999 -9999 -9999 -9999 -9999 -9999 -9999 -9999 -9999 -9999 -9999 -9999 -9999 -9999 -9999 -9999 -9999 -9999 -9999 -9999 -9999 298 299 301 303 305 306 308 309 310 312 313 314 312 297 300 312 299 259 222 258 254 252 246 214 183 141 135 163 224 237 230 253 264 295 315 320 320 272 217 190 177 205 238 278 282 249
-9999 -9999 -9999 -9999 -9999 -9999 -9999 -9999 -9999 -9999 -9999 -9999 -9999 -9999 -9999 -9999 -9999 -9999 -9999 -9999 -9999 -9999 -9999 -9999 -9999 -9999 -9999 -9999 -9999 -9999 -9999 -9999 -9999 -9999 -9999 -9999 -9999 -9999 -9999 -9999 -9999 -9999 296 297 299 301 303 305 307 309 310 311 312 311 309 294 258 303 280 289 231 240 258 257 251 245 219 172 143 139 198 248 257 257 256 291 290 306 302 282 269 189 186 202 234 270 293 288 305
-9999 -9999 -9999 -9999 -9999 -9999 -9999 -9999 -9999 -9999 -9999 -9999 -9999 -9999 -9999 -9999 -9999 -9999 -9999 -9999 -9999 -9999 -9999 -9999 -9999 -9999 -9999 -9999 -9999 -9999 -9999 -9999 -9999 -9999 -9999 -9999 -9999 -9999 -9999 -9999 -9999 294 296 298 300 302 304 305 307 308 310 312 312 306 282 252 253 288 271 266 220 251 253 252 248 239 205 151 147 148 182 229 250 277 281 296 298 300 255 244 213 186 201 230 273 298 300 310 318
-9999 -9999 -9999 -9999 -9999 -9999 -9999 -9999 -9999 -9999 -9999 -9999 -9999 -9999 -9999 -9999 -9999 -9999 -9999 -9999 -9999 -9999 -9999 -9999 -9999 -9999 -9999 -9999 -9999 -9999 -9999 -9999 -9999 -9999 -9999 -9999 -9999 -9999 -9999 -9999 -9999 294 296 297 299 301 303 305 307 308 310 311 310 298 213 180 234 265 213 238 263 293 276 246 237 206 175 130 136 150 187 211 240 265 253 271 290 286 232 185 179 206 234 255 291 308 317 318 323
-9999 -9999 -9999 -9999 -9999 -9999 -9999 -9999 -9999 -9999 -9999 -9999 -9999 -9999 -9999 -9999 -9999 -9999 -9999 -9999 -9999 -9999 -9999 -9999 -9999 -9999 -9999 -9999 -9999 -9999 -9999 -9999 -9999 -9999 -9999 -9999 -9999 -9999 -9999 -9999 292 293 294 297 299 301 303 305 307 308 310 311 307 285 216 168 229 238 210 266 306 311 280 252 211 168 141 98 146 185 209 234 249 231 265 290 296 265 202 162 207 227 264 257 289 307 314 320 321
-9999 -9999 -9999 -9999 -9999 -9999 -9999 -9999 -9999 -9999 -9999 -9999 -9999 -9999 -9999 -9999 -9999 -9999 -9999 -9999 -9999 -9999 -9999 -9999 -9999 -9999 -9999 -9999 -9999 -9999 -9999 -9999 -9999 -9999 -9999 -9999 -9999 -9999 -9999 -9999 291 292 294 297 299 301 304 305 306 308 309 311 305 266 248 205 202 205 256 316 315 303 285 231 185 147 153 141 169 193 213 238 234 239 288 296 289 246 184 181 226 253 278 262 288 306 321 322 322
-9999 -9999 -9999 -9999 -9999 -9999 -9999 -9999 -9999 -9999 -9999 -9999 -9999 -9999 -9999 -9999 -9999 -9999 -9999 -9999 -9999 -9999 -9999 -9999 -9999 -9999 -9999 -9999 -9999 -9999 -9999 -9999 -9999 -9999 -9999 -9999 -9999 -9999 -9999 -9999 291 292 294 296 299 301 303 304 306 307 310 307 303 291 285 245 177 233 295 331 312 287 261 209 140 132 145 164 186 207 205 217 215 266 290 287 261 214 176 213 258 277 272 247 291 320 324 324 320
-9999 -9999 -9999 -9999 -9999 -9999 -9999 -9999 -9999 -9999 -9999 -9999 -9999 -9999 -9999 -9999 -9999 -9999 -9999 -9999 -9999 -9999 -9999 -9999 -9999 -9999 -9999 -9999 -9999 -9999 -9999 -9999 -9999 -9999 -9999 -9999 -9999 -9999 -9999 -9999 290 291 294 296 299 301 303 305 306 307 307 299 292 301 282 225 240 282 328 328 298 234 205 160 147 148 163 186 209 225 231 236 265 279 278 266 223 209 218 225 265 274 285 293 318 322 324 321 318
-9999 -9999 -9999 -9999 -9999 -9999 -9999 -9999 -9999 -9999 -9999 -9999 -9999 -9999 -9999 -9999 -9999 -9999 -9999 -9999 -9999 -9999 -9999 -9999 -9999 -9999 -9999 -9999 -9999 -9999 -9999 -9999 -9999 -9999 -9999 -9999 -9999 -9999 -9999 -9999 -9999 291 293 296 299 301 303 305 304 306 299 294 296 304 276 250 261 320 325 321 295 213 168 147 141 164 198 214 234 237 257 262 257 254 277 250 216 232 250 225 241 280 316 323 322 322 323 321 320
-9999 -9999 -9999 -9999 -9999 -9999 -9999 -9999 -9999 -9999 -9999 -9999 -9999 -9999 -9999 -9999 -9999 -9999 -9999 -9999 -9999 -9999 -9999 -9999 -9999 -9999 -9999 -9999 -9999 -9999 -9999 -9999 -9999 -9999 -9999 -9999 -9999 -9999 -9999 -9999 -9999 293 294 297 299 302 303 304 305 303 299 301 304 305 293 268 303 314 313 308 265 259 204 163 139 139 191 226 241 252 262 263 245 254 264 221 229 268 254 255 271 318 325 324 321 322 323 321 320
-9999 -9999 -9999 -9999 -9999 -9999 -9999 -9999 -9999 -9999 -9999 -9999 -9999 -9999 -9999 -9999 -9999 -9999 -9999 -9999 -9999 -9999 -9999 -9999 -9999 -9999 -9999 -9999 -9999 -9999 -9999 -9999 -9999 -9999 -9999 -9999 -9999 -9999 288 -9999 291 294 295 297 300 302 303 304 303 298 298 297 298 299 279 251 309 304 300 280 238 213 188 163 165 166 183 190 212 240 251 247 249 255 230 226 262 289 279 261 288 322 323 323 322 322 323 322 321
-9999 -9999 -9999 -9999 -9999 -9999 -9999 -9999 -9999 -9999 -9999 -9999 -9999 -9999 -9999 -9999 -9999 -9999 -9999 -9999 -9999 -9999 -9999 -9999 -9999 -9999 -9999 -9999 -9999 -9999 -9999 -9999 -9999 -9999 -9999 -9999 -9999 290 290 291 292 294 296 297 300 302 303 304 303 295 299 282 257 292 276 269 304 296 285 234 191 165 148 165 199 219 184 180 190 223 240 245 246 237 254 258 299 304 290 266 303 322 322 322 322 322 323 321 320
-9999 -9999 -9999 -9999 -9999 -9999 -9999 -9999 -9999 -9999 -9999 -9999 -9999 -9999 -9999 -9999 -9999 -9999 -9999 -9999 -9999 -9999 -9999 -9999 -9999 -9999 -9999 -9999 -9999 -9999 -9999 -9999 -9999 -9999 -9999 -9999 293 293 292 293 294 294 296 296 298 301 300 303 299 299 292 268 219 234 286 290 296 281 264 217 197 139 154 163 199 229 209 196 208 205 216 232 263 284 289 287 317 317 307 271 314 320 320 321 322 321 322 322 321
-9999 -9999 -9999 -9999 -9999 -9999 -9999 -9999 -9999 -9999 -9999 -9999 -9999 -9999 -9999 -9999 -9999 -9999 -9999 -9999 -9999 -9999 -9999 -9999 -9999 -9999 -9999 -9999 -9999 -9999 -9999 -9999 -9999 -9999 -9999 -9999 -9999 296 295 296 296 296 294 294 294 296 293 294 293 293 283 255 200 212 285 285 263 213 205 194 163 138 173 193 242 259 232 226 225 197 208 237 275 303 303 312 322 322 314 309 320 320 320 320 321 321 322 321 320
-9999 -9999 -9999 -9999 -9999 -9999 -9999 -9999 -9999 -9999 -9999 -9999 -9999 -9999 -9999 -9999 -9999 -9999 -9999 -9999 -9999 -9999 -9999 -9999 -9999 -9999 -9999 -9999 -9999 -9999 -9999 -9999 -9999 -9999 -9999 -9999 -9999 -9999 300 299 298 297 294 290 287 286 282 287 280 282 277 254 207 251 270 238 268 251 249 212 152 154 190 252 283 256 261 250 228 229 226 252 287 307 312 320 321 321 321 319 319 319 319 320 321 321 321 320 319
-9999 -9999 -9999 -9999 -9999 -9999 -9999 -9999 -9999 -9999 -9999 -9999 -9999 -9999 -9999 -9999 -9999 -9999 -9999 -9999 -9999 -9999 -9999 -9999 -9999 -9999 -9999 -9999 -9999 -9999 -9999 -9999 -9999 -9999 -9999 -9999 -9999 -9999 303 301 300 299 296 291 284 278 268 271 264 264 270 247 211 247 257 209 238 220 214 208 147 169 191 210 268 287 263 262 233 246 237 274 301 313 316 318 319 319 320 319 319 319 318 318 319 321 321 320 319
-9999 -9999 -9999 -9999 -9999 -9999 -9999 -9999 -9999 -9999 -9999 -9999 -9999 -9999 -9999 -9999 -9999 -9999 -9999 -9999 -9999 -9999 -9999 -9999 -9999 -9999 -9999 -9999 -9999 -9999 -9999 -9999 -9999 -9999 -9999 -9999 305 307 306 302 300 300 297 293 279 270 261 245 243 249 242 214 217 233 237 193 193 172 169 175 164 141 193 213 266 288 283 258 263 270 281 294 309 313 315 316 317 318 318 318 318 319 318 317 318 320 321 320 319
-9999 -9999 -9999 -9999 -9999 -9999 -9999 -9999 -9999 -9999 -9999 -9999 -9999 -9999 -9999 -9999 -9999 -9999 -9999 -9999 -9999 -9999 -9999 -9999 -9999 -9999 -9999 -9999 -9999 -9999 -9999 -9999 -9999 -9999 -9999 306 307 309 308 305 299 297 293 285 283 270 250 246 237 224 193 175 186 206 225 137 175 160 136 162 200 188 218 250 282 271 246 253 286 295 307 310 311 312 314 315 316 317 318 317 317 318 317 317 318 319 321 320 319
-9999 -9999 -9999 -9999 -9999 -9999 -9999 -9999 -9999 -9999 -9999 -9999 -9999 -9999 -9999 -9999 -9999 -9999 -9999 -9999 -9999 -9999 -9999 -9999 -9999 -9999 -9999 -9999 -9999 -9999 -9999 -9999 -9999 -9999 306 307 308 309 309 307 301 291 292 283 272 261 239 246 231 209 168 139 153 178 218 168 159 152 163 182 212 184 176 263 284 279 256 293 306 310 311 311 312 312 313 314 315 316 317 317 317 318 317 316 317 318 320 320 318
-9999 -9999 -9999 -9999 -9999 -9999 -9999 -9999 -9999 -9999 -9999 -9999 -9999 -9999 -9999 -9999 -9999 -9999 -9999 -9999 -9999 -9999 -9999 -9999 -9999 -9999 -9999 -9999 -9999 -9999 297 299 302 304 306 308 309 310 309 306 298 286 284 271 261 252 247 237 223 168 151 151 161 179 219 171 149 154 168 158 183 228 240 272 296 295 303 307 309 310 310 311 312 312 313 313 314 315 316 317 317 318 318 316 317 317 319 320 319
-9999 -9999 -9999 -9999 -9999 -9999 -9999 -9999 -9999 -9999 -9999 -9999 -9999 -9999 -9999 -9999 -9999 -9999 -9999 -9999 -9999 -9999 -9999 -9999 -9999 -9999 -9999 292 295 293 295 298 301 304 306 309 309 309 306 303 292 278 266 248 250 248 241 204 163 121 142 158 152 163 192 138 145 156 166 162 205 232 248 290 302 303 304 308 309 309 310 311 312 312 313 314 314 314 315 316 317 317 316 316 315 317 317 320 318
-9999 -9999 -9999 -9999 -9999 -9999 -9999 -9999 -9999 -9999 -9999 -9999 -9999 -9999 -9999 -9999 -9999 -9999 -9999 -9999 -9999 -9999 -9999 -9999 -9999 -9999 292 292 294 288 293 300 300 303 308 310 311 307 305 293 277 265 268 250 239 230 228 216 135 128 158 163 170 183 159 146 180 155 181 213 250 272 286 300 303 303 304 305 307 308 309 309 310 311 313 313 314 315 314 316 316 317 316 315 315 317 317 320 319
-9999 -9999 -9999 -9999 -9999 -9999 -9999 -9999 -9999 -9999 -9999 -9999 -9999 -9999 -9999 -9999 -9999 -9999 -9999 -9999 -9999 -9999 -9999 289 292 292 288 290 294 295 297 300 299 304 307 309 310 309 299 278 260 247 257 258 256 244 216 171 108 136 162 168 173 168 147 176 220 193 238 259 278 291 301 304 304 305 304 305 305 306 307 309 309 310 312 312 313 315 315 316 317 317 316 316 315 316 317 318 320
-9999 -9999 -9999 -9999 -9999 -9999 -9999 -9999 -9999 -9999 -9999 -9999 -9999 -9999 -9999 -9999 -9999 -9999 -9999 -9999 -9999 -9999 -9999 289 291 291 288 290 288 300 294 300 301 304 304 305 309 304 291 276 255 248 249 244 233 251 220 129 124 123 142 157 153 169 175 175 195 245 265 282 293 300 304 305 306 306 306 306 306 307 308 308 309 310 311 312 313 314 315 315 317 317 316 315 315 316 317 317 318
-9999 -9999 -9999 -9999 -9999 -9999 -9999 -9999 -9999 -9999 -9999 -9999 -9999 -9999 -9999 -9999 -9999 -9999 -9999 -9999 -9999 -9999 -9999 -9999 295 294 288 287 290 303 299 299 300 297 303 305 297 286 277 271 260 247 228 210 212 227 240 163 161 148 175 158 147 171 185 146 226 260 282 287 293 300 304 305 307 307 307 307 307 307 308 308 309 310 311 312 313 313 313 314 316 317 316 316 315 316 317 318 318
-9999 -9999 -9999 -9999 -9999 -9999 -9999 -9999 -9999 -9999 -9999 -9999 -9999 -9999 -9999 -9999 -9999 -9999 -9999 -9999 -9999 -9999 -9999 -9999 296 296 291 291 295 299 302 298 294 296 296 291 280 261 246 256 247 219 172 139 148 207 242 217 183 182 179 146 135 194 170 204 254 282 293 294 297 301 305 306 307 308 308 308 308 308 308 309 309 310 310 312 313 313 314 314 315 316 317 316 315 316 317 317 317
-9999 -9999 -9999 -9999 -9999 -9999 -9999 -9999 -9999 -9999 -9999 -9999 -9999 -9999 -9999 -9999 -9999 -9999 -9999 -9999 -9999 -9999 -9999 297 296 296 289 285 292 298 301 303 301 299 298 290 268 239 233 242 214 221 191 129 132 222 247 249 234 189 147 191 181 230 204 241 275 294 298 298 301 303 305 306 307 308 308 308 309 309 309 309 309 310 310 311 312 312 314 315 315 316 317 317 316 316 317 317 317
-9999 -9999 -9999 -9999 -9999 -9999 -9999 -9999 -9999 -9999 -9999 -9999 -9999 -9999 -9999 -9999 -9999 -9999 -9999 -9999 -9999 -9999 -9999 -9999 298 297 287 285 294 302 304 304 304 302 301 290 258 239 226 224 205 238 227 138 182 229 232 203 222 190 143 189 220 228 236 263 289 296 300 302 303 304 305 306 307 308 309 308 309 309 309 310 309 309 310 310 312 313 313 314 315 315 316 317 317 316 317 317 317
-9999 -9999 -9999 -9999 -9999 -9999 -9999 -9999 -9999 -9999 -9999 -9999 -9999 -9999 -9999 -9999 -9999 -9999 -9999 -9999 -9999 -9999 -9999 -9999 301 300 289 289 300 302 304 304 304 302 298 291 273 250 246 243 242 242 197 159 211 193 203 146 180 160 162 219 238 252 273 281 291 297 300 302 304 305 306 306 307 307 308 308 309 309 309 310 310 309 310 310 311 312 313 314 314 314 315 316 317 316 317 317 316
-9999 -9999 -9999 -9999 -9999 -9999 -9999 -9999 -9999 -9999 -9999 -9999 -9999 -9999 -9999 -9999 -9999 -9999 -9999 -9999 -9999 -9999 -9999 -9999 -9999 298 290 297 302 304 304 305 305 300 293 289 282 272 257 256 251 242 206 193 190 191 162 137 134 149 207 241 264 273 284 285 290 298 300 302 303 304 305 306 307 308 308 309 310 310 309 310 311 310 310 310 310 311 312 314 314 315 315 316 316 317 317 317 316
-9999 -9999 -9999 -9999 -9999 -9999 -9999 -9999 -9999 -9999 -9999 -9999 -9999 -9999 -9999 -9999 -9999 -9999 -9999 -9999 -9999 -9999 -9999 303 300 294 291 299 303 305 304 305 304 301 292 282 275 255 242 245 245 242 240 226 134 154 159 140 129 148 172 245 253 271 286 284 284 296 300 302 303 304 304 305 306 307 307 308 308 309 309 310 311 311 311 310 311 311 312 313 314 315 316 316 316 316 316 317 316
-9999 -9999 -9999 -9999 -9999 -9999 -9999 -9999 -9999 -9999 -9999 -9999 -9999 -9999 -9999 -9999 -9999 -9999 -9999 -9999 -9999 -9999 -9999 300 295 298 297 300 305 305 305 304 301 296 289 279 267 256 240 237 236 222 224 230 197 199 181 101 98 166 203 219 254 266 279 291 292 299 300 302 303 304 305 306 306 307 307 307 309 309 309 309 310 311 311 311 312 312 313 314 315 315 316 317 317 317 317 316 315
