bio_clim/bio_19.asc
ncols         156
nrows         252
xllcorner     -82
yllcorner     -8
cellsize      0.083333337679505
NODATA_value  -9999
[rows 38 to 75 of 252, columns 0 to 85 of 156]
-9999 -9999 -9999 -9999 -9999 -9999 -9999 -9999 -9999 -9999 -9999 -9999 -9999 -9999 -9999 -9999 -9999 -9999 -9999 -9999 -9999 -9999 -9999 -9999 -9999 -9999 -9999 -9999 -9999 -9999 -9999 -9999 -9999 -9999 -9999 -9999 -9999 -9999 -9999 -9999 -9999 -9999 -9999 -9999 -9999 -9999 -9999 -9999 -9999 -9999 -9999 -9999 -9999 -9999 -9999 -9999 -9999 -9999 -9999 -9999 -9999 -9999 -9999 -9999 -9999 -9999 -9999 -9999 -9999 -9999 -9999 -9999 -9999 -9999 -9999 -9999 396 418 442 467 457 398 355 314 256 227
-9999 -9999 -9999 -9999 -9999 -9999 -9999 -9999 -9999 -9999 -9999 -9999 -9999 -9999 -9999 -9999 -9999 -9999 -9999 -9999 -9999 -9999 -9999 -9999 -9999 -9999 -9999 -9999 -9999 -9999 -9999 -9999 -9999 -9999 -9999 -9999 -9999 -9999 -9999 -9999 -9999 -9999 -9999 -9999 -9999 -9999 -9999 -9999 -9999 -9999 -9999 -9999 -9999 -9999 -9999 -9999 -9999 -9999 -9999 -9999 -9999 -9999 -9999 -9999 -9999 -9999 -9999 -9999 -9999 -9999 -9999 -9999 -9999 -9999 -9999 -9999 382 395 420 443 414 377 324 291 261 237
-9999 -9999 -9999 -9999 -9999 -9999 -9999 -9999 -9999 -9999 -9999 -9999 -9999 -9999 -9999 -9999 -9999 -9999 -9999 -9999 -9999 -9999 -9999 -9999 -9999 -9999 -9999 -9999 -9999 -9999 -9999 -9999 -9999 -9999 -9999 -9999 -9999 -9999 -9999 -9999 -9999 -9999 -9999 -9999 -9999 -9999 -9999 -9999 -9999 -9999 -9999 -9999 -9999 -9999 -9999 -9999 -9999 -9999 -9999 -9999 -9999 -9999 -9999 -9999 -9999 -9999 -9999 -9999 -9999 -9999 -9999 -9999 -9999 -9999 -9999 -9999 -9999 376 399 417 390 366 323 290 260 244
-9999 -9999 -9999 -9999 -9999 -9999 -9999 -9999 -9999 -9999 -9999 -9999 -9999 -9999 -9999 -9999 -9999 -9999 -9999 -9999 -9999 -9999 -9999 -9999 -9999 -9999 -9999 -9999 1234 948 859 1018 732 923 650 882 -9999 -9999 -9999 -9999 -9999 -9999 -9999 -9999 -9999 -9999 -9999 -9999 -9999 -9999 -9999 -9999 -9999 -9999 -9999 -9999 -9999 -9999 -9999 -9999 -9999 -9999 -9999 -9999 -9999 -9999 -9999 -9999 -9999 -9999 -9999 -9999 -9999 -9999 -9999 -9999 -9999 357 386 391 381 350 319 289 269 252
-9999 -9999 -9999 -9999 -9999 -9999 -9999 -9999 -9999 -9999 -9999 -9999 -9999 -9999 -9999 -9999 -9999 -9999 -9999 -9999 -9999 -9999 -9999 -9999 -9999 -9999 -9999 1275 975 934 1084 1041 773 687 600 -9999 540 -9999 -9999 -9999 -9999 -9999 -9999 -9999 -9999 -9999 -9999 -9999 -9999 -9999 -9999 -9999 -9999 -9999 -9999 -9999 -9999 -9999 -9999 -9999 -9999 -9999 -9999 -9999 -9999 -9999 -9999 -9999 -9999 -9999 -9999 -9999 -9999 -9999 -9999 -9999 -9999 337 353 365 358 328 306 289 276 259
-9999 -9999 -9999 -9999 -9999 -9999 -9999 -9999 -9999 -9999 -9999 -9999 -9999 -9999 -9999 -9999 -9999 -9999 -9999 -9999 -9999 -9999 -9999 -9999 -9999 955 958 929 885 820 808 787 753 657 904 542 537 553 572 563 552 555 550 -9999 -9999 -9999 -9999 -9999 -9999 -9999 -9999 -9999 -9999 -9999 -9999 -9999 -9999 -9999 -9999 -9999 -9999 -9999 -9999 -9999 -9999 -9999 -9999 -9999 -9999 -9999 -9999 -9999 504 486 466 321 311 313 316 317 306 300 294 291 294 272
-9999 -9999 -9999 -9999 -9999 -9999 -9999 -9999 -9999 -9999 -9999 -9999 -9999 -9999 -9999 -9999 -9999 -9999 -9999 -9999 -9999 -9999 -9999 -9999 939 896 867 785 684 667 695 687 672 616 557 937 540 529 531 531 529 530 520 515 507 -9999 -9999 -9999 -9999 -9999 -9999 -9999 -9999 -9999 -9999 -9999 -9999 -9999 -9999 -9999 -9999 -9999 -9999 -9999 -9999 -9999 -9999 -9999 -9999 -9999 -9999 504 490 478 460 440 298 295 293 292 280 286 293 298 301 291
-9999 -9999 -9999 -9999 -9999 -9999 -9999 -9999 -9999 -9999 -9999 -9999 -9999 -9999 -9999 -9999 -9999 -9999 -9999 -9999 -9999 -9999 1320 923 838 788 728 634 525 505 607 619 550 500 846 782 785 801 835 480 483 480 489 494 490 482 470 457 -9999 -9999 -9999 -9999 -9999 -9999 -9999 -9999 -9999 -9999 -9999 -9999 -9999 -9999 -9999 -9999 -9999 -9999 -9999 -9999 -9999 -9999 508 494 478 462 443 429 415 415 282 280 281 289 300 311 319 333
-9999 863 -9999 -9999 -9999 -9999 -9999 -9999 -9999 -9999 -9999 -9999 -9999 -9999 -9999 -9999 -9999 -9999 1388 1376 1355 1317 1235 1106 717 968 630 824 445 423 452 443 747 724 710 709 775 832 872 876 465 434 430 461 475 466 450 436 411 -9999 -9999 -9999 -9999 -9999 -9999 -9999 -9999 -9999 -9999 -9999 -9999 -9999 -9999 -9999 -9999 -9999 -9999 -9999 -9999 -9999 497 482 470 456 446 431 417 419 430 441 285 299 314 330 350 392
-9999 -9999 885 -9999 -9999 -9999 -9999 -9999 -9999 -9999 -9999 -9999 -9999 -9999 -9999 -9999 1303 1347 1345 1321 1288 1230 1141 1019 927 894 862 488 432 397 659 671 673 851 874 913 854 914 946 928 470 422 405 441 457 451 436 421 406 542 -9999 -9999 -9999 -9999 -9999 -9999 -9999 -9999 -9999 -9999 -9999 -9999 -9999 -9999 -9999 -9999 -9999 -9999 -9999 496 477 466 454 445 448 441 289 283 443 284 295 314 333 352 378 431
-9999 871 -9999 865 -9999 -9999 -9999 -9999 -9999 -9999 -9999 -9999 -9999 -9999 -9999 1203 1236 1288 1275 1253 1220 1164 1086 987 887 830 811 761 715 660 -9999 -9999 -9999 -9999 -9999 -9999 1026 901 960 945 904 454 438 434 438 431 417 635 617 572 551 -9999 -9999 -9999 -9999 -9999 -9999 -9999 -9999 -9999 -9999 -9999 -9999 -9999 -9999 -9999 -9999 -9999 475 457 454 450 439 430 280 298 298 294 292 295 305 327 351 378 413 685
770 853 843 822 760 -9999 -9999 -9999 -9999 -9999 -9999 -9999 -9999 1067 1091 1109 1131 1162 1159 1149 1142 1125 1059 960 850 772 746 -9999 -9999 -9999 -9999 -9999 -9999 -9999 -9999 -9999 -9999 1129 1173 960 922 470 841 444 433 419 402 617 580 651 650 549 -9999 -9999 -9999 -9999 -9999 -9999 -9999 -9999 -9999 -9999 -9999 -9999 -9999 -9999 -9999 540 478 448 442 435 428 273 272 299 312 471 309 309 317 336 366 406 456 761
622 596 621 573 582 549 491 480 -9999 -9999 727 727 738 743 1014 1010 1002 1009 1035 1048 1066 1112 1068 951 866 725 828 -9999 -9999 -9999 -9999 -9999 -9999 -9999 -9999 -9999 -9999 -9999 -9999 978 949 902 850 798 757 697 662 617 575 643 655 639 590 -9999 -9999 -9999 -9999 -9999 -9999 -9999 -9999 -9999 -9999 -9999 -9999 -9999 560 519 478 445 436 424 419 277 287 325 343 335 324 320 326 543 379 434 738 576
729 487 481 449 675 656 367 624 598 658 600 581 596 611 1007 1007 988 989 998 1028 997 1072 1070 1023 953 917 817 -9999 -9999 -9999 -9999 -9999 -9999 -9999 -9999 -9999 -9999 -9999 -9999 -9999 1197 1113 863 811 767 708 782 740 691 655 637 662 646 614 -9999 -9999 -9999 -9999 -9999 -9999 -9999 -9999 -9999 -9999 568 564 557 541 471 449 434 419 417 286 300 329 357 514 498 329 520 349 393 467 796 883
689 369 658 647 624 389 577 553 537 573 537 517 1172 903 1211 1240 1263 917 811 909 932 1034 1034 994 792 802 -9999 -9999 -9999 -9999 -9999 -9999 -9999 -9999 -9999 886 -9999 -9999 -9999 -9999 -9999 -9999 852 948 764 846 792 757 709 674 649 643 679 656 631 613 -9999 -9999 -9999 -9999 -9999 -9999 578 576 573 568 518 489 470 451 431 418 417 426 446 482 519 518 508 514 544 587 683 799 871 943
649 391 375 372 364 574 557 535 536 488 475 474 1150 1126 1210 1304 943 715 738 721 769 878 942 1116 829 -9999 -9999 -9999 -9999 -9999 -9999 -9999 -9999 -9999 -9999 -9999 -9999 -9999 -9999 -9999 -9999 -9999 983 908 729 824 794 773 725 692 665 649 675 684 672 606 554 -9999 -9999 -9999 -9999 584 587 585 583 575 520 490 467 450 429 416 415 422 440 474 506 525 529 546 585 658 784 915 1138 1167
607 610 593 579 548 525 482 1259 452 436 435 448 1263 1396 1354 1297 809 667 626 611 604 607 614 561 -9999 -9999 -9999 -9999 -9999 -9999 -9999 -9999 -9999 -9999 -9999 -9999 968 -9999 -9999 -9999 -9999 -9999 955 877 832 796 783 768 752 706 682 661 658 693 646 670 563 -9999 -9999 -9999 -9999 -9999 599 689 566 588 532 503 474 453 437 414 413 420 432 457 492 527 548 577 621 700 825 967 1030 1074
1098 1084 1053 1037 1016 1331 1007 1327 965 1266 1271 1311 1361 1431 960 835 706 601 567 546 530 583 451 -9999 -9999 -9999 -9999 -9999 -9999 -9999 -9999 -9999 -9999 -9999 -9999 -9999 942 945 -9999 -9999 -9999 -9999 -9999 -9999 -9999 772 758 753 749 751 701 680 660 666 649 658 633 588 594 -9999 -9999 -9999 -9999 705 675 645 550 521 492 474 429 415 421 428 436 452 479 518 568 606 649 717 817 941 1036 1111
1114 1156 1141 1111 1075 1374 1383 1045 1377 1357 933 889 1276 881 811 743 650 568 529 -9999 -9999 -9999 -9999 -9999 -9999 -9999 -9999 -9999 -9999 -9999 -9999 -9999 -9999 -9999 835 -9999 1047 -9999 -9999 -9999 -9999 -9999 -9999 -9999 -9999 -9999 769 762 758 772 731 701 594 597 655 679 669 630 612 -9999 -9999 -9999 -9999 723 693 667 642 549 526 489 445 436 449 454 451 456 486 547 604 840 675 727 804 1133 1040 1153
1133 1187 1223 1189 1097 1427 1371 1398 1032 999 919 844 794 740 669 655 604 544 -9999 -9999 -9999 -9999 -9999 -9999 -9999 -9999 -9999 -9999 -9999 -9999 -9999 -9999 -9999 -9999 -9999 -9999 -9999 -9999 -9999 -9999 -9999 -9999 -9999 -9999 -9999 618 793 828 800 795 654 624 596 594 762 712 694 678 639 628 -9999 -9999 -9999 742 715 692 612 594 562 533 510 502 496 482 463 456 492 577 846 872 902 958 1043 937 1283 1412
-9999 -9999 -9999 1246 1127 1414 1381 1009 972 951 882 820 769 705 645 618 574 513 -9999 -9999 -9999 -9999 -9999 -9999 -9999 -9999 -9999 -9999 -9999 -9999 -9999 -9999 -9999 -9999 -9999 -9999 -9999 -9999 -9999 -9999 -9999 -9999 -9999 -9999 -9999 749 857 888 875 865 692 649 592 601 693 741 719 711 672 655 657 803 -9999 767 735 680 656 638 607 581 571 567 544 523 491 476 680 779 858 884 911 973 1064 1185 1092 1453
-9999 -9999 -9999 1319 1274 1128 1011 963 910 895 424 803 772 722 661 601 542 481 -9999 -9999 -9999 -9999 -9999 -9999 -9999 -9999 -9999 -9999 -9999 -9999 -9999 -9999 -9999 -9999 -9999 -9999 -9999 -9999 -9999 -9999 -9999 -9999 -9999 819 732 769 961 980 999 964 915 881 633 623 699 762 764 745 698 685 684 811 -9999 770 745 627 709 676 653 630 618 657 618 574 547 546 583 811 883 902 914 980 1070 1199 1345 1475
-9999 -9999 -9999 -9999 -9999 1142 1350 952 908 456 454 442 420 764 687 599 518 465 446 435 -9999 -9999 -9999 -9999 -9999 -9999 -9999 -9999 -9999 -9999 -9999 -9999 -9999 -9999 -9999 -9999 -9999 -9999 -9999 -9999 -9999 -9999 -9999 1057 961 891 1018 1096 1118 1091 1032 998 757 721 748 773 794 781 740 717 717 -9999 -9999 773 758 779 768 735 690 684 708 774 708 637 619 623 807 863 920 946 959 1007 1072 1201 1344 1304
-9999 -9999 -9999 -9999 -9999 1114 1364 983 967 499 504 507 908 804 718 622 537 485 454 551 -9999 -9999 -9999 -9999 -9999 -9999 -9999 -9999 -9999 -9999 -9999 -9999 -9999 -9999 -9999 -9999 -9999 -9999 -9999 -9999 -9999 -9999 -9999 -9999 1145 1106 1142 1193 1213 1181 1123 1047 1017 822 819 814 814 805 763 748 751 756 837 794 795 722 816 658 754 749 754 755 731 696 692 703 873 913 951 978 1009 1060 1130 1048 1182 1325
-9999 -9999 -9999 -9999 -9999 1137 1069 1357 1046 546 -9999 1048 978 1158 1042 661 578 524 477 573 556 541 -9999 -9999 -9999 -9999 -9999 -9999 -9999 -9999 -9999 -9999 -9999 -9999 -9999 -9999 -9999 -9999 -9999 -9999 -9999 -9999 -9999 -9999 1212 1250 1239 1314 1259 1256 1180 943 957 902 884 866 828 814 782 779 785 793 801 804 804 792 746 723 842 652 804 785 780 769 771 783 800 826 998 1020 901 957 1015 1286 1401 1350
-9999 -9999 -9999 -9999 -9999 -9999 1111 1097 1120 1131 -9999 1164 1097 1207 1131 1003 875 795 759 702 642 579 547 -9999 -9999 -9999 -9999 -9999 -9999 -9999 -9999 -9999 -9999 -9999 -9999 -9999 -9999 -9999 -9999 -9999 -9999 -9999 -9999 -9999 1369 1278 1214 1346 1323 1331 1246 971 1132 976 950 903 850 823 808 809 821 837 853 869 887 865 764 914 928 908 877 666 838 843 845 861 887 918 935 950 963 996 1077 1169 1272 1380
-9999 -9999 -9999 -9999 -9999 -9999 -9999 -9999 -9999 -9999 -9999 -9999 1189 1276 1164 1081 973 934 923 888 831 683 571 -9999 -9999 -9999 -9999 -9999 -9999 -9999 -9999 -9999 -9999 -9999 -9999 -9999 -9999 -9999 -9999 -9999 -9999 -9999 -9999 -9999 -9999 1542 1414 1395 1249 1385 1345 1221 1150 1151 1110 929 883 847 830 838 860 887 916 944 989 893 926 919 982 975 963 737 895 898 729 751 762 781 830 870 887 901 1155 1235 1318 1406
-9999 -9999 1611 -9999 -9999 -9999 -9999 -9999 -9999 -9999 -9999 -9999 -9999 1343 1202 1124 1025 981 957 918 860 697 623 536 -9999 -9999 -9999 -9999 -9999 -9999 -9999 -9999 -9999 -9999 -9999 -9999 -9999 -9999 -9999 -9999 -9999 -9999 -9999 -9999 -9999 -9999 1752 1574 1303 1331 1408 1329 1250 1181 1048 974 923 881 857 870 904 946 991 1038 1101 1062 783 939 804 1009 997 976 935 714 736 765 806 844 901 992 1048 1025 1254 1307 1359 1423
-9999 -9999 1612 -9999 -9999 -9999 -9999 -9999 -9999 -9999 -9999 -9999 -9999 1542 1353 1155 1037 984 937 887 816 730 636 562 -9999 -9999 -9999 -9999 -9999 -9999 -9999 -9999 -9999 -9999 -9999 -9999 -9999 -9999 -9999 -9999 -9999 -9999 -9999 -9999 -9999 -9999 -9999 1670 1521 1407 1423 1383 1306 1256 1191 1106 969 925 896 911 955 1019 1072 1139 1214 1250 824 935 929 790 776 743 727 724 778 794 813 902 1007 1024 1165 1094 1084 1137 1410 1454
-9999 -9999 -9999 1643 1648 -9999 -9999 -9999 -9999 -9999 -9999 -9999 -9999 1672 1427 1177 1122 1008 928 881 -9999 -9999 -9999 -9999 -9999 -9999 -9999 -9999 -9999 -9999 -9999 -9999 -9999 -9999 -9999 -9999 -9999 -9999 -9999 -9999 -9999 -9999 -9999 -9999 -9999 -9999 -9999 -9999 1517 1520 1472 1428 1357 1304 1230 1167 1036 984 961 974 1017 1074 1140 1217 1305 1392 1195 907 743 723 866 850 662 819 847 853 895 969 1077 1030 1130 1129 1112 1152 1203 1482
-9999 -9999 1615 -9999 -9999 -9999 -9999 -9999 -9999 -9999 -9999 -9999 -9999 1535 1250 1189 1117 1027 886 -9999 -9999 -9999 -9999 -9999 -9999 -9999 -9999 -9999 -9999 -9999 -9999 -9999 -9999 -9999 -9999 -9999 -9999 -9999 -9999 -9999 -9999 -9999 -9999 -9999 -9999 -9999 -9999 -9999 1600 1507 1533 1457 1401 1347 1284 1249 1173 1110 1035 1043 1077 1128 1189 1261 1338 1404 1305 866 766 738 708 823 718 816 836 870 909 938 1053 1056 1150 1135 1112 1082 1175 1207
-9999 -9999 -9999 -9999 -9999 -9999 -9999 -9999 -9999 -9999 -9999 -9999 -9999 1457 1373 -9999 -9999 -9999 -9999 -9999 -9999 -9999 -9999 -9999 -9999 -9999 -9999 -9999 -9999 -9999 -9999 -9999 -9999 -9999 -9999 -9999 -9999 -9999 -9999 -9999 -9999 -9999 -9999 -9999 -9999 -9999 -9999 -9999 -9999 1569 1548 1489 1430 1381 1340 1276 1201 1115 1151 1159 1190 1168 1217 1273 1329 1494 1454 1126 762 765 745 745 783 798 770 764 857 884 941 1030 1109 1104 1037 1021 1117 1089
-9999 -9999 -9999 -9999 -9999 -9999 -9999 -9999 -9999 -9999 -9999 -9999 -9999 -9999 -9999 -9999 -9999 -9999 -9999 -9999 -9999 -9999 -9999 -9999 -9999 -9999 -9999 -9999 -9999 -9999 -9999 -9999 -9999 -9999 -9999 -9999 -9999 -9999 -9999 -9999 -9999 -9999 -9999 -9999 -9999 -9999 -9999 -9999 -9999 -9999 -9999 1508 1466 1413 1371 1289 1242 1219 1204 1154 1167 1253 1227 1264 1404 1310 1247 1048 869 774 780 767 534 780 726 707 768 881 941 967 977 924 866 961 954 984
-9999 -9999 -9999 -9999 -9999 -9999 -9999 -9999 -9999 -9999 -9999 -9999 -9999 -9999 -9999 -9999 -9999 -9999 -9999 -9999 -9999 -9999 -9999 -9999 -9999 -9999 -9999 -9999 -9999 -9999 -9999 -9999 -9999 -9999 -9999 -9999 -9999 -9999 -9999 -9999 -9999 -9999 -9999 -9999 -9999 -9999 -9999 -9999 -9999 -9999 -9999 -9999 1487 1435 1390 1345 1284 1270 1236 1222 1232 1255 1228 1313 1340 1153 1151 1083 889 824 690 721 748 668 586 640 748 836 831 850 871 857 473 877 852 865
-9999 -9999 -9999 -9999 -9999 -9999 -9999 -9999 -9999 -9999 -9999 -9999 -9999 -9999 -9999 -9999 -9999 -9999 -9999 -9999 -9999 -9999 -9999 -9999 -9999 -9999 -9999 -9999 -9999 -9999 -9999 -9999 -9999 -9999 -9999 -9999 -9999 -9999 -9999 -9999 -9999 -9999 -9999 -9999 -9999 -9999 -9999 -9999 -9999 -9999 -9999 -9999 1508 1471 1426 1397 1334 1305 1257 1238 1236 1247 1270 1296 1300 1146 1069 982 872 819 781 660 718 628 578 683 719 789 777 791 764 787 799 828 813 790
-9999 -9999 -9999 -9999 -9999 -9999 -9999 -9999 -9999 -9999 -9999 -9999 -9999 -9999 -9999 -9999 -9999 -9999 -9999 -9999 -9999 -9999 -9999 -9999 -9999 -9999 -9999 -9999 -9999 -9999 -9999 -9999 -9999 -9999 -9999 -9999 -9999 -9999 -9999 -9999 -9999 -9999 -9999 -9999 -9999 -9999 -9999 -9999 -9999 -9999 -9999 -9999 1529 1506 1466 1442 1390 1333 1276 1249 1232 1237 1251 1272 1216 1109 1036 948 846 813 762 623 648 649 558 688 757 842 704 730 725 742 780 834 819 779
-9999 -9999 -9999 -9999 -9999 -9999 -9999 -9999 -9999 -9999 -9999 -9999 -9999 -9999 -9999 -9999 -9999 -9999 -9999 -9999 -9999 -9999 -9999 -9999 -9999 -9999 -9999 -9999 -9999 -9999 -9999 -9999 -9999 -9999 -9999 -9999 -9999 -9999 -9999 -9999 -9999 -9999 -9999 -9999 -9999 -9999 -9999 -9999 -9999 -9999 -9999 -9999 -9999 1526 1496 1472 1452 1368 1303 1259 1227 1222 1239 1257 1224 1110 1030 958 757 796 653 611 606 589 611 495 688 727 705 658 709 724 725 791 813 786
-9999 -9999 -9999 -9999 -9999 -9999 -9999 -9999 -9999 -9999 -9999 -9999 -9999 -9999 -9999 -9999 -9999 -9999 -9999 -9999 -9999 -9999 -9999 -9999 -9999 -9999 -9999 -9999 -9999 -9999 -9999 -9999 -9999 -9999 -9999 -9999 -9999 -9999 -9999 -9999 -9999 -9999 -9999 -9999 -9999 -9999 -9999 -9999 -9999 -9999 -9999 -9999 -9999 -9999 1491 1501 1458 1380 1323 1275 1237 1229 1245 1259 1219 1131 1071 996 853 730 654 614 593 477 486 726 640 582 575 586 692 724 700 773 784 771
