bio_clim/bio_11.asc
ncols         156
nrows         252
xllcorner     -82
yllcorner     -8
cellsize      0.083333337679505
NODATA_value  -9999
[rows 156 to 194 of 252, columns 0 to 88 of 156]
-9999 -9999 -9999 -9999 -9999 -9999 -9999 -9999 -9999 -9999 -9999 -9999 -9999 -9999 -9999 -9999 -9999 -9999 -9999 -9999 -9999 -9999 238 236 236 234 234 238 240 240 239 237 234 230 225 219 210 188 184 163 144 126 141 162 150 104 94 56 56 92 158 138 164 194 208 225 232 236 237 238 239 239 241 242 242 242 242 243 244 245 245 245 245 246 245 247 247 248 248 248 249 249 249 249 250 249 249 249 249
-9999 -9999 -9999 -9999 -9999 -9999 -9999 -9999 -9999 -9999 -9999 -9999 -9999 -9999 -9999 -9999 -9999 -9999 -9999 -9999 -9999 237 230 234 232 234 236 238 240 239 238 236 234 230 225 219 214 184 169 155 104 85 143 159 139 64 57 54 53 77 161 156 173 183 201 221 229 235 238 238 239 240 241 241 242 243 243 244 245 245 246 246 246 246 247 246 248 248 248 249 249 249 249 250 250 251 251 250 249
-9999 -9999 -9999 -9999 -9999 -9999 -9999 -9999 -9999 -9999 -9999 -9999 -9999 -9999 -9999 -9999 -9999 -9999 -9999 -9999 239 233 230 228 233 235 235 237 239 239 238 236 232 227 221 213 207 187 159 147 98 94 146 155 110 42 52 72 86 102 155 183 174 182 194 212 233 237 239 239 239 241 241 242 242 243 243 244 244 245 245 246 247 246 246 246 246 247 248 248 248 248 249 250 251 252 252 251 249
-9999 -9999 -9999 -9999 -9999 -9999 -9999 -9999 -9999 -9999 -9999 -9999 -9999 -9999 -9999 -9999 -9999 -9999 -9999 234 232 230 231 232 234 236 236 236 238 238 237 236 232 227 219 207 194 176 157 135 97 123 147 144 88 40 49 54 86 140 172 172 163 178 189 223 236 239 240 240 240 241 241 241 242 243 243 244 244 244 245 246 247 247 247 246 246 248 249 249 248 249 249 250 251 251 251 251 250
-9999 -9999 -9999 -9999 -9999 -9999 -9999 -9999 -9999 -9999 -9999 -9999 -9999 -9999 -9999 -9999 -9999 -9999 235 231 229 229 234 234 235 236 234 235 238 239 237 235 231 223 206 186 183 178 161 132 80 122 140 126 51 48 71 84 74 142 171 142 145 166 198 228 236 239 240 240 241 241 241 241 241 242 243 244 245 244 244 245 246 247 248 248 247 248 249 249 249 249 249 250 250 250 251 251 251
-9999 -9999 -9999 -9999 -9999 -9999 -9999 -9999 -9999 -9999 -9999 -9999 -9999 -9999 -9999 -9999 -9999 -9999 236 232 229 226 232 236 234 232 234 238 240 239 236 234 231 216 179 152 167 163 153 134 108 120 84 85 47 31 33 103 129 160 151 125 166 178 201 229 237 239 240 240 241 241 241 241 242 242 243 243 245 245 245 246 246 246 247 247 248 248 248 250 250 248 249 249 250 250 250 249 250
-9999 -9999 -9999 -9999 -9999 -9999 -9999 -9999 -9999 -9999 -9999 -9999 -9999 -9999 -9999 -9999 -9999 -9999 -9999 234 236 234 236 237 228 233 235 238 240 239 237 235 227 214 198 156 146 138 138 91 81 94 71 38 40 40 43 59 93 154 129 152 139 181 204 223 235 238 239 240 239 241 240 240 241 241 242 243 244 245 246 246 247 247 248 247 248 249 249 249 249 249 249 249 249 250 250 250 250
-9999 -9999 -9999 -9999 -9999 -9999 -9999 -9999 -9999 -9999 -9999 -9999 -9999 -9999 -9999 -9999 -9999 -9999 238 237 239 239 243 243 236 235 237 240 241 240 238 236 225 224 197 146 131 124 101 54 85 69 45 43 39 44 47 60 107 155 165 180 175 186 211 225 233 238 239 239 239 240 239 240 240 242 243 244 244 244 245 246 246 247 248 248 248 249 248 248 249 248 248 248 249 250 250 250 250
-9999 -9999 -9999 -9999 -9999 -9999 -9999 -9999 -9999 -9999 -9999 -9999 -9999 -9999 -9999 -9999 -9999 -9999 236 237 244 247 248 243 240 235 241 243 243 241 239 236 229 223 207 176 112 115 93 68 98 91 27 40 59 62 83 103 130 165 192 195 196 202 224 233 235 238 239 238 239 240 240 240 239 239 243 244 243 244 245 245 246 246 247 248 248 249 248 247 248 247 247 248 249 249 249 250 250
-9999 -9999 -9999 -9999 -9999 -9999 -9999 -9999 -9999 -9999 -9999 -9999 -9999 -9999 -9999 -9999 -9999 -9999 238 234 245 249 248 242 233 239 242 245 245 242 240 237 231 223 204 148 110 100 67 97 115 100 65 43 53 51 97 155 159 182 205 207 207 206 228 235 237 238 237 238 239 239 240 240 240 241 242 242 243 243 244 245 245 246 246 247 248 249 248 247 247 246 247 247 248 249 249 250 250
-9999 -9999 -9999 -9999 -9999 -9999 -9999 -9999 -9999 -9999 -9999 -9999 -9999 -9999 -9999 -9999 -9999 243 244 242 243 246 244 242 239 240 246 247 246 243 241 238 233 225 205 153 85 80 61 94 120 97 50 53 58 78 114 170 170 197 218 214 207 204 232 236 237 237 237 238 238 238 240 241 241 240 240 241 243 244 245 245 246 246 246 246 247 247 247 246 246 246 246 247 247 248 248 249 249
-9999 -9999 -9999 -9999 -9999 -9999 -9999 -9999 -9999 -9999 -9999 -9999 -9999 -9999 235 239 241 240 245 240 234 237 232 240 238 244 248 248 247 244 242 238 234 224 195 143 81 67 55 105 122 92 48 53 76 95 117 179 177 216 224 215 216 226 235 235 235 236 237 237 238 238 239 241 240 241 239 240 242 244 244 245 246 246 246 246 245 245 245 245 246 246 247 247 248 247 248 248 249
-9999 -9999 -9999 -9999 -9999 -9999 -9999 -9999 -9999 -9999 -9999 -9999 -9999 228 227 232 234 234 243 242 240 235 227 227 239 247 249 249 247 244 241 239 230 204 179 136 76 38 50 100 122 114 77 53 63 124 160 182 200 223 227 228 231 233 233 233 235 236 238 239 239 241 240 242 242 243 240 239 241 242 243 245 245 245 246 246 245 245 244 243 245 246 247 247 247 248 248 248 249
-9999 -9999 -9999 -9999 -9999 -9999 -9999 -9999 -9999 -9999 -9999 -9999 -9999 229 230 234 231 234 238 239 234 233 233 234 244 247 248 247 245 243 241 239 233 214 190 148 108 61 43 63 109 119 70 54 74 92 159 169 208 223 225 229 231 231 232 235 237 237 237 239 240 241 241 243 243 243 241 240 241 242 242 244 245 245 245 245 245 245 244 243 244 245 245 247 248 248 248 248 249
-9999 -9999 -9999 -9999 -9999 -9999 -9999 -9999 -9999 -9999 -9999 -9999 -9999 -9999 235 233 227 228 235 240 236 238 241 244 246 247 247 246 244 243 240 238 231 217 172 149 103 45 54 82 120 131 74 55 69 102 146 177 208 219 218 226 227 229 230 234 236 238 239 237 238 239 241 243 243 244 243 243 242 244 244 244 244 245 246 245 245 244 244 244 245 245 246 247 248 249 248 248 249
-9999 -9999 -9999 -9999 -9999 -9999 -9999 -9999 -9999 -9999 -9999 -9999 -9999 -9999 -9999 231 221 226 229 231 233 235 240 243 246 246 246 245 244 243 241 239 221 200 167 114 85 56 77 105 125 137 106 98 89 154 144 187 208 210 211 219 227 233 234 234 236 238 239 240 239 239 241 242 243 244 244 244 244 245 245 245 245 245 244 245 245 245 245 244 245 246 247 247 248 249 250 249 249
-9999 -9999 -9999 -9999 -9999 -9999 -9999 -9999 -9999 -9999 -9999 -9999 -9999 -9999 -9999 230 226 219 222 227 235 238 240 243 244 245 245 244 244 243 242 233 213 196 151 85 42 51 42 67 113 121 143 142 149 175 164 194 201 205 205 210 224 225 230 234 235 237 239 240 241 240 240 242 243 242 242 243 243 243 244 244 245 246 245 244 246 246 246 245 245 246 247 248 248 248 250 251 249
-9999 -9999 -9999 -9999 -9999 -9999 -9999 -9999 -9999 -9999 -9999 -9999 -9999 -9999 -9999 223 225 221 224 231 235 236 240 242 243 244 243 243 243 243 243 234 217 201 161 99 61 30 13 68 79 107 99 104 136 176 189 196 204 208 210 222 223 229 233 234 235 238 238 240 241 241 243 243 244 243 243 244 244 244 245 245 245 245 246 246 246 246 247 247 246 247 247 248 248 248 249 251 251
-9999 -9999 -9999 -9999 -9999 -9999 -9999 -9999 -9999 -9999 -9999 -9999 -9999 -9999 230 222 221 221 229 232 233 238 240 241 242 242 242 242 242 242 242 236 209 188 162 113 99 50 67 91 75 119 96 95 136 171 191 204 206 211 223 226 223 226 231 234 234 235 237 239 240 240 241 242 243 244 245 244 245 245 245 245 245 246 247 246 247 247 247 248 248 248 247 248 249 249 250 250 251
-9999 -9999 -9999 -9999 -9999 -9999 -9999 -9999 -9999 -9999 -9999 -9999 -9999 -9999 227 219 218 221 231 231 234 239 241 242 242 241 242 241 242 242 241 235 221 196 153 122 112 62 85 115 130 121 59 71 107 171 197 207 211 207 220 228 231 228 228 233 235 236 237 239 241 241 242 243 243 244 244 244 245 245 246 246 246 247 247 247 247 247 247 247 248 249 249 249 249 250 250 251 251
-9999 -9999 -9999 -9999 -9999 -9999 -9999 -9999 -9999 -9999 -9999 -9999 -9999 -9999 229 224 219 217 224 229 233 238 241 243 242 241 242 242 241 241 241 238 230 189 145 130 102 47 85 103 130 78 46 73 109 156 194 207 210 211 219 225 231 232 233 234 235 237 238 238 239 240 242 243 244 245 245 244 245 245 245 245 246 246 246 246 246 244 245 246 246 247 249 249 250 250 251 252 252
-9999 -9999 -9999 -9999 -9999 -9999 -9999 -9999 -9999 -9999 -9999 -9999 -9999 -9999 -9999 229 216 210 222 233 239 241 243 243 242 242 242 242 241 240 240 239 235 198 152 129 102 63 71 92 117 79 55 101 149 172 189 203 208 214 217 227 229 230 233 235 236 236 238 240 240 241 242 243 244 245 246 245 245 245 246 245 245 246 246 246 246 246 244 246 246 247 249 250 249 250 251 252 252
-9999 -9999 -9999 -9999 -9999 -9999 -9999 -9999 -9999 -9999 -9999 -9999 -9999 -9999 -9999 229 226 215 220 230 238 241 243 244 243 242 242 242 241 240 239 239 237 192 157 138 124 74 72 99 106 82 64 73 123 173 190 202 210 216 219 225 230 231 233 235 237 237 238 239 240 242 243 244 244 245 246 246 246 246 246 246 246 246 246 247 247 247 247 247 247 248 249 250 249 249 250 250 252
-9999 -9999 -9999 -9999 -9999 -9999 -9999 -9999 -9999 -9999 -9999 -9999 -9999 -9999 -9999 229 229 227 221 224 234 239 241 243 243 243 243 242 241 239 239 238 237 212 170 148 144 85 63 96 85 63 70 91 128 172 186 201 209 213 217 225 228 231 233 235 237 238 239 240 240 240 241 243 245 246 246 246 246 247 247 246 246 246 247 247 247 248 248 248 248 248 248 250 251 250 249 250 251
-9999 -9999 -9999 -9999 -9999 -9999 -9999 -9999 -9999 -9999 -9999 -9999 -9999 -9999 -9999 229 231 230 230 228 229 233 237 242 243 244 243 242 241 239 239 238 237 218 153 165 163 95 84 83 76 55 70 75 133 170 186 202 208 206 212 225 228 231 234 236 237 238 240 241 241 241 242 244 244 245 247 247 247 247 247 247 247 246 247 248 248 249 248 248 248 249 249 250 251 252 252 252 251
-9999 -9999 -9999 -9999 -9999 -9999 -9999 -9999 -9999 -9999 -9999 -9999 -9999 -9999 -9999 226 226 227 227 227 229 232 233 237 242 245 244 243 241 239 239 237 236 231 195 196 154 104 101 77 65 73 80 112 144 181 192 201 204 207 210 225 228 231 236 237 239 240 241 241 241 242 242 243 244 245 246 247 247 248 248 248 248 247 247 248 248 249 249 249 249 248 250 251 251 252 252 253 253
-9999 -9999 -9999 -9999 -9999 -9999 -9999 -9999 -9999 -9999 -9999 -9999 222 223 223 223 224 228 229 230 231 235 239 241 243 244 244 243 241 240 239 238 236 233 223 181 126 133 106 67 63 64 95 128 161 183 201 205 204 200 198 227 228 233 237 239 240 241 242 243 242 243 243 243 243 244 246 246 247 247 248 249 249 248 248 248 248 249 249 249 249 248 248 250 251 251 251 252 253
-9999 -9999 -9999 -9999 -9999 -9999 -9999 -9999 -9999 -9999 -9999 -9999 -9999 221 221 222 224 227 228 229 232 235 238 240 243 244 244 243 241 240 239 238 237 231 211 184 163 119 83 65 53 63 96 130 156 180 207 202 199 184 206 231 229 234 240 241 242 243 244 244 244 244 244 244 245 244 245 246 247 248 249 249 249 249 249 249 248 248 249 249 250 249 248 250 251 251 251 252 253
-9999 -9999 -9999 -9999 -9999 -9999 -9999 -9999 -9999 -9999 -9999 -9999 -9999 -9999 220 222 224 223 226 227 231 235 238 239 241 242 243 241 241 241 240 239 234 215 179 147 117 68 46 63 65 76 99 125 162 196 214 194 205 191 206 236 236 234 242 243 243 244 244 245 245 244 244 244 245 245 246 246 247 248 248 249 249 249 250 249 249 249 249 250 250 250 248 250 250 250 251 252 253
-9999 -9999 -9999 -9999 -9999 -9999 -9999 -9999 -9999 -9999 -9999 -9999 -9999 -9999 -9999 -9999 -9999 225 223 227 230 234 236 239 240 241 242 242 241 240 240 239 232 207 178 128 91 59 59 77 94 101 80 118 176 208 216 189 207 210 216 240 240 241 244 244 245 245 245 245 246 245 245 245 246 244 245 246 248 247 248 248 248 249 250 250 249 249 249 250 249 250 250 251 250 250 251 252 252
-9999 -9999 -9999 -9999 -9999 -9999 -9999 -9999 -9999 -9999 -9999 -9999 -9999 -9999 -9999 -9999 -9999 -9999 224 227 230 233 235 -9999 239 241 241 242 242 242 240 233 213 180 131 110 101 93 89 104 116 139 138 149 184 212 213 191 204 223 229 243 242 244 245 246 246 246 246 246 246 246 247 247 247 245 246 246 246 247 247 247 247 249 250 250 250 250 249 249 248 250 250 251 250 250 251 252 253
-9999 -9999 -9999 -9999 -9999 -9999 -9999 -9999 -9999 -9999 -9999 -9999 -9999 -9999 -9999 -9999 -9999 -9999 -9999 227 229 -9999 -9999 -9999 238 241 241 242 242 240 226 208 167 97 62 55 76 88 90 104 135 141 176 194 202 222 205 186 212 220 238 244 243 244 246 246 247 247 247 247 247 247 247 247 247 247 247 247 247 247 248 247 247 248 249 250 251 250 249 249 249 249 251 251 250 250 250 251 253
-9999 -9999 -9999 -9999 -9999 -9999 -9999 -9999 -9999 -9999 -9999 -9999 -9999 -9999 -9999 -9999 -9999 -9999 -9999 -9999 229 -9999 234 236 -9999 -9999 -9999 242 239 226 166 168 80 48 51 68 94 121 114 109 131 105 147 216 221 220 199 194 217 221 241 245 243 246 247 247 247 248 247 248 248 247 248 248 248 248 248 248 248 247 248 248 248 248 249 250 250 251 250 250 249 249 251 251 251 250 250 250 252
-9999 -9999 -9999 -9999 -9999 -9999 -9999 -9999 -9999 -9999 -9999 -9999 -9999 -9999 -9999 -9999 -9999 -9999 -9999 -9999 -9999 231 233 235 237 -9999 241 241 229 204 136 93 50 51 61 80 120 136 132 129 120 125 174 203 224 208 180 209 226 224 241 246 247 248 248 248 248 248 248 248 249 248 248 247 247 249 249 249 248 248 248 248 249 248 248 248 249 251 251 251 250 250 251 251 251 251 251 250 251
-9999 -9999 -9999 -9999 -9999 -9999 -9999 -9999 -9999 -9999 -9999 -9999 -9999 -9999 -9999 -9999 -9999 -9999 -9999 -9999 -9999 231 234 235 -9999 -9999 240 240 238 224 183 90 48 57 75 120 137 133 140 108 102 119 171 213 210 209 195 220 234 241 237 248 248 248 248 248 248 249 249 249 249 249 249 248 248 249 250 249 247 248 249 248 248 250 248 248 249 250 251 251 250 251 251 251 251 251 251 250 251
-9999 -9999 -9999 -9999 -9999 -9999 -9999 -9999 -9999 -9999 -9999 -9999 -9999 -9999 -9999 -9999 -9999 -9999 -9999 -9999 -9999 230 233 -9999 -9999 -9999 240 240 234 208 147 103 59 68 91 122 124 110 137 97 96 142 191 204 208 219 204 224 229 242 239 248 249 249 249 249 249 249 250 250 250 250 250 249 249 250 250 250 248 249 249 249 249 249 250 249 248 249 249 251 251 251 252 251 251 251 252 250 251
-9999 -9999 -9999 -9999 -9999 -9999 -9999 -9999 -9999 -9999 -9999 -9999 -9999 -9999 -9999 -9999 -9999 -9999 -9999 -9999 -9999 -9999 -9999 -9999 -9999 -9999 239 231 210 193 124 54 59 64 95 121 112 117 127 86 116 170 212 215 217 224 226 239 242 246 242 248 249 250 250 250 250 250 250 250 250 251 251 251 250 250 251 250 249 249 250 249 250 250 250 250 248 249 248 250 251 250 252 251 252 252 252 252 251
-9999 -9999 -9999 -9999 -9999 -9999 -9999 -9999 -9999 -9999 -9999 -9999 -9999 -9999 -9999 -9999 -9999 -9999 -9999 -9999 -9999 -9999 -9999 -9999 -9999 237 238 229 178 100 88 80 80 104 120 99 111 114 109 91 126 195 208 210 200 217 212 231 227 247 242 247 250 250 251 251 250 250 251 251 251 251 251 252 251 251 251 251 251 251 251 250 250 249 250 251 249 249 249 249 251 251 251 252 252 252 253 253 253
-9999 -9999 -9999 -9999 -9999 -9999 -9999 -9999 -9999 -9999 -9999 -9999 -9999 -9999 -9999 -9999 -9999 -9999 -9999 -9999 -9999 -9999 -9999 -9999 235 235 236 216 170 140 109 126 151 173 120 91 107 98 119 156 153 196 213 189 196 216 192 208 234 248 244 247 250 251 251 251 251 251 252 252 252 252 252 252 252 252 252 252 251 251 251 251 250 250 250 250 250 249 250 250 250 252 252 252 251 251 251 253 253
