bio_clim/bio_4.asc
ncols         156
nrows         252
xllcorner     -82
yllcorner     -8
cellsize      0.083333337679505
NODATA_value  -9999
[rows 39 to 77 of 252, columns 0 to 87 of 156]
-9999 -9999 -9999 -9999 -9999 -9999 -9999 -9999 -9999 -9999 -9999 -9999 -9999 -9999 -9999 -9999 -9999 -9999 -9999 -9999 -9999 -9999 -9999 -9999 -9999 -9999 -9999 -9999 -9999 -9999 -9999 -9999 -9999 -9999 -9999 -9999 -9999 -9999 -9999 -9999 -9999 -9999 -9999 -9999 -9999 -9999 -9999 -9999 -9999 -9999 -9999 -9999 -9999 -9999 -9999 -9999 -9999 -9999 -9999 -9999 -9999 -9999 -9999 -9999 -9999 -9999 -9999 -9999 -9999 -9999 -9999 -9999 -9999 -9999 -9999 -9999 494 524 545 532 465 460 446 438 463 487 530 522
-9999 -9999 -9999 -9999 -9999 -9999 -9999 -9999 -9999 -9999 -9999 -9999 -9999 -9999 -9999 -9999 -9999 -9999 -9999 -9999 -9999 -9999 -9999 -9999 -9999 -9999 -9999 -9999 -9999 -9999 -9999 -9999 -9999 -9999 -9999 -9999 -9999 -9999 -9999 -9999 -9999 -9999 -9999 -9999 -9999 -9999 -9999 -9999 -9999 -9999 -9999 -9999 -9999 -9999 -9999 -9999 -9999 -9999 -9999 -9999 -9999 -9999 -9999 -9999 -9999 -9999 -9999 -9999 -9999 -9999 -9999 -9999 -9999 -9999 -9999 -9999 -9999 553 561 537 463 454 442 442 482 506 517 539
-9999 -9999 -9999 -9999 -9999 -9999 -9999 -9999 -9999 -9999 -9999 -9999 -9999 -9999 -9999 -9999 -9999 -9999 -9999 -9999 -9999 -9999 -9999 -9999 -9999 -9999 -9999 -9999 789 789 757 707 646 611 557 539 -9999 -9999 -9999 -9999 -9999 -9999 -9999 -9999 -9999 -9999 -9999 -9999 -9999 -9999 -9999 -9999 -9999 -9999 -9999 -9999 -9999 -9999 -9999 -9999 -9999 -9999 -9999 -9999 -9999 -9999 -9999 -9999 -9999 -9999 -9999 -9999 -9999 -9999 -9999 -9999 -9999 560 569 504 497 473 465 474 478 501 517 511
-9999 -9999 -9999 -9999 -9999 -9999 -9999 -9999 -9999 -9999 -9999 -9999 -9999 -9999 -9999 -9999 -9999 -9999 -9999 -9999 -9999 -9999 -9999 -9999 -9999 -9999 -9999 764 798 776 749 705 679 598 556 -9999 479 -9999 -9999 -9999 -9999 -9999 -9999 -9999 -9999 -9999 -9999 -9999 -9999 -9999 -9999 -9999 -9999 -9999 -9999 -9999 -9999 -9999 -9999 -9999 -9999 -9999 -9999 -9999 -9999 -9999 -9999 -9999 -9999 -9999 -9999 -9999 -9999 -9999 -9999 -9999 -9999 567 578 548 509 496 481 480 511 528 524 535
-9999 -9999 -9999 -9999 -9999 -9999 -9999 -9999 -9999 -9999 -9999 -9999 -9999 -9999 -9999 -9999 -9999 -9999 -9999 -9999 -9999 -9999 -9999 -9999 -9999 578 689 796 780 748 732 691 649 565 522 473 483 483 492 477 459 447 434 -9999 -9999 -9999 -9999 -9999 -9999 -9999 -9999 -9999 -9999 -9999 -9999 -9999 -9999 -9999 -9999 -9999 -9999 -9999 -9999 -9999 -9999 -9999 -9999 -9999 -9999 -9999 -9999 -9999 380 419 451 499 521 533 541 541 520 520 514 504 526 532 531 551
-9999 -9999 -9999 -9999 -9999 -9999 -9999 -9999 -9999 -9999 -9999 -9999 -9999 -9999 -9999 -9999 -9999 -9999 -9999 -9999 -9999 -9999 -9999 -9999 526 596 684 745 737 708 676 627 601 533 504 491 493 482 463 456 454 461 451 429 410 -9999 -9999 -9999 -9999 -9999 -9999 -9999 -9999 -9999 -9999 -9999 -9999 -9999 -9999 -9999 -9999 -9999 -9999 -9999 -9999 -9999 -9999 -9999 -9999 -9999 -9999 380 373 407 451 452 513 511 537 518 527 528 516 501 536 542 547 531
-9999 -9999 -9999 -9999 -9999 -9999 -9999 -9999 -9999 -9999 -9999 -9999 -9999 -9999 -9999 -9999 -9999 -9999 -9999 -9999 -9999 -9999 517 501 551 628 716 717 678 633 618 609 511 448 438 421 427 413 411 402 403 435 432 427 415 397 365 332 -9999 -9999 -9999 -9999 -9999 -9999 -9999 -9999 -9999 -9999 -9999 -9999 -9999 -9999 -9999 -9999 -9999 -9999 -9999 -9999 -9999 -9999 366 380 387 381 442 433 467 496 510 496 514 519 520 521 532 525 539 505
-9999 551 -9999 -9999 -9999 -9999 -9999 -9999 -9999 -9999 -9999 -9999 -9999 -9999 -9999 -9999 -9999 -9999 641 636 589 569 565 560 592 667 715 709 610 574 534 482 427 413 404 405 403 411 395 388 397 429 434 434 437 403 400 371 320 -9999 -9999 -9999 -9999 -9999 -9999 -9999 -9999 -9999 -9999 -9999 -9999 -9999 -9999 -9999 -9999 -9999 -9999 -9999 -9999 -9999 364 366 386 401 411 426 455 463 480 504 488 504 501 515 499 517 497 475
-9999 -9999 538 -9999 -9999 -9999 -9999 -9999 -9999 -9999 -9999 -9999 -9999 -9999 -9999 -9999 689 678 691 655 620 596 578 582 603 644 664 625 602 548 504 438 419 413 413 405 417 398 411 419 398 415 425 425 402 376 365 355 338 309 -9999 -9999 -9999 -9999 -9999 -9999 -9999 -9999 -9999 -9999 -9999 -9999 -9999 -9999 -9999 -9999 -9999 -9999 -9999 362 359 361 370 382 401 423 457 446 477 489 478 510 489 490 484 489 472 437
-9999 532 -9999 512 -9999 -9999 -9999 -9999 -9999 -9999 -9999 -9999 -9999 -9999 -9999 651 684 733 701 707 682 633 622 617 577 589 599 559 551 500 -9999 -9999 -9999 -9999 -9999 -9999 415 415 423 445 443 406 406 399 378 358 340 335 338 322 312 -9999 -9999 -9999 -9999 -9999 -9999 -9999 -9999 -9999 -9999 -9999 -9999 -9999 -9999 -9999 -9999 -9999 312 333 350 340 356 382 417 416 442 461 457 472 471 480 473 483 468 440 430 405
536 509 491 506 482 -9999 -9999 -9999 -9999 -9999 -9999 -9999 -9999 594 612 656 694 738 737 696 673 691 643 615 607 548 496 -9999 -9999 -9999 -9999 -9999 -9999 -9999 -9999 -9999 -9999 447 431 416 421 440 436 385 364 351 350 330 315 318 325 304 -9999 -9999 -9999 -9999 -9999 -9999 -9999 -9999 -9999 -9999 -9999 -9999 -9999 -9999 -9999 275 299 293 324 320 330 345 379 404 419 453 468 459 462 444 446 451 423 418 387 374
470 454 442 451 441 425 428 446 -9999 -9999 497 517 560 583 639 650 694 722 718 723 714 703 672 632 610 531 470 -9999 -9999 -9999 -9999 -9999 -9999 -9999 -9999 -9999 -9999 -9999 -9999 437 415 417 437 400 384 366 346 338 321 328 344 334 319 -9999 -9999 -9999 -9999 -9999 -9999 -9999 -9999 -9999 -9999 -9999 -9999 -9999 247 253 272 293 295 308 307 330 362 394 419 436 467 471 450 443 450 442 413 411 400 337
465 453 435 421 419 414 411 414 428 443 453 485 491 542 567 596 647 660 693 718 703 692 650 634 609 552 496 -9999 -9999 -9999 -9999 -9999 -9999 -9999 -9999 -9999 -9999 -9999 -9999 -9999 428 415 416 412 409 390 384 363 350 344 357 356 360 351 -9999 -9999 -9999 -9999 -9999 -9999 -9999 -9999 -9999 -9999 203 203 229 221 266 278 275 298 315 330 345 383 416 450 467 461 439 428 414 388 409 386 362 360
438 471 442 425 413 442 407 409 409 417 441 461 490 490 533 559 617 672 702 699 706 686 625 621 590 563 -9999 -9999 -9999 -9999 -9999 -9999 -9999 -9999 -9999 504 -9999 -9999 -9999 -9999 -9999 -9999 427 439 413 413 411 417 374 380 376 375 352 340 350 318 -9999 -9999 -9999 -9999 -9999 -9999 180 196 189 202 218 230 240 280 271 282 310 328 343 358 422 442 455 441 422 411 385 407 373 367 374 356
489 439 441 437 420 412 429 413 426 428 448 449 483 486 519 575 630 668 682 669 680 666 645 629 599 -9999 -9999 -9999 -9999 -9999 -9999 -9999 -9999 -9999 -9999 -9999 -9999 -9999 -9999 -9999 -9999 -9999 446 452 445 450 442 425 407 417 403 383 362 344 352 321 294 -9999 -9999 -9999 -9999 138 169 167 167 189 203 222 249 262 269 292 297 322 346 388 421 423 434 427 439 423 392 397 364 380 356 363
518 490 490 435 471 461 439 407 409 421 434 452 477 530 561 586 611 626 626 649 656 665 657 646 -9999 -9999 -9999 -9999 -9999 -9999 -9999 -9999 -9999 -9999 -9999 -9999 569 -9999 -9999 -9999 -9999 -9999 459 477 472 453 466 449 420 417 403 384 384 373 359 352 281 -9999 -9999 -9999 -9999 -9999 167 149 170 167 193 214 237 256 283 307 311 330 359 380 401 431 439 447 428 433 437 427 401 409 386 385
576 553 560 548 520 513 485 444 431 402 428 486 521 531 557 570 570 576 605 620 646 662 661 -9999 -9999 -9999 -9999 -9999 -9999 -9999 -9999 -9999 -9999 -9999 -9999 -9999 569 567 -9999 -9999 -9999 -9999 -9999 -9999 -9999 486 478 462 470 445 437 406 406 406 360 360 290 251 222 -9999 -9999 -9999 -9999 160 175 180 175 222 238 262 287 309 323 341 371 394 395 428 420 411 424 448 435 437 407 383 384 405
618 623 605 611 624 611 556 462 440 443 462 548 563 601 607 582 587 595 606 -9999 -9999 -9999 -9999 -9999 -9999 -9999 -9999 -9999 -9999 -9999 -9999 -9999 -9999 -9999 539 -9999 579 -9999 -9999 -9999 -9999 -9999 -9999 -9999 -9999 -9999 499 482 482 463 449 448 448 422 377 360 344 281 236 -9999 -9999 -9999 -9999 175 183 174 207 223 229 272 297 301 297 342 361 384 409 419 411 420 433 449 444 437 419 411 379 394
654 644 659 674 680 679 610 551 495 472 502 559 600 607 581 597 599 620 -9999 -9999 -9999 -9999 -9999 -9999 -9999 -9999 -9999 -9999 -9999 -9999 -9999 -9999 -9999 -9999 -9999 -9999 -9999 -9999 -9999 -9999 -9999 -9999 -9999 -9999 -9999 527 524 506 513 516 469 468 482 492 406 377 366 307 274 241 -9999 -9999 -9999 198 199 203 202 223 242 278 309 309 311 348 354 359 380 406 413 417 443 433 427 442 429 425 405 415
-9999 -9999 -9999 694 701 698 637 594 519 531 510 565 589 617 635 649 639 624 -9999 -9999 -9999 -9999 -9999 -9999 -9999 -9999 -9999 -9999 -9999 -9999 -9999 -9999 -9999 -9999 -9999 -9999 -9999 -9999 -9999 -9999 -9999 -9999 -9999 -9999 -9999 524 515 529 523 543 514 503 536 514 444 389 384 345 281 249 214 195 -9999 210 204 209 214 217 250 268 286 318 327 348 357 386 397 384 397 389 423 404 434 435 411 413 419 416
-9999 -9999 -9999 711 693 690 670 613 591 533 557 564 596 606 639 656 635 642 -9999 -9999 -9999 -9999 -9999 -9999 -9999 -9999 -9999 -9999 -9999 -9999 -9999 -9999 -9999 -9999 -9999 -9999 -9999 -9999 -9999 -9999 -9999 -9999 -9999 538 552 532 522 563 563 572 552 518 563 558 463 407 373 370 311 266 249 214 -9999 227 203 213 236 246 253 281 295 330 342 359 371 376 357 372 375 386 399 426 417 415 419 413 389 404
-9999 -9999 -9999 -9999 -9999 687 690 661 596 592 582 573 608 609 658 638 628 625 632 610 -9999 -9999 -9999 -9999 -9999 -9999 -9999 -9999 -9999 -9999 -9999 -9999 -9999 -9999 -9999 -9999 -9999 -9999 -9999 -9999 -9999 -9999 -9999 508 510 531 551 550 591 601 555 478 551 541 504 446 390 374 321 290 249 -9999 -9999 230 217 245 261 261 240 264 311 319 345 347 356 371 351 366 373 373 392 418 394 405 425 431 411 409
-9999 -9999 -9999 -9999 -9999 687 676 656 633 602 575 593 591 609 613 622 603 638 593 626 -9999 -9999 -9999 -9999 -9999 -9999 -9999 -9999 -9999 -9999 -9999 -9999 -9999 -9999 -9999 -9999 -9999 -9999 -9999 -9999 -9999 -9999 -9999 -9999 517 511 529 552 562 579 546 442 487 528 500 462 413 373 340 318 298 278 258 240 240 274 290 284 275 287 311 325 343 361 355 350 364 374 384 394 392 398 409 411 409 421 434 438
-9999 -9999 -9999 -9999 -9999 686 676 652 632 602 -9999 591 584 589 596 600 609 610 611 642 617 607 -9999 -9999 -9999 -9999 -9999 -9999 -9999 -9999 -9999 -9999 -9999 -9999 -9999 -9999 -9999 -9999 -9999 -9999 -9999 -9999 -9999 -9999 490 488 512 529 497 539 501 423 471 524 478 458 431 409 382 337 333 283 274 263 249 266 302 284 287 294 322 349 352 348 356 379 378 394 379 401 395 397 394 411 403 420 407 418
-9999 -9999 -9999 -9999 -9999 -9999 668 644 611 618 -9999 593 590 616 610 631 596 617 682 748 714 622 565 -9999 -9999 -9999 -9999 -9999 -9999 -9999 -9999 -9999 -9999 -9999 -9999 -9999 -9999 -9999 -9999 -9999 -9999 -9999 -9999 -9999 477 480 443 497 492 504 475 427 462 482 475 475 446 424 411 377 340 329 285 277 270 307 315 312 323 311 337 348 355 364 368 384 404 412 403 402 395 395 415 407 405 398 352 397
-9999 -9999 -9999 -9999 -9999 -9999 -9999 -9999 -9999 -9999 -9999 -9999 605 629 626 664 666 687 702 777 788 694 561 -9999 -9999 -9999 -9999 -9999 -9999 -9999 -9999 -9999 -9999 -9999 -9999 -9999 -9999 -9999 -9999 -9999 -9999 -9999 -9999 -9999 -9999 483 481 475 466 504 497 462 434 448 453 462 450 415 405 398 352 334 317 315 301 335 344 332 340 342 322 359 375 366 364 367 377 405 413 428 434 423 446 430 412 402 382 404
-9999 -9999 677 -9999 -9999 -9999 -9999 -9999 -9999 -9999 -9999 -9999 -9999 646 654 666 717 732 754 791 777 733 577 486 -9999 -9999 -9999 -9999 -9999 -9999 -9999 -9999 -9999 -9999 -9999 -9999 -9999 -9999 -9999 -9999 -9999 -9999 -9999 -9999 -9999 -9999 452 477 447 463 479 475 428 429 454 466 452 435 456 422 398 372 335 314 327 320 342 352 351 355 364 364 386 362 370 377 377 419 440 455 444 460 468 455 439 415 411 411
-9999 -9999 642 -9999 -9999 -9999 -9999 -9999 -9999 -9999 -9999 -9999 -9999 650 670 690 779 778 811 794 779 715 588 488 -9999 -9999 -9999 -9999 -9999 -9999 -9999 -9999 -9999 -9999 -9999 -9999 -9999 -9999 -9999 -9999 -9999 -9999 -9999 -9999 -9999 -9999 -9999 451 469 437 457 470 457 430 451 455 448 459 444 431 396 359 366 366 324 356 346 347 355 365 376 376 383 359 388 383 395 425 411 471 519 453 482 478 463 435 424 419
-9999 -9999 -9999 661 650 -9999 -9999 -9999 -9999 -9999 -9999 -9999 -9999 675 725 703 698 782 802 791 -9999 -9999 -9999 -9999 -9999 -9999 -9999 -9999 -9999 -9999 -9999 -9999 -9999 -9999 -9999 -9999 -9999 -9999 -9999 -9999 -9999 -9999 -9999 -9999 -9999 -9999 -9999 -9999 444 465 455 432 433 442 452 444 455 439 426 418 404 386 361 380 373 348 347 369 364 357 375 366 367 373 380 382 377 406 401 489 509 445 484 509 497 446 460 439
-9999 -9999 675 -9999 -9999 -9999 -9999 -9999 -9999 -9999 -9999 -9999 -9999 695 686 664 733 779 823 -9999 -9999 -9999 -9999 -9999 -9999 -9999 -9999 -9999 -9999 -9999 -9999 -9999 -9999 -9999 -9999 -9999 -9999 -9999 -9999 -9999 -9999 -9999 -9999 -9999 -9999 -9999 -9999 -9999 450 442 439 444 450 442 433 424 426 427 432 412 393 378 376 374 370 371 366 351 370 359 353 382 384 383 390 402 409 402 404 465 433 457 440 494 507 475 496 466
-9999 -9999 -9999 -9999 -9999 -9999 -9999 -9999 -9999 -9999 -9999 -9999 -9999 706 740 -9999 -9999 -9999 -9999 -9999 -9999 -9999 -9999 -9999 -9999 -9999 -9999 -9999 -9999 -9999 -9999 -9999 -9999 -9999 -9999 -9999 -9999 -9999 -9999 -9999 -9999 -9999 -9999 -9999 -9999 -9999 -9999 -9999 -9999 446 425 436 433 438 434 428 401 423 410 411 401 402 388 372 377 377 384 364 379 372 368 373 373 375 404 386 410 400 411 437 421 433 411 481 499 508 543 493
-9999 -9999 -9999 -9999 -9999 -9999 -9999 -9999 -9999 -9999 -9999 -9999 -9999 -9999 -9999 -9999 -9999 -9999 -9999 -9999 -9999 -9999 -9999 -9999 -9999 -9999 -9999 -9999 -9999 -9999 -9999 -9999 -9999 -9999 -9999 -9999 -9999 -9999 -9999 -9999 -9999 -9999 -9999 -9999 -9999 -9999 -9999 -9999 -9999 -9999 -9999 435 428 405 426 424 416 409 407 389 388 386 388 383 380 374 364 364 370 359 365 373 338 380 398 395 417 414 421 433 410 419 401 480 504 545 539 561
-9999 -9999 -9999 -9999 -9999 -9999 -9999 -9999 -9999 -9999 -9999 -9999 -9999 -9999 -9999 -9999 -9999 -9999 -9999 -9999 -9999 -9999 -9999 -9999 -9999 -9999 -9999 -9999 -9999 -9999 -9999 -9999 -9999 -9999 -9999 -9999 -9999 -9999 -9999 -9999 -9999 -9999 -9999 -9999 -9999 -9999 -9999 -9999 -9999 -9999 -9999 -9999 419 412 405 398 405 384 390 419 364 379 383 369 388 384 403 393 385 366 367 386 379 409 413 396 419 419 425 441 419 420 383 457 473 543 569 587
-9999 -9999 -9999 -9999 -9999 -9999 -9999 -9999 -9999 -9999 -9999 -9999 -9999 -9999 -9999 -9999 -9999 -9999 -9999 -9999 -9999 -9999 -9999 -9999 -9999 -9999 -9999 -9999 -9999 -9999 -9999 -9999 -9999 -9999 -9999 -9999 -9999 -9999 -9999 -9999 -9999 -9999 -9999 -9999 -9999 -9999 -9999 -9999 -9999 -9999 -9999 -9999 392 389 405 408 377 382 400 365 375 373 355 388 375 381 388 381 382 387 368 399 371 409 401 447 396 376 410 434 452 407 408 388 386 479 562 568
-9999 -9999 -9999 -9999 -9999 -9999 -9999 -9999 -9999 -9999 -9999 -9999 -9999 -9999 -9999 -9999 -9999 -9999 -9999 -9999 -9999 -9999 -9999 -9999 -9999 -9999 -9999 -9999 -9999 -9999 -9999 -9999 -9999 -9999 -9999 -9999 -9999 -9999 -9999 -9999 -9999 -9999 -9999 -9999 -9999 -9999 -9999 -9999 -9999 -9999 -9999 -9999 381 389 362 382 382 379 369 357 373 350 356 363 364 381 381 402 374 371 387 403 401 411 401 390 351 329 366 437 457 433 412 351 363 388 485 517
-9999 -9999 -9999 -9999 -9999 -9999 -9999 -9999 -9999 -9999 -9999 -9999 -9999 -9999 -9999 -9999 -9999 -9999 -9999 -9999 -9999 -9999 -9999 -9999 -9999 -9999 -9999 -9999 -9999 -9999 -9999 -9999 -9999 -9999 -9999 -9999 -9999 -9999 -9999 -9999 -9999 -9999 -9999 -9999 -9999 -9999 -9999 -9999 -9999 -9999 -9999 -9999 -9999 377 374 389 366 376 373 343 350 365 352 363 380 373 372 390 364 359 384 377 413 433 367 320 335 330 342 432 477 422 411 357 361 380 457 502
-9999 -9999 -9999 -9999 -9999 -9999 -9999 -9999 -9999 -9999 -9999 -9999 -9999 -9999 -9999 -9999 -9999 -9999 -9999 -9999 -9999 -9999 -9999 -9999 -9999 -9999 -9999 -9999 -9999 -9999 -9999 -9999 -9999 -9999 -9999 -9999 -9999 -9999 -9999 -9999 -9999 -9999 -9999 -9999 -9999 -9999 -9999 -9999 -9999 -9999 -9999 -9999 -9999 -9999 355 350 362 359 377 339 357 352 344 373 367 375 383 386 374 357 375 399 386 423 417 327 356 371 372 409 482 458 385 320 338 385 435 465
-9999 -9999 -9999 -9999 -9999 -9999 -9999 -9999 -9999 -9999 -9999 -9999 -9999 -9999 -9999 -9999 -9999 -9999 -9999 -9999 -9999 -9999 -9999 -9999 -9999 -9999 -9999 -9999 -9999 -9999 -9999 -9999 -9999 -9999 -9999 -9999 -9999 -9999 -9999 -9999 -9999 -9999 -9999 -9999 -9999 -9999 -9999 -9999 -9999 -9999 -9999 -9999 -9999 -9999 -9999 335 359 359 352 347 373 365 354 368 368 384 397 399 358 328 357 363 415 398 442 375 380 462 452 421 447 401 359 315 348 375 437 436
-9999 -9999 -9999 -9999 -9999 -9999 -9999 -9999 -9999 -9999 -9999 -9999 -9999 -9999 -9999 -9999 -9999 -9999 -9999 -9999 -9999 -9999 -9999 -9999 -9999 -9999 -9999 -9999 -9999 -9999 -9999 -9999 -9999 -9999 -9999 -9999 -9999 -9999 -9999 -9999 -9999 -9999 -9999 -9999 -9999 -9999 -9999 -9999 -9999 -9999 -9999 -9999 -9999 -9999 -9999 -9999 327 340 342 352 379 366 364 335 368 371 379 409 380 328 320 302 393 397 534 390 385 477 501 484 393 359 335 329 373 380 410 426
