bio_clim/bio_9.asc
ncols         156
nrows         252
xllcorner     -82
yllcorner     -8
cellsize      0.083333337679505
NODATA_value  -9999
[rows 195 to 233 of 252, columns 0 to 88 of 156]
-9999 -9999 -9999 -9999 -9999 -9999 -9999 -9999 -9999 -9999 -9999 -9999 -9999 -9999 -9999 -9999 -9999 -9999 -9999 -9999 -9999 -9999 -9999 239 236 236 236 233 228 211 195 198 213 160 98 112 94 119 140 167 200 207 221 193 189 215 193 207 240 249 246 249 253 254 254 254 254 254 254 255 255 254 255 255 255 255 254 254 254 254 254 254 253 253 252 252 252 252 252 252 252 253 254 254 253 253 252 253 254
-9999 -9999 -9999 -9999 -9999 -9999 -9999 -9999 -9999 -9999 -9999 -9999 -9999 -9999 -9999 -9999 -9999 -9999 -9999 -9999 239 240 240 240 240 236 236 231 218 212 205 209 198 126 137 111 87 109 164 159 217 212 219 185 200 203 200 209 242 250 245 249 253 254 254 254 255 255 255 255 255 255 255 255 255 255 255 255 255 254 254 254 254 253 253 252 253 252 250 250 252 252 252 252 252 254 253 253 255
-9999 -9999 -9999 -9999 -9999 -9999 -9999 -9999 -9999 -9999 -9999 -9999 -9999 -9999 -9999 -9999 -9999 -9999 -9999 -9999 240 242 242 242 242 237 231 217 153 145 122 163 194 172 137 107 126 135 165 205 217 226 216 183 212 210 217 236 250 249 248 246 254 255 255 255 255 256 255 256 256 256 256 256 256 255 256 255 255 255 255 254 254 254 254 253 251 251 251 250 252 252 251 252 252 253 254 255 255
-9999 -9999 -9999 -9999 -9999 -9999 -9999 -9999 -9999 -9999 -9999 -9999 -9999 -9999 -9999 -9999 -9999 -9999 238 241 238 240 241 241 239 236 225 191 156 104 91 115 165 123 110 105 186 162 149 206 216 230 220 194 217 221 234 241 249 248 253 249 253 256 256 256 256 256 256 256 257 256 256 257 256 256 256 256 256 255 255 255 254 254 254 252 252 251 251 251 251 251 251 251 252 253 253 254 255
-9999 -9999 -9999 -9999 -9999 -9999 -9999 -9999 -9999 -9999 -9999 -9999 -9999 -9999 -9999 -9999 -9999 234 237 238 239 241 241 240 239 237 229 204 208 198 132 92 121 129 103 126 202 183 185 206 209 226 208 208 227 222 233 245 241 247 253 254 242 255 256 257 257 257 257 257 257 257 257 257 257 257 257 257 256 256 256 256 255 253 253 253 252 252 252 251 251 251 252 252 252 253 253 254 256
-9999 -9999 -9999 -9999 -9999 -9999 -9999 -9999 -9999 -9999 -9999 -9999 -9999 -9999 -9999 235 231 231 239 239 239 241 241 238 232 235 228 225 230 217 158 100 111 113 108 144 182 209 212 213 212 216 197 208 231 221 235 239 244 245 254 255 245 254 256 258 258 258 258 258 258 257 258 258 257 257 258 257 256 257 257 256 253 254 253 253 253 253 252 251 252 252 252 252 253 253 253 254 256
-9999 -9999 -9999 -9999 -9999 -9999 -9999 -9999 -9999 -9999 -9999 -9999 -9999 -9999 227 229 229 233 238 233 232 234 236 233 232 233 230 231 233 228 187 130 126 129 134 149 172 212 213 222 219 212 191 219 236 227 232 241 247 242 254 254 245 255 257 258 259 259 258 259 259 258 258 259 258 258 258 258 257 257 257 256 254 254 254 253 253 253 252 252 252 252 252 253 253 253 254 254 255
-9999 -9999 -9999 -9999 -9999 -9999 -9999 -9999 -9999 -9999 -9999 -9999 -9999 -9999 223 225 230 231 229 218 222 227 231 232 230 225 227 226 224 209 168 157 139 149 166 163 178 212 221 222 209 203 181 210 236 230 225 228 238 246 255 257 251 249 258 259 259 259 260 259 259 259 259 259 258 258 259 258 257 257 257 255 255 254 254 254 254 254 253 253 253 253 253 253 254 254 254 255 255
-9999 -9999 -9999 -9999 -9999 -9999 -9999 -9999 -9999 -9999 -9999 -9999 216 218 218 220 228 223 222 228 226 231 226 225 218 203 181 198 206 193 179 208 165 155 141 173 173 219 209 222 219 194 205 217 222 232 228 223 227 245 256 257 257 245 257 260 260 260 260 260 260 260 260 259 260 259 259 259 258 258 256 256 255 255 255 254 254 254 254 253 254 254 254 254 254 254 255 255 256
-9999 -9999 -9999 -9999 -9999 -9999 -9999 -9999 -9999 -9999 -9999 -9999 214 214 215 219 218 216 229 222 230 228 224 219 195 169 218 225 191 216 205 220 175 147 131 164 205 212 203 217 225 208 221 217 204 226 226 239 234 248 257 258 257 243 257 259 260 261 261 261 261 260 260 260 260 260 259 259 258 258 257 256 256 256 255 255 255 255 255 254 254 254 255 255 255 255 256 256 256
-9999 -9999 -9999 -9999 -9999 -9999 -9999 -9999 -9999 -9999 -9999 207 210 210 212 205 197 215 225 220 224 226 224 207 197 219 222 213 207 223 191 198 182 147 120 147 210 176 179 202 225 219 227 229 202 220 217 228 242 254 257 258 257 242 259 260 261 262 261 262 261 261 261 261 261 260 260 260 259 259 257 256 256 256 256 255 255 255 255 255 255 255 255 256 255 256 256 257 257
-9999 -9999 -9999 -9999 -9999 -9999 -9999 -9999 -9999 -9999 205 198 207 209 203 195 197 214 220 224 225 230 225 227 226 224 212 203 213 204 165 156 198 174 115 132 185 170 206 212 222 226 225 235 227 236 209 231 245 256 257 259 250 247 261 261 262 263 262 262 262 261 261 261 261 260 260 260 260 259 258 257 257 257 256 256 256 256 256 256 255 256 256 256 257 256 257 257 257
-9999 -9999 -9999 -9999 -9999 -9999 -9999 -9999 -9999 195 196 196 199 200 197 195 206 217 222 224 228 233 233 229 221 188 206 180 194 193 190 166 180 180 120 130 148 172 203 221 225 232 234 240 227 236 223 235 243 256 258 260 250 247 260 261 262 263 263 262 262 261 261 262 262 261 261 260 260 260 258 258 257 257 257 257 257 257 256 256 256 257 257 257 257 257 257 258 258
-9999 -9999 -9999 -9999 -9999 -9999 -9999 -9999 -9999 198 199 197 198 198 194 201 210 218 222 226 229 232 231 228 233 227 219 179 200 182 213 183 142 174 135 156 158 202 206 225 226 239 233 243 243 243 239 239 248 256 259 261 257 244 261 262 263 263 263 263 262 262 262 262 262 261 261 261 260 260 259 258 258 258 258 257 257 257 257 257 257 257 257 258 258 258 258 258 258
-9999 -9999 -9999 -9999 -9999 -9999 -9999 -9999 203 202 201 203 199 195 198 205 212 218 221 226 228 229 230 226 232 228 214 209 214 200 215 166 118 131 147 165 170 192 217 214 224 233 236 239 239 240 243 242 252 256 259 261 251 256 264 263 263 263 263 263 262 262 262 262 262 261 261 261 261 261 259 259 259 259 258 258 258 258 259 258 258 258 258 258 259 259 259 259 259
-9999 -9999 -9999 -9999 -9999 -9999 -9999 -9999 -9999 201 201 197 195 198 201 207 212 217 222 223 224 225 226 226 225 207 212 178 191 210 195 149 131 135 180 190 170 189 190 206 216 234 242 229 238 243 242 247 254 256 258 255 245 261 263 263 263 263 263 263 263 262 262 262 262 261 262 262 261 261 260 259 259 259 259 259 259 259 259 258 258 259 259 259 259 260 259 259 259
-9999 -9999 -9999 -9999 -9999 -9999 -9999 -9999 193 193 198 192 190 196 204 209 211 217 220 220 222 222 219 222 220 204 183 160 187 173 173 125 129 172 207 189 185 176 166 190 224 232 241 228 233 243 242 249 253 256 256 247 253 260 262 263 262 263 263 263 263 262 262 262 262 261 262 262 261 260 260 260 259 260 260 259 260 260 259 259 259 260 260 260 260 260 260 260 260
-9999 -9999 -9999 -9999 -9999 -9999 -9999 -9999 201 202 201 198 198 204 211 213 213 218 219 219 221 221 221 212 193 198 185 192 186 155 118 104 124 162 213 194 170 165 194 202 213 236 230 233 237 242 244 250 250 254 240 241 257 260 261 262 263 262 263 263 262 262 262 261 262 262 262 262 262 260 260 260 260 260 260 260 260 260 260 260 260 260 260 260 260 260 261 261 261
-9999 -9999 -9999 -9999 -9999 -9999 -9999 -9999 -9999 203 203 203 205 208 212 215 218 219 219 220 221 222 216 204 175 146 186 192 189 175 116 116 155 188 214 201 166 160 194 200 212 231 222 235 241 244 243 249 252 252 233 243 253 259 260 262 262 262 262 262 262 261 262 261 262 261 262 262 260 261 261 260 261 261 260 260 260 260 260 260 261 261 260 261 261 261 261 261 262
-9999 -9999 -9999 -9999 -9999 -9999 -9999 -9999 -9999 -9999 217 206 208 211 213 215 217 218 220 223 224 225 216 196 160 118 148 185 200 186 150 124 156 187 216 210 189 178 201 209 217 233 225 239 243 245 244 250 251 251 233 240 244 255 259 260 261 261 261 262 261 261 262 262 262 262 261 261 260 261 261 261 261 261 263 263 263 263 263 261 261 261 261 261 261 261 261 261 262
-9999 -9999 -9999 -9999 -9999 -9999 -9999 -9999 -9999 -9999 -9999 217 206 209 212 214 217 219 220 223 225 225 222 204 188 136 124 174 183 174 108 147 185 200 223 217 197 174 201 207 213 228 230 240 240 239 244 248 250 247 230 234 241 247 256 258 259 261 261 261 261 261 261 261 262 260 261 260 261 261 261 261 261 261 263 263 264 263 263 264 264 261 262 261 261 261 261 264 264
-9999 -9999 -9999 -9999 -9999 -9999 -9999 -9999 -9999 -9999 -9999 216 217 209 212 215 218 218 218 220 223 226 225 216 201 186 161 141 136 123 98 131 146 162 218 223 218 189 211 174 192 218 238 245 245 228 231 246 246 218 214 222 230 238 250 258 258 259 260 260 261 260 261 259 260 261 261 260 261 260 261 262 261 262 264 264 264 264 264 264 264 264 262 262 262 262 262 264 265
-9999 -9999 -9999 -9999 -9999 -9999 -9999 -9999 -9999 -9999 213 215 217 220 221 226 229 228 217 217 221 225 227 226 220 208 189 165 151 114 121 131 140 168 207 208 230 200 212 174 202 214 227 244 246 242 234 241 250 235 216 218 231 233 233 250 257 258 258 259 259 260 258 257 258 259 259 261 261 261 262 261 261 262 264 265 264 265 265 265 264 265 265 262 262 262 262 265 265
-9999 -9999 -9999 -9999 -9999 -9999 -9999 -9999 -9999 214 211 213 214 219 222 226 228 228 216 216 220 223 226 228 228 225 218 214 192 125 161 121 115 145 182 192 210 226 228 183 193 201 239 246 248 241 239 234 227 237 227 217 233 229 229 231 242 250 257 258 256 257 257 256 256 257 258 260 260 261 262 261 262 262 262 265 265 265 265 265 265 265 265 265 263 262 262 263 266
-9999 -9999 -9999 -9999 -9999 -9999 -9999 -9999 -9999 -9999 -9999 213 216 220 223 226 227 227 225 216 218 221 224 225 226 221 228 225 194 115 160 138 157 185 197 175 192 212 238 209 180 195 240 239 239 232 219 225 203 219 213 213 229 216 221 230 228 229 241 253 256 256 256 256 255 256 257 258 260 261 262 262 262 262 263 262 262 265 265 263 263 263 263 263 262 263 263 263 266
-9999 -9999 -9999 -9999 -9999 -9999 -9999 -9999 -9999 -9999 -9999 -9999 217 220 223 225 227 227 225 225 216 219 222 225 222 224 224 222 201 139 165 170 152 178 204 200 191 224 243 239 206 204 239 212 210 207 212 210 185 202 204 201 214 208 212 226 232 229 227 227 238 253 255 255 255 256 256 257 258 260 262 262 262 262 263 262 262 262 262 262 263 262 263 263 263 264 264 264 263
-9999 -9999 -9999 -9999 -9999 -9999 -9999 -9999 -9999 -9999 -9999 -9999 -9999 220 222 224 226 226 225 225 216 217 220 222 221 218 219 222 205 172 158 174 133 152 194 213 218 231 242 244 235 229 233 203 159 191 207 213 187 193 191 196 206 200 200 208 225 228 226 230 224 225 251 254 254 255 255 256 257 259 261 262 262 263 262 261 261 261 262 262 263 263 263 263 263 263 263 263 264
-9999 -9999 -9999 -9999 -9999 -9999 -9999 -9999 -9999 -9999 -9999 -9999 -9999 220 221 223 225 225 225 225 225 217 218 220 218 214 212 219 208 183 141 174 122 118 170 185 197 218 242 236 243 244 215 172 139 179 174 171 190 181 191 199 211 193 197 208 213 210 216 222 221 215 228 253 255 256 256 256 257 259 261 262 262 263 262 260 260 260 260 261 262 263 263 263 264 264 264 264 264
-9999 -9999 -9999 -9999 -9999 -9999 -9999 -9999 -9999 -9999 -9999 -9999 -9999 -9999 220 222 224 224 225 225 225 217 218 219 221 224 218 213 198 163 159 180 149 121 178 165 174 200 233 242 244 244 235 196 145 125 127 160 182 166 180 191 209 202 203 205 202 202 208 211 218 215 212 245 254 256 256 257 258 259 261 262 263 262 260 260 260 259 260 262 263 264 264 264 264 264 265 264 264
-9999 -9999 -9999 -9999 -9999 -9999 -9999 -9999 -9999 -9999 -9999 -9999 -9999 -9999 219 221 223 223 224 225 225 216 218 219 220 223 221 208 173 155 156 178 154 113 170 192 163 195 232 241 242 242 242 229 208 162 127 156 170 163 149 180 201 219 223 222 216 221 220 220 210 208 215 238 253 255 256 257 259 260 260 262 262 262 261 261 261 260 261 261 263 263 264 264 264 264 264 264 264
-9999 -9999 -9999 -9999 -9999 -9999 -9999 -9999 -9999 -9999 -9999 -9999 -9999 217 218 220 221 222 223 224 225 216 217 219 218 222 221 215 188 159 176 185 158 150 159 197 163 172 224 237 225 233 232 235 237 205 148 130 152 166 134 150 146 196 215 224 225 224 223 224 223 211 202 225 244 254 255 257 258 260 261 262 261 261 261 261 261 261 261 262 263 264 263 264 263 263 264 264 264
-9999 -9999 -9999 -9999 -9999 -9999 -9999 -9999 -9999 -9999 208 204 212 215 216 218 220 221 222 223 224 215 216 218 217 221 221 219 211 187 145 179 172 173 159 190 199 203 227 235 206 181 181 195 217 220 189 151 166 147 152 119 146 170 199 215 225 225 224 220 222 211 190 226 235 244 252 256 258 260 262 262 262 261 261 261 261 261 262 262 263 264 264 264 264 264 264 264 263
-9999 -9999 -9999 -9999 -9999 -9999 -9999 -9999 -9999 -9999 205 198 206 212 214 216 218 220 221 222 223 224 215 226 215 213 214 219 208 190 147 158 174 190 168 168 177 206 198 223 226 177 162 151 172 190 184 161 178 123 124 119 115 126 169 199 220 225 225 223 212 213 188 208 221 233 253 255 257 258 261 262 262 261 261 260 260 261 262 262 263 264 264 264 264 264 263 264 263
-9999 -9999 -9999 -9999 -9999 -9999 -9999 -9999 -9999 -9999 -9999 201 204 212 215 215 217 218 219 220 221 222 213 224 213 214 215 215 213 197 163 137 132 162 197 199 195 206 192 195 221 210 189 177 124 172 175 127 163 138 129 121 94 94 114 155 204 224 224 222 221 215 204 196 220 224 248 253 255 257 257 260 261 262 260 261 261 261 261 262 263 263 264 264 264 264 264 264 263
-9999 -9999 -9999 -9999 -9999 -9999 -9999 -9999 -9999 -9999 -9999 -9999 209 212 213 214 215 216 218 219 220 221 212 223 210 211 209 216 212 192 139 95 97 141 177 185 169 192 179 170 205 202 211 186 140 151 138 121 139 159 147 113 106 98 105 147 189 211 222 220 210 217 213 215 211 225 240 251 254 255 256 258 260 261 261 261 261 261 261 262 263 264 264 264 264 263 263 263 263
-9999 -9999 -9999 -9999 -9999 -9999 -9999 -9999 -9999 -9999 -9999 -9999 -9999 210 211 213 214 215 216 217 218 219 220 221 209 209 221 215 211 190 144 105 94 105 152 187 167 181 146 159 165 194 191 206 182 149 124 122 148 156 146 144 133 126 119 155 184 197 217 208 201 207 220 223 223 233 236 244 251 253 255 257 258 258 261 261 260 260 261 262 263 264 263 263 264 264 263 263 263
-9999 -9999 -9999 -9999 -9999 -9999 -9999 -9999 -9999 -9999 -9999 -9999 -9999 -9999 211 211 212 214 215 216 217 218 218 219 220 221 222 223 214 200 171 153 128 95 144 165 174 151 124 149 153 174 172 192 184 174 157 116 152 130 114 139 126 145 146 140 151 186 192 194 189 193 210 220 226 217 218 235 248 251 254 257 257 257 260 261 261 260 261 262 263 264 263 263 263 263 263 262 263
-9999 -9999 -9999 -9999 -9999 -9999 -9999 -9999 -9999 -9999 -9999 -9999 -9999 -9999 -9999 -9999 211 212 213 214 215 216 217 218 218 219 220 218 210 200 201 185 131 88 131 141 166 141 135 138 144 130 158 168 192 167 152 108 127 144 114 134 159 175 167 154 140 156 179 177 184 196 201 215 237 233 228 228 238 235 245 255 257 258 260 261 261 259 261 262 263 263 263 263 263 263 263 263 262
-9999 -9999 -9999 -9999 -9999 -9999 -9999 -9999 -9999 -9999 -9999 -9999 -9999 -9999 -9999 -9999 -9999 -9999 -9999 212 213 214 215 216 217 217 218 218 219 203 198 179 163 162 158 123 150 156 130 119 136 111 149 118 164 193 166 110 110 141 117 127 167 174 175 184 157 156 164 191 188 206 219 222 227 240 241 240 234 235 234 240 251 256 258 260 260 259 260 262 262 263 263 263 263 263 262 262 261
