bio_clim/bio_14.asc
ncols         156
nrows         252
xllcorner     -82
yllcorner     -8
cellsize      0.083333337679505
NODATA_value  -9999
[rows 42 to 83 of 252, columns 0 to 93 of 156]
-9999 -9999 -9999 -9999 -9999 -9999 -9999 -9999 -9999 -9999 -9999 -9999 -9999 -9999 -9999 -9999 -9999 -9999 -9999 -9999 -9999 -9999 -9999 -9999 -9999 -9999 -9999 54 60 56 52 45 42 33 22 -9999 18 -9999 -9999 -9999 -9999 -9999 -9999 -9999 -9999 -9999 -9999 -9999 -9999 -9999 -9999 -9999 -9999 -9999 -9999 -9999 -9999 -9999 -9999 -9999 -9999 -9999 -9999 -9999 -9999 -9999 -9999 -9999 -9999 -9999 -9999 -9999 -9999 -9999 -9999 -9999 -9999 7 11 18 23 23 18 14 10 7 5 5 7 8 10 11 13 16
-9999 -9999 -9999 -9999 -9999 -9999 -9999 -9999 -9999 -9999 -9999 -9999 -9999 -9999 -9999 -9999 -9999 -9999 -9999 -9999 -9999 -9999 -9999 -9999 -9999 42 43 44 46 43 48 48 44 33 25 21 21 24 28 28 24 23 23 -9999 -9999 -9999 -9999 -9999 -9999 -9999 -9999 -9999 -9999 -9999 -9999 -9999 -9999 -9999 -9999 -9999 -9999 -9999 -9999 -9999 -9999 -9999 -9999 -9999 -9999 -9999 -9999 -9999 5 7 9 8 7 9 13 18 21 19 15 11 9 7 6 5 7 8 9 10 12 15
-9999 -9999 -9999 -9999 -9999 -9999 -9999 -9999 -9999 -9999 -9999 -9999 -9999 -9999 -9999 -9999 -9999 -9999 -9999 -9999 -9999 -9999 -9999 -9999 48 42 37 31 26 28 36 36 35 30 25 25 25 25 25 26 27 28 27 26 24 -9999 -9999 -9999 -9999 -9999 -9999 -9999 -9999 -9999 -9999 -9999 -9999 -9999 -9999 -9999 -9999 -9999 -9999 -9999 -9999 -9999 -9999 -9999 -9999 -9999 -9999 6 6 9 9 10 10 13 15 19 20 18 14 11 9 8 7 8 8 8 8 9 11 15
-9999 -9999 -9999 -9999 -9999 -9999 -9999 -9999 -9999 -9999 -9999 -9999 -9999 -9999 -9999 -9999 -9999 -9999 -9999 -9999 -9999 -9999 63 52 43 36 28 20 15 15 27 27 22 15 16 10 11 14 18 20 20 21 25 27 25 22 19 12 -9999 -9999 -9999 -9999 -9999 -9999 -9999 -9999 -9999 -9999 -9999 -9999 -9999 -9999 -9999 -9999 -9999 -9999 -9999 -9999 -9999 -9999 8 9 10 12 11 12 13 16 18 19 20 17 13 10 10 10 11 11 10 10 9 7 10 15
-9999 162 -9999 -9999 -9999 -9999 -9999 -9999 -9999 -9999 -9999 -9999 -9999 -9999 -9999 -9999 -9999 -9999 104 93 86 75 61 47 36 28 22 15 11 12 15 14 9 6 5 4 8 14 18 20 18 15 14 19 21 21 22 18 11 -9999 -9999 -9999 -9999 -9999 -9999 -9999 -9999 -9999 -9999 -9999 -9999 -9999 -9999 -9999 -9999 -9999 -9999 -9999 -9999 -9999 9 11 13 13 14 15 16 17 19 20 18 15 12 10 10 12 13 14 13 11 11 10 11 17
-9999 -9999 159 -9999 -9999 -9999 -9999 -9999 -9999 -9999 -9999 -9999 -9999 -9999 -9999 -9999 102 105 95 85 79 66 54 41 30 23 19 13 11 11 11 10 7 5 4 4 10 16 20 21 17 12 10 15 18 16 16 16 15 9 -9999 -9999 -9999 -9999 -9999 -9999 -9999 -9999 -9999 -9999 -9999 -9999 -9999 -9999 -9999 -9999 -9999 -9999 -9999 10 10 12 13 13 16 16 17 18 19 18 16 14 11 11 11 13 14 14 14 13 13 13 14 17
-9999 164 -9999 147 -9999 -9999 -9999 -9999 -9999 -9999 -9999 -9999 -9999 -9999 -9999 94 93 100 89 79 68 57 46 36 26 18 15 13 11 11 -9999 -9999 -9999 -9999 -9999 -9999 6 10 15 17 21 13 13 12 13 12 12 11 13 13 8 -9999 -9999 -9999 -9999 -9999 -9999 -9999 -9999 -9999 -9999 -9999 -9999 -9999 -9999 -9999 -9999 -9999 13 11 11 13 14 12 13 15 17 18 18 16 14 12 11 11 13 15 16 15 14 13 13 15 17 18
160 160 152 139 125 -9999 -9999 -9999 -9999 -9999 -9999 -9999 -9999 74 76 77 80 84 78 67 58 48 40 33 26 17 12 -9999 -9999 -9999 -9999 -9999 -9999 -9999 -9999 -9999 -9999 6 7 7 10 15 20 10 10 9 9 8 9 11 14 10 -9999 -9999 -9999 -9999 -9999 -9999 -9999 -9999 -9999 -9999 -9999 -9999 -9999 -9999 -9999 18 15 12 12 14 15 14 13 15 17 17 16 14 12 11 10 11 13 17 16 16 15 15 15 18 20 20
141 131 124 111 103 92 80 75 -9999 -9999 57 56 56 57 59 59 61 62 55 52 46 38 30 27 21 17 12 -9999 -9999 -9999 -9999 -9999 -9999 -9999 -9999 -9999 -9999 -9999 -9999 3 3 6 16 8 9 6 7 7 7 9 13 16 13 -9999 -9999 -9999 -9999 -9999 -9999 -9999 -9999 -9999 -9999 -9999 -9999 -9999 23 21 19 15 15 16 16 15 15 15 17 16 14 13 11 10 9 10 13 14 14 14 14 15 18 21 23 23
122 103 104 93 83 73 63 53 45 46 37 36 34 33 30 32 34 35 34 32 35 27 12 9 9 17 14 -9999 -9999 -9999 -9999 -9999 -9999 -9999 -9999 -9999 -9999 -9999 -9999 -9999 1 2 5 6 7 5 5 6 7 8 10 17 19 17 -9999 -9999 -9999 -9999 -9999 -9999 -9999 -9999 -9999 -9999 33 30 27 25 24 21 19 19 19 19 20 20 18 16 14 12 11 10 10 10 12 13 13 12 14 17 20 23 25 25
97 60 87 80 77 68 56 52 35 29 35 32 27 32 24 21 18 21 26 23 24 16 7 5 10 12 -9999 -9999 -9999 -9999 -9999 -9999 -9999 -9999 -9999 1 -9999 -9999 -9999 -9999 -9999 -9999 2 3 6 5 5 6 6 8 10 14 23 24 22 25 -9999 -9999 -9999 -9999 -9999 -9999 37 38 38 35 32 29 29 25 23 23 24 23 25 23 18 15 13 12 12 12 12 13 13 14 15 13 15 21 26 28 28 26
91 77 70 65 64 64 60 53 54 34 31 25 28 31 23 14 11 13 14 15 15 12 6 6 5 -9999 -9999 -9999 -9999 -9999 -9999 -9999 -9999 -9999 -9999 -9999 -9999 -9999 -9999 -9999 -9999 -9999 1 2 3 4 4 6 7 8 10 13 21 28 31 28 28 -9999 -9999 -9999 -9999 40 42 43 44 41 37 35 33 27 25 24 23 21 22 22 17 14 13 13 15 16 16 19 20 20 19 16 17 24 30 32 31 24
76 72 65 63 47 43 22 13 23 19 19 15 18 10 10 6 5 5 6 7 7 7 5 3 -9999 -9999 -9999 -9999 -9999 -9999 -9999 -9999 -9999 -9999 -9999 -9999 0 -9999 -9999 -9999 -9999 -9999 2 2 2 3 5 6 8 9 11 14 19 29 39 37 33 -9999 -9999 -9999 -9999 -9999 47 48 49 47 43 41 36 30 28 24 20 18 19 22 18 15 15 16 18 18 23 29 28 28 27 28 30 34 36 36 30 21
49 55 51 40 30 21 15 9 8 8 9 9 9 8 6 3 2 3 2 3 4 4 3 -9999 -9999 -9999 -9999 -9999 -9999 -9999 -9999 -9999 -9999 -9999 -9999 -9999 0 0 -9999 -9999 -9999 -9999 -9999 -9999 -9999 3 5 6 8 11 12 15 20 28 37 41 41 42 45 -9999 -9999 -9999 -9999 54 54 52 49 44 39 35 29 24 21 19 20 23 20 18 16 17 20 24 29 32 33 35 38 42 46 58 47 41 29 23
41 41 38 32 26 20 17 13 10 8 8 7 7 6 4 3 2 2 2 -9999 -9999 -9999 -9999 -9999 -9999 -9999 -9999 -9999 -9999 -9999 -9999 -9999 -9999 -9999 0 -9999 0 -9999 -9999 -9999 -9999 -9999 -9999 -9999 -9999 -9999 6 7 8 12 13 17 23 30 36 43 42 43 49 -9999 -9999 -9999 -9999 61 59 57 53 48 43 39 32 27 26 25 25 23 20 17 16 17 20 24 29 34 35 38 44 47 52 70 57 40 32 27
34 33 32 29 24 21 15 16 13 11 9 7 5 5 5 4 2 2 -9999 -9999 -9999 -9999 -9999 -9999 -9999 -9999 -9999 -9999 -9999 -9999 -9999 -9999 -9999 -9999 -9999 -9999 -9999 -9999 -9999 -9999 -9999 -9999 -9999 -9999 -9999 6 8 10 10 11 14 18 26 32 35 40 46 42 48 56 -9999 -9999 -9999 67 65 62 58 52 48 43 36 33 32 31 27 23 19 16 15 16 19 24 30 35 38 42 45 44 53 62 53 42 34 30
-9999 -9999 -9999 24 25 21 19 21 16 13 10 8 6 5 4 4 2 2 -9999 -9999 -9999 -9999 -9999 -9999 -9999 -9999 -9999 -9999 -9999 -9999 -9999 -9999 -9999 -9999 -9999 -9999 -9999 -9999 -9999 -9999 -9999 -9999 -9999 -9999 -9999 7 10 12 13 14 15 20 31 31 33 42 47 45 47 56 64 73 -9999 76 73 65 62 57 52 48 42 37 34 31 27 23 19 16 14 15 18 25 32 36 39 47 54 55 60 66 59 49 36 32
-9999 -9999 -9999 21 21 24 20 23 18 13 9 6 5 4 3 2 2 1 -9999 -9999 -9999 -9999 -9999 -9999 -9999 -9999 -9999 -9999 -9999 -9999 -9999 -9999 -9999 -9999 -9999 -9999 -9999 -9999 -9999 -9999 -9999 -9999 -9999 5 6 8 13 15 18 19 22 31 31 30 29 36 43 45 46 56 65 76 -9999 84 82 73 64 62 57 52 48 41 38 33 29 25 21 17 14 14 18 27 34 38 41 54 73 74 74 73 66 55 40 34
-9999 -9999 -9999 -9999 -9999 23 23 26 19 14 10 6 5 4 1 1 1 1 1 1 -9999 -9999 -9999 -9999 -9999 -9999 -9999 -9999 -9999 -9999 -9999 -9999 -9999 -9999 -9999 -9999 -9999 -9999 -9999 -9999 -9999 -9999 -9999 9 9 9 13 18 21 24 30 37 29 26 24 28 38 41 44 54 63 -9999 -9999 89 89 69 60 65 61 56 49 43 41 38 33 28 24 20 17 17 21 29 36 42 48 60 77 85 84 82 74 59 43 39
-9999 -9999 -9999 -9999 -9999 25 24 23 18 12 9 6 6 4 2 1 1 0 0 0 -9999 -9999 -9999 -9999 -9999 -9999 -9999 -9999 -9999 -9999 -9999 -9999 -9999 -9999 -9999 -9999 -9999 -9999 -9999 -9999 -9999 -9999 -9999 -9999 12 11 13 18 23 27 34 40 31 25 23 25 32 37 43 52 61 71 78 77 80 72 59 69 65 61 52 48 45 43 38 34 29 26 23 23 25 29 37 46 55 66 77 89 89 88 71 57 48 45
-9999 -9999 -9999 -9999 -9999 24 22 19 13 8 -9999 5 4 5 4 3 2 1 0 0 0 0 -9999 -9999 -9999 -9999 -9999 -9999 -9999 -9999 -9999 -9999 -9999 -9999 -9999 -9999 -9999 -9999 -9999 -9999 -9999 -9999 -9999 -9999 19 16 22 17 26 29 35 44 37 26 26 27 29 35 43 50 58 67 71 69 74 79 69 75 70 66 57 56 51 50 45 40 37 34 31 30 31 32 41 51 60 70 80 100 101 95 69 56 49 50
-9999 -9999 -9999 -9999 -9999 -9999 20 16 10 7 -9999 2 2 5 5 4 3 2 2 1 1 0 0 -9999 -9999 -9999 -9999 -9999 -9999 -9999 -9999 -9999 -9999 -9999 -9999 -9999 -9999 -9999 -9999 -9999 -9999 -9999 -9999 -9999 10 23 33 23 28 30 36 49 40 29 29 29 31 37 42 48 55 63 67 68 73 80 62 69 75 72 67 64 56 56 51 48 49 48 41 39 40 44 52 60 69 77 85 104 109 94 78 59 62 58
-9999 -9999 -9999 -9999 -9999 -9999 -9999 -9999 -9999 -9999 -9999 -9999 1 4 5 4 4 3 2 1 1 0 0 -9999 -9999 -9999 -9999 -9999 -9999 -9999 -9999 -9999 -9999 -9999 -9999 -9999 -9999 -9999 -9999 -9999 -9999 -9999 -9999 -9999 -9999 12 22 26 41 32 33 41 46 38 34 30 32 37 42 45 52 60 66 67 75 78 63 62 76 75 74 70 61 59 54 52 56 59 51 48 51 53 60 73 79 87 94 105 111 94 83 60 65 60
-9999 -9999 21 -9999 -9999 -9999 -9999 -9999 -9999 -9999 -9999 -9999 -9999 4 5 5 6 4 3 2 1 0 0 0 -9999 -9999 -9999 -9999 -9999 -9999 -9999 -9999 -9999 -9999 -9999 -9999 -9999 -9999 -9999 -9999 -9999 -9999 -9999 -9999 -9999 -9999 9 21 42 42 33 36 42 49 39 32 33 35 37 41 49 60 70 73 81 90 58 62 68 76 74 72 63 47 50 52 59 67 73 74 80 79 81 88 90 99 104 106 115 95 84 66 62 62
-9999 -9999 19 -9999 -9999 -9999 -9999 -9999 -9999 -9999 -9999 -9999 -9999 3 4 5 4 4 3 3 3 1 1 0 -9999 -9999 -9999 -9999 -9999 -9999 -9999 -9999 -9999 -9999 -9999 -9999 -9999 -9999 -9999 -9999 -9999 -9999 -9999 -9999 -9999 -9999 -9999 18 31 42 39 38 43 44 36 35 34 33 32 38 50 65 79 85 92 100 64 61 60 65 65 60 57 46 52 54 61 73 85 95 110 106 99 103 104 107 110 107 108 96 86 71 67 63
-9999 -9999 -9999 17 15 -9999 -9999 -9999 -9999 -9999 -9999 -9999 -9999 4 4 6 6 4 3 3 -9999 -9999 -9999 -9999 -9999 -9999 -9999 -9999 -9999 -9999 -9999 -9999 -9999 -9999 -9999 -9999 -9999 -9999 -9999 -9999 -9999 -9999 -9999 -9999 -9999 -9999 -9999 -9999 36 38 41 41 45 43 41 40 40 38 38 45 58 74 91 96 105 113 94 59 54 51 49 46 41 67 70 65 70 84 94 99 113 111 112 113 112 112 110 103 101 92 83 78 69 68
-9999 -9999 17 -9999 -9999 -9999 -9999 -9999 -9999 -9999 -9999 -9999 -9999 5 7 8 5 4 3 -9999 -9999 -9999 -9999 -9999 -9999 -9999 -9999 -9999 -9999 -9999 -9999 -9999 -9999 -9999 -9999 -9999 -9999 -9999 -9999 -9999 -9999 -9999 -9999 -9999 -9999 -9999 -9999 -9999 34 45 42 48 48 53 50 54 51 50 53 61 73 88 98 104 111 118 114 74 64 57 50 46 52 73 75 76 77 82 96 104 111 113 112 110 111 109 105 98 93 86 81 77 72 69
-9999 -9999 -9999 -9999 -9999 -9999 -9999 -9999 -9999 -9999 -9999 -9999 -9999 5 5 -9999 -9999 -9999 -9999 -9999 -9999 -9999 -9999 -9999 -9999 -9999 -9999 -9999 -9999 -9999 -9999 -9999 -9999 -9999 -9999 -9999 -9999 -9999 -9999 -9999 -9999 -9999 -9999 -9999 -9999 -9999 -9999 -9999 -9999 43 45 54 60 65 64 64 62 66 71 80 92 100 105 110 116 119 116 93 65 70 63 63 72 73 63 60 75 76 88 99 107 109 98 108 104 99 96 91 86 80 77 74 70 66
-9999 -9999 -9999 -9999 -9999 -9999 -9999 -9999 -9999 -9999 -9999 -9999 -9999 -9999 -9999 -9999 -9999 -9999 -9999 -9999 -9999 -9999 -9999 -9999 -9999 -9999 -9999 -9999 -9999 -9999 -9999 -9999 -9999 -9999 -9999 -9999 -9999 -9999 -9999 -9999 -9999 -9999 -9999 -9999 -9999 -9999 -9999 -9999 -9999 -9999 -9999 56 65 69 74 75 79 85 92 100 103 106 111 116 119 113 107 90 68 79 82 76 97 75 61 56 65 83 95 96 94 82 76 96 94 90 86 80 79 75 73 70 66 60
-9999 -9999 -9999 -9999 -9999 -9999 -9999 -9999 -9999 -9999 -9999 -9999 -9999 -9999 -9999 -9999 -9999 -9999 -9999 -9999 -9999 -9999 -9999 -9999 -9999 -9999 -9999 -9999 -9999 -9999 -9999 -9999 -9999 -9999 -9999 -9999 -9999 -9999 -9999 -9999 -9999 -9999 -9999 -9999 -9999 -9999 -9999 -9999 -9999 -9999 -9999 -9999 73 80 86 92 98 106 107 108 110 113 117 121 124 111 107 99 68 58 57 68 76 57 42 52 70 82 83 89 85 80 74 85 80 80 75 71 70 70 69 65 62 59
-9999 -9999 -9999 -9999 -9999 -9999 -9999 -9999 -9999 -9999 -9999 -9999 -9999 -9999 -9999 -9999 -9999 -9999 -9999 -9999 -9999 -9999 -9999 -9999 -9999 -9999 -9999 -9999 -9999 -9999 -9999 -9999 -9999 -9999 -9999 -9999 -9999 -9999 -9999 -9999 -9999 -9999 -9999 -9999 -9999 -9999 -9999 -9999 -9999 -9999 -9999 -9999 80 92 99 109 112 118 118 119 119 121 125 130 131 118 106 88 69 63 60 59 73 55 47 69 71 79 76 84 79 81 79 80 71 66 68 66 65 66 64 61 59 59
-9999 -9999 -9999 -9999 -9999 -9999 -9999 -9999 -9999 -9999 -9999 -9999 -9999 -9999 -9999 -9999 -9999 -9999 -9999 -9999 -9999 -9999 -9999 -9999 -9999 -9999 -9999 -9999 -9999 -9999 -9999 -9999 -9999 -9999 -9999 -9999 -9999 -9999 -9999 -9999 -9999 -9999 -9999 -9999 -9999 -9999 -9999 -9999 -9999 -9999 -9999 -9999 89 102 111 122 129 133 134 133 129 130 135 140 137 121 105 86 74 63 53 55 63 43 47 71 82 91 72 78 79 77 83 88 76 61 62 64 63 63 60 57 56 57
-9999 -9999 -9999 -9999 -9999 -9999 -9999 -9999 -9999 -9999 -9999 -9999 -9999 -9999 -9999 -9999 -9999 -9999 -9999 -9999 -9999 -9999 -9999 -9999 -9999 -9999 -9999 -9999 -9999 -9999 -9999 -9999 -9999 -9999 -9999 -9999 -9999 -9999 -9999 -9999 -9999 -9999 -9999 -9999 -9999 -9999 -9999 -9999 -9999 -9999 -9999 -9999 -9999 110 123 135 145 153 157 153 144 141 150 157 150 126 108 94 83 69 59 54 60 35 63 96 77 78 74 71 77 77 73 81 76 67 62 64 62 62 57 54 53 54
-9999 -9999 -9999 -9999 -9999 -9999 -9999 -9999 -9999 -9999 -9999 -9999 -9999 -9999 -9999 -9999 -9999 -9999 -9999 -9999 -9999 -9999 -9999 -9999 -9999 -9999 -9999 -9999 -9999 -9999 -9999 -9999 -9999 -9999 -9999 -9999 -9999 -9999 -9999 -9999 -9999 -9999 -9999 -9999 -9999 -9999 -9999 -9999 -9999 -9999 -9999 -9999 -9999 -9999 129 149 163 177 188 189 177 171 179 181 164 138 127 112 88 84 70 64 61 38 43 90 77 66 63 64 76 79 71 77 74 68 66 65 61 58 53 50 50 51
-9999 -9999 -9999 -9999 -9999 -9999 -9999 -9999 -9999 -9999 -9999 -9999 -9999 -9999 -9999 -9999 -9999 -9999 -9999 -9999 -9999 -9999 -9999 -9999 -9999 -9999 -9999 -9999 -9999 -9999 -9999 -9999 -9999 -9999 -9999 -9999 -9999 -9999 -9999 -9999 -9999 -9999 -9999 -9999 -9999 -9999 -9999 -9999 -9999 -9999 -9999 -9999 -9999 -9999 -9999 164 183 204 223 241 241 230 222 215 194 168 153 134 95 99 93 82 65 43 33 76 81 57 55 57 71 76 76 78 78 74 72 69 60 58 49 47 49 51
-9999 -9999 -9999 -9999 -9999 -9999 -9999 -9999 -9999 -9999 -9999 -9999 -9999 -9999 -9999 -9999 -9999 -9999 -9999 -9999 -9999 -9999 -9999 -9999 -9999 -9999 -9999 -9999 -9999 -9999 -9999 -9999 -9999 -9999 -9999 -9999 -9999 -9999 -9999 -9999 -9999 -9999 -9999 -9999 -9999 -9999 -9999 -9999 -9999 -9999 -9999 -9999 -9999 -9999 -9999 -9999 199 218 239 260 276 282 270 250 219 194 177 151 111 103 103 101 64 41 23 49 75 55 51 61 71 78 89 85 78 77 75 71 64 59 46 45 49 53
-9999 -9999 -9999 -9999 -9999 -9999 -9999 -9999 -9999 -9999 -9999 -9999 -9999 -9999 -9999 -9999 -9999 -9999 -9999 -9999 -9999 -9999 -9999 -9999 -9999 -9999 -9999 -9999 -9999 -9999 -9999 -9999 -9999 -9999 -9999 -9999 -9999 -9999 -9999 -9999 -9999 -9999 -9999 -9999 -9999 -9999 -9999 -9999 -9999 -9999 -9999 -9999 -9999 -9999 -9999 -9999 212 231 254 277 295 303 305 288 262 206 201 164 129 102 113 103 69 47 28 41 63 53 48 58 69 85 102 94 91 81 77 72 66 55 46 46 51 57
-9999 -9999 -9999 -9999 -9999 -9999 -9999 -9999 -9999 -9999 -9999 -9999 -9999 -9999 -9999 -9999 -9999 -9999 -9999 -9999 -9999 -9999 -9999 -9999 -9999 -9999 -9999 -9999 -9999 -9999 -9999 -9999 -9999 -9999 -9999 -9999 -9999 -9999 -9999 -9999 -9999 -9999 -9999 -9999 -9999 -9999 -9999 -9999 -9999 -9999 -9999 -9999 -9999 -9999 -9999 195 225 246 268 293 313 326 330 319 298 228 216 187 144 110 101 97 78 51 48 53 65 54 51 59 66 98 109 104 96 82 77 72 66 56 52 52 57 62
-9999 -9999 -9999 -9999 -9999 -9999 -9999 -9999 -9999 -9999 -9999 -9999 -9999 -9999 -9999 -9999 -9999 -9999 -9999 -9999 -9999 -9999 -9999 -9999 -9999 -9999 -9999 -9999 -9999 -9999 -9999 -9999 -9999 -9999 -9999 -9999 -9999 -9999 -9999 -9999 -9999 -9999 -9999 -9999 -9999 -9999 -9999 -9999 -9999 -9999 -9999 -9999 -9999 -9999 -9999 203 232 259 284 309 331 350 358 346 328 266 248 209 147 113 99 99 80 60 56 66 59 50 53 58 80 122 127 111 105 92 77 72 66 61 60 60 64 71
-9999 -9999 -9999 -9999 -9999 -9999 -9999 -9999 -9999 -9999 -9999 -9999 -9999 -9999 -9999 -9999 -9999 -9999 -9999 -9999 -9999 -9999 -9999 -9999 -9999 -9999 -9999 -9999 -9999 -9999 -9999 -9999 -9999 -9999 -9999 -9999 -9999 -9999 -9999 -9999 -9999 -9999 -9999 -9999 -9999 -9999 -9999 -9999 -9999 -9999 -9999 -9999 -9999 -9999 182 204 247 267 301 327 354 375 376 372 358 319 272 236 178 117 102 95 89 70 65 72 61 60 59 69 89 137 148 144 113 97 80 76 71 69 68 68 71 77
-9999 -9999 -9999 -9999 -9999 -9999 -9999 -9999 -9999 -9999 -9999 -9999 -9999 -9999 -9999 -9999 -9999 -9999 -9999 -9999 -9999 -9999 -9999 -9999 -9999 -9999 -9999 -9999 -9999 -9999 -9999 -9999 -9999 -9999 -9999 -9999 -9999 -9999 -9999 -9999 -9999 -9999 -9999 -9999 -9999 -9999 -9999 -9999 -9999 -9999 -9999 -9999 -9999 -9999 -9999 204 251 279 311 342 371 389 397 406 392 357 295 259 227 125 108 99 94 80 75 76 73 71 67 80 88 107 163 157 129 101 82 81 78 77 76 75 78 80
-9999 -9999 -9999 -9999 -9999 -9999 -9999 -9999 -9999 -9999 -9999 -9999 -9999 -9999 -9999 -9999 -9999 -9999 -9999 -9999 -9999 -9999 -9999 -9999 -9999 -9999 -9999 -9999 -9999 -9999 -9999 -9999 -9999 -9999 -9999 -9999 -9999 -9999 -9999 -9999 -9999 -9999 -9999 -9999 -9999 -9999 -9999 -9999 -9999 -9999 -9999 -9999 -9999 -9999 -9999 -9999 263 293 316 348 383 416 460 458 426 385 325 283 254 137 120 107 97 90 83 79 85 82 75 81 86 143 138 142 106 97 86 87 87 85 83 81 82 87
