bio_clim/bio_2.asc
ncols         156
nrows         252
xllcorner     -82
yllcorner     -8
cellsize      0.083333337679505
NODATA_value  -9999
[rows 210 to 251 of 252, columns 0 to 94 of 156]
-9999 -9999 -9999 -9999 -9999 -9999 -9999 -9999 -9999 110 112 116 119 120 121 122 123 123 123 124 126 128 129 129 130 130 129 127 128 129 128 118 114 113 120 122 115 119 116 115 114 110 106 108 104 102 101 100 98 97 97 96 97 95 95 94 94 93 93 93 93 94 93 94 94 94 94 94 95 95 96 96 97 97 97 98 98 98 99 99 99 100 100 100 100 101 100 101 101 101 101 101 101 100 100
-9999 -9999 -9999 -9999 -9999 -9999 -9999 -9999 109 111 114 118 121 121 121 122 123 123 124 126 127 129 130 130 130 130 128 124 128 124 124 116 115 121 124 121 119 116 112 115 113 110 107 108 105 101 101 99 98 97 97 97 96 95 94 94 93 93 93 93 93 93 93 93 94 94 94 94 95 95 96 96 97 97 97 98 98 98 99 99 100 100 100 100 101 101 101 101 101 101 101 101 101 101 101
-9999 -9999 -9999 -9999 -9999 -9999 -9999 -9999 110 111 114 118 120 121 121 122 124 124 125 126 127 128 129 130 130 129 128 129 128 122 117 115 115 118 123 121 116 114 117 116 114 110 109 107 104 102 101 99 98 97 98 97 95 94 94 94 93 93 93 93 93 93 93 93 93 93 94 94 95 95 96 96 96 97 97 98 98 99 99 99 100 100 100 101 101 101 101 101 101 101 101 101 101 101 101
-9999 -9999 -9999 -9999 -9999 -9999 -9999 -9999 -9999 112 115 117 119 120 121 122 124 125 126 127 126 128 130 130 128 125 128 128 128 125 118 117 120 122 122 121 116 115 117 116 113 110 110 106 103 101 100 99 98 97 98 96 95 94 94 93 93 93 93 92 92 93 93 93 93 93 94 94 95 95 95 96 96 97 97 98 98 99 99 99 100 100 100 101 101 101 101 101 101 102 101 101 102 102 101
-9999 -9999 -9999 -9999 -9999 -9999 -9999 -9999 -9999 -9999 114 117 118 120 122 123 124 126 126 126 126 126 129 130 127 123 125 128 128 126 122 118 120 123 122 121 119 117 117 115 113 109 109 105 103 102 100 99 98 97 98 96 95 94 93 93 92 93 92 92 92 92 93 93 93 93 94 94 94 95 95 96 96 97 97 98 99 99 99 100 100 100 101 101 101 101 101 102 102 102 102 102 102 102 102
-9999 -9999 -9999 -9999 -9999 -9999 -9999 -9999 -9999 -9999 -9999 118 120 121 123 125 125 126 127 126 126 126 127 130 129 125 123 127 126 125 120 121 123 123 120 120 119 117 116 115 113 110 109 105 104 103 101 99 98 97 97 96 95 94 93 93 92 92 92 92 92 92 92 92 93 93 94 94 95 95 95 96 97 97 98 98 99 99 100 100 100 101 101 101 101 102 102 102 102 102 102 102 102 102 102
-9999 -9999 -9999 -9999 -9999 -9999 -9999 -9999 -9999 -9999 -9999 118 120 122 124 125 126 127 128 127 126 125 126 128 129 128 127 125 124 122 120 121 121 121 120 118 118 118 116 115 114 111 107 104 103 104 102 99 98 99 99 96 95 93 93 92 92 92 92 92 92 92 92 92 93 93 94 94 95 95 95 96 97 97 98 98 99 100 100 100 101 101 101 101 102 102 102 102 102 102 102 103 102 102 102
-9999 -9999 -9999 -9999 -9999 -9999 -9999 -9999 -9999 -9999 117 119 121 122 124 125 127 128 128 128 127 125 125 125 127 128 127 126 125 122 122 122 121 121 120 120 116 117 115 115 113 111 108 104 103 102 102 99 97 98 98 97 94 93 92 92 92 91 91 91 92 92 92 92 93 93 94 95 95 95 96 96 97 98 98 99 99 100 100 101 101 101 102 102 102 102 102 103 103 103 103 103 103 103 103
-9999 -9999 -9999 -9999 -9999 -9999 -9999 -9999 -9999 115 118 119 121 122 123 125 126 127 128 127 127 125 124 123 123 124 126 126 125 124 124 123 122 121 121 119 117 115 114 115 114 112 107 104 102 102 101 100 99 97 96 97 94 92 92 91 91 91 91 91 91 92 92 92 92 93 94 94 95 96 96 97 97 98 99 99 100 100 101 101 101 102 102 102 102 103 103 103 103 103 103 103 103 103 103
-9999 -9999 -9999 -9999 -9999 -9999 -9999 -9999 -9999 -9999 -9999 119 120 121 123 124 125 126 127 126 126 125 124 123 123 124 122 123 125 125 124 124 123 121 120 120 118 116 112 114 115 113 107 105 104 103 103 101 102 98 98 96 93 94 92 90 89 89 89 91 91 91 92 92 93 93 94 94 95 96 97 97 98 98 99 100 100 101 101 102 102 102 103 103 103 103 103 103 104 103 103 103 104 103 103
-9999 -9999 -9999 -9999 -9999 -9999 -9999 -9999 -9999 -9999 -9999 -9999 119 120 121 122 123 124 125 125 125 124 123 122 123 122 122 122 124 126 125 124 124 122 120 119 119 115 111 110 113 112 107 108 107 106 104 103 105 101 99 98 95 95 93 90 88 88 88 88 89 91 92 92 93 94 94 95 96 96 97 98 98 99 100 100 101 101 102 102 103 103 103 104 104 104 104 104 104 104 104 104 104 104 104
-9999 -9999 -9999 -9999 -9999 -9999 -9999 -9999 -9999 -9999 -9999 -9999 -9999 119 120 121 122 123 123 123 124 123 122 122 122 123 122 121 124 125 126 124 125 124 120 118 116 114 111 109 109 109 107 110 113 108 105 102 105 102 101 99 96 96 95 92 88 87 87 86 87 89 91 93 93 94 95 95 96 97 98 99 99 100 101 101 102 102 103 103 103 104 104 104 104 104 104 104 104 104 104 104 104 104 104
-9999 -9999 -9999 -9999 -9999 -9999 -9999 -9999 -9999 -9999 -9999 -9999 -9999 118 119 119 120 121 121 122 122 122 121 121 121 123 123 121 123 125 127 125 126 125 123 121 119 115 111 111 108 106 110 113 115 110 109 108 104 104 101 98 95 98 95 92 89 90 87 86 86 88 89 93 94 95 96 96 97 98 98 99 100 100 101 102 103 103 104 104 104 104 104 104 105 105 104 105 105 105 105 105 104 104 104
-9999 -9999 -9999 -9999 -9999 -9999 -9999 -9999 -9999 -9999 -9999 -9999 -9999 -9999 117 118 118 119 120 120 120 120 120 119 119 118 120 121 124 127 127 124 126 126 123 123 122 118 112 109 107 106 107 111 116 117 116 110 106 107 104 100 95 95 93 92 92 91 89 88 86 87 89 92 95 96 97 98 98 99 100 100 101 102 102 103 104 104 105 105 105 105 105 105 105 105 105 105 105 105 105 105 105 104 104
-9999 -9999 -9999 -9999 -9999 -9999 -9999 -9999 -9999 -9999 -9999 -9999 -9999 -9999 116 116 117 117 117 117 118 118 118 117 116 116 117 121 127 128 128 125 127 128 124 121 123 119 112 109 107 106 105 106 108 113 117 112 108 108 110 103 97 91 89 87 88 85 84 84 88 89 88 91 97 98 98 99 100 100 100 101 102 103 103 104 105 105 106 106 106 106 106 106 106 106 106 106 106 105 105 105 105 105 105
-9999 -9999 -9999 -9999 -9999 -9999 -9999 -9999 -9999 -9999 -9999 -9999 -9999 114 114 115 115 115 115 115 116 116 115 115 115 114 114 118 125 128 126 124 127 127 126 120 124 122 113 109 111 109 107 105 103 107 115 117 112 108 113 109 110 98 91 87 85 84 83 82 82 87 93 90 95 100 100 101 101 101 102 102 103 104 105 106 106 106 107 107 107 107 107 107 107 106 106 106 106 106 106 106 105 105 105
-9999 -9999 -9999 -9999 -9999 -9999 -9999 -9999 -9999 -9999 112 114 112 112 113 113 114 114 114 113 114 113 113 113 113 113 113 114 119 125 130 125 126 126 127 122 119 118 112 110 114 117 116 112 107 105 109 114 110 112 111 117 110 104 96 89 85 83 82 82 81 88 97 90 94 99 102 104 104 104 104 104 105 106 107 107 108 108 108 108 108 108 108 107 108 107 107 107 107 107 106 106 106 105 105
-9999 -9999 -9999 -9999 -9999 -9999 -9999 -9999 -9999 -9999 111 115 113 112 112 112 112 112 112 112 112 112 112 111 111 114 113 113 118 123 130 128 126 123 126 126 124 118 118 113 110 119 120 120 116 111 111 114 109 118 117 117 118 115 105 95 87 84 82 80 86 87 99 94 93 99 106 107 107 107 107 107 108 108 109 109 109 109 109 109 109 109 109 108 108 108 108 107 107 107 107 106 106 106 105
-9999 -9999 -9999 -9999 -9999 -9999 -9999 -9999 -9999 -9999 -9999 112 112 110 110 110 111 110 111 110 110 110 110 110 110 111 111 112 115 122 129 132 132 128 121 120 120 117 120 118 112 113 116 117 124 115 113 121 113 116 117 118 123 123 119 109 93 85 83 81 81 88 95 99 94 99 108 110 110 111 110 110 110 111 111 111 111 111 111 110 110 110 109 109 109 109 108 108 108 107 107 107 106 106 105
-9999 -9999 -9999 -9999 -9999 -9999 -9999 -9999 -9999 -9999 -9999 -9999 109 109 109 109 109 109 109 108 108 108 108 108 108 109 112 109 113 122 131 134 134 132 125 123 127 121 123 124 115 115 112 116 123 120 121 123 118 113 114 121 123 124 122 113 100 91 85 85 91 89 93 96 99 100 109 114 115 115 114 114 114 113 113 113 113 112 112 112 111 111 110 110 110 109 109 109 108 108 107 107 107 106 106
-9999 -9999 -9999 -9999 -9999 -9999 -9999 -9999 -9999 -9999 -9999 -9999 -9999 107 107 107 107 107 107 107 107 107 106 106 106 107 108 107 111 122 132 135 135 135 131 123 128 124 130 128 125 118 117 112 117 122 125 124 118 115 115 116 118 119 120 112 103 98 90 94 97 96 95 98 100 106 110 117 119 119 118 117 117 116 115 114 114 114 113 113 112 112 111 111 110 110 110 109 109 108 108 107 107 107 106
-9999 -9999 -9999 -9999 -9999 -9999 -9999 -9999 -9999 -9999 -9999 -9999 -9999 -9999 106 106 106 106 106 105 105 105 104 104 104 105 105 105 106 117 128 132 135 137 133 129 127 131 135 131 129 123 123 116 117 118 121 127 119 122 125 118 121 116 116 117 115 104 102 102 104 104 99 101 105 105 107 114 124 123 122 121 120 119 117 116 116 115 115 114 113 113 112 112 111 111 110 110 109 109 108 108 107 107 107
-9999 -9999 -9999 -9999 -9999 -9999 -9999 -9999 -9999 -9999 -9999 -9999 -9999 -9999 -9999 -9999 105 105 104 104 103 103 103 103 103 103 103 106 107 115 116 124 135 138 136 135 130 134 135 134 133 133 127 123 116 121 124 130 126 122 127 122 116 111 113 116 119 115 109 110 108 104 104 103 114 112 111 113 120 118 122 123 122 120 119 118 117 117 116 115 114 114 113 113 112 111 111 110 110 109 109 108 108 107 107
-9999 -9999 -9999 -9999 -9999 -9999 -9999 -9999 -9999 -9999 -9999 -9999 -9999 -9999 -9999 -9999 -9999 -9999 -9999 103 102 102 101 101 101 101 102 103 104 112 116 126 130 130 132 138 135 133 138 138 136 138 131 135 125 116 122 132 131 124 128 125 116 113 113 110 117 117 115 108 109 105 105 108 112 120 126 126 119 120 119 122 123 123 121 120 119 118 117 116 115 115 114 113 112 112 112 111 111 110 109 109 108 107 107
-9999 -9999 -9999 -9999 -9999 -9999 -9999 -9999 -9999 -9999 -9999 -9999 -9999 -9999 -9999 -9999 -9999 -9999 -9999 -9999 101 100 100 99 99 99 100 103 105 107 112 114 118 122 133 137 131 134 137 137 139 139 135 139 136 129 116 132 134 129 129 132 121 117 117 113 116 112 118 113 107 108 110 116 110 117 129 133 129 122 125 125 124 124 122 121 120 119 118 117 116 115 115 114 113 112 112 112 111 110 110 109 109 108 108
-9999 -9999 -9999 -9999 -9999 -9999 -9999 -9999 -9999 -9999 -9999 -9999 -9999 -9999 -9999 -9999 -9999 -9999 -9999 -9999 -9999 -9999 99 98 98 97 98 101 108 109 106 108 113 123 128 130 132 135 138 142 142 141 140 140 139 135 116 128 132 134 129 132 126 122 119 113 113 112 116 112 109 109 111 120 117 115 124 130 130 124 128 127 125 125 123 122 121 120 119 118 117 116 115 114 114 113 112 112 111 111 111 110 109 108 108
-9999 -9999 -9999 -9999 -9999 -9999 -9999 -9999 -9999 -9999 -9999 -9999 -9999 -9999 -9999 -9999 -9999 -9999 -9999 -9999 -9999 -9999 -9999 -9999 96 96 97 99 103 108 106 111 115 127 139 136 139 142 143 143 142 144 143 142 142 137 128 118 132 137 133 132 124 122 117 117 110 113 114 112 110 113 113 121 124 119 123 128 129 124 122 126 125 125 124 124 122 121 120 119 118 117 116 115 114 114 113 112 112 111 111 110 109 109 108
-9999 -9999 -9999 -9999 -9999 -9999 -9999 -9999 -9999 -9999 -9999 -9999 -9999 -9999 -9999 -9999 -9999 -9999 -9999 -9999 -9999 -9999 -9999 -9999 -9999 95 96 99 101 104 112 115 111 118 138 145 145 146 146 143 142 146 144 142 140 135 139 123 129 139 138 135 129 122 123 118 115 111 113 113 113 114 117 120 124 125 126 129 129 127 124 123 125 126 125 124 123 123 121 120 118 117 116 115 114 114 113 113 112 112 111 110 110 109 109
-9999 -9999 -9999 -9999 -9999 -9999 -9999 -9999 -9999 -9999 -9999 -9999 -9999 -9999 -9999 -9999 -9999 -9999 -9999 -9999 -9999 -9999 -9999 -9999 -9999 96 99 101 103 104 107 108 111 123 129 143 146 145 146 146 143 145 144 143 144 145 143 126 130 141 140 139 135 130 125 124 119 114 115 117 115 116 120 120 124 126 127 128 129 128 127 124 125 125 125 125 124 123 121 120 119 118 117 116 115 115 114 113 113 112 111 110 110 109 109
-9999 -9999 -9999 -9999 -9999 -9999 -9999 -9999 -9999 -9999 -9999 -9999 -9999 -9999 -9999 -9999 -9999 -9999 -9999 -9999 -9999 -9999 -9999 -9999 -9999 -9999 99 101 102 105 109 114 117 122 142 148 147 148 149 148 146 145 143 144 145 147 145 129 127 140 141 141 137 132 129 124 120 115 115 116 118 117 120 122 123 125 127 128 128 128 127 125 126 126 126 125 125 123 122 121 119 118 117 117 115 115 114 114 113 112 112 111 110 109 109
-9999 -9999 -9999 -9999 -9999 -9999 -9999 -9999 -9999 -9999 -9999 -9999 -9999 -9999 -9999 -9999 -9999 -9999 -9999 -9999 -9999 -9999 -9999 -9999 -9999 -9999 -9999 101 102 105 109 116 118 120 133 146 149 145 150 150 148 148 148 148 146 146 147 143 126 141 143 142 141 140 138 132 122 116 116 116 118 119 120 122 123 125 126 127 128 128 128 126 127 126 126 126 125 123 122 120 119 118 117 117 116 116 115 114 114 113 112 111 110 110 109
-9999 -9999 -9999 -9999 -9999 -9999 -9999 -9999 -9999 -9999 -9999 -9999 -9999 -9999 -9999 -9999 -9999 -9999 -9999 -9999 -9999 -9999 -9999 -9999 -9999 -9999 -9999 -9999 104 106 109 113 115 117 124 128 139 135 147 149 149 153 154 151 150 145 146 146 133 137 143 143 142 142 140 134 122 118 117 117 119 120 121 122 123 124 126 127 127 127 127 127 127 126 125 125 124 122 121 121 119 118 118 118 118 116 115 115 115 114 112 111 111 110 109
-9999 -9999 -9999 -9999 -9999 -9999 -9999 -9999 -9999 -9999 -9999 -9999 -9999 -9999 -9999 -9999 -9999 -9999 -9999 -9999 -9999 -9999 -9999 -9999 -9999 -9999 -9999 -9999 105 108 110 113 120 120 125 125 125 127 131 137 149 152 155 154 153 149 148 147 145 130 142 144 144 144 142 131 124 120 119 117 120 121 121 122 123 124 125 126 127 127 127 127 127 126 125 124 123 123 122 120 119 118 118 117 117 118 116 115 115 115 113 112 111 110 109
-9999 -9999 -9999 -9999 -9999 -9999 -9999 -9999 -9999 -9999 -9999 -9999 -9999 -9999 -9999 -9999 -9999 -9999 -9999 -9999 -9999 -9999 -9999 -9999 -9999 -9999 -9999 -9999 -9999 108 111 115 116 119 122 130 148 145 145 148 143 148 153 153 153 152 151 149 145 136 139 145 145 145 141 136 128 124 122 119 120 122 121 122 123 125 125 126 127 128 128 127 128 126 125 124 123 122 121 120 119 118 118 117 116 117 116 115 115 114 114 113 111 110 110
-9999 -9999 -9999 -9999 -9999 -9999 -9999 -9999 -9999 -9999 -9999 -9999 -9999 -9999 -9999 -9999 -9999 -9999 -9999 -9999 -9999 -9999 -9999 -9999 -9999 -9999 -9999 -9999 -9999 107 111 114 122 129 135 143 148 148 153 152 154 154 150 148 152 150 152 149 137 131 130 143 146 146 139 136 133 130 126 124 124 121 122 122 123 125 125 126 128 128 128 127 128 126 124 124 123 122 121 121 119 119 118 117 116 116 116 115 114 114 113 113 112 111 110
-9999 -9999 -9999 -9999 -9999 -9999 -9999 -9999 -9999 -9999 -9999 -9999 -9999 -9999 -9999 -9999 -9999 -9999 -9999 -9999 -9999 -9999 -9999 -9999 -9999 -9999 -9999 -9999 -9999 106 109 113 117 121 127 140 126 126 142 151 151 152 152 152 152 149 145 146 148 146 132 140 147 146 146 144 139 136 128 125 126 123 124 122 124 124 125 126 129 128 128 127 130 128 126 124 123 122 121 120 119 118 118 117 116 116 116 115 114 114 113 112 111 111 110
-9999 -9999 -9999 -9999 -9999 -9999 -9999 -9999 -9999 -9999 -9999 -9999 -9999 -9999 -9999 -9999 -9999 -9999 -9999 -9999 -9999 -9999 -9999 -9999 -9999 -9999 -9999 -9999 -9999 -9999 107 111 115 119 125 126 117 122 120 126 130 138 143 153 153 151 147 152 149 142 141 133 146 147 147 144 141 135 128 132 130 124 123 123 124 125 124 126 129 128 129 128 127 129 125 126 123 122 121 120 119 118 118 117 116 116 115 115 114 113 113 112 111 110 110
-9999 -9999 -9999 -9999 -9999 -9999 -9999 -9999 -9999 -9999 -9999 -9999 -9999 -9999 -9999 -9999 -9999 -9999 -9999 -9999 -9999 -9999 -9999 -9999 -9999 -9999 -9999 -9999 -9999 -9999 105 108 112 114 115 120 115 118 131 127 131 150 154 151 153 153 147 152 149 146 150 135 145 148 148 145 142 137 136 132 134 128 122 125 125 127 125 127 128 128 130 128 126 127 126 127 123 122 121 120 119 119 118 117 116 115 115 115 114 113 113 112 111 110 110
-9999 -9999 -9999 -9999 -9999 -9999 -9999 -9999 -9999 -9999 -9999 -9999 -9999 -9999 -9999 -9999 -9999 -9999 -9999 -9999 -9999 -9999 -9999 -9999 -9999 -9999 -9999 -9999 -9999 -9999 101 103 107 110 111 110 113 120 140 150 139 142 148 153 151 153 152 152 150 149 150 142 142 148 148 148 147 142 137 136 136 131 123 124 129 126 125 129 128 129 130 128 126 126 127 125 123 123 121 120 119 119 117 117 116 115 115 115 114 113 112 112 111 111 110
-9999 -9999 -9999 -9999 -9999 -9999 -9999 -9999 -9999 -9999 -9999 -9999 -9999 -9999 -9999 -9999 -9999 -9999 -9999 -9999 -9999 -9999 -9999 -9999 -9999 -9999 -9999 -9999 -9999 -9999 -9999 99 100 103 105 109 114 126 146 151 152 149 144 149 153 154 154 154 153 151 151 147 140 149 148 149 147 146 141 141 134 130 124 123 129 127 130 131 128 130 129 130 128 127 130 123 122 122 121 120 119 118 118 117 116 115 115 114 114 113 112 112 111 111 110
-9999 -9999 -9999 -9999 -9999 -9999 -9999 -9999 -9999 -9999 -9999 -9999 -9999 -9999 -9999 -9999 -9999 -9999 -9999 -9999 -9999 -9999 -9999 -9999 -9999 -9999 -9999 -9999 -9999 -9999 -9999 -9999 94 95 99 112 127 132 134 151 152 154 153 152 153 153 153 151 153 153 150 150 140 147 149 149 149 145 145 142 134 128 127 123 130 130 134 129 128 130 129 130 132 132 128 122 122 122 121 120 120 118 118 117 116 115 114 114 113 113 112 112 111 111 110
-9999 -9999 -9999 -9999 -9999 -9999 -9999 -9999 -9999 -9999 -9999 -9999 -9999 -9999 -9999 -9999 -9999 -9999 -9999 -9999 -9999 -9999 -9999 -9999 -9999 -9999 -9999 -9999 -9999 -9999 -9999 -9999 -9999 88 95 99 117 118 117 139 151 154 154 152 150 150 153 150 152 152 150 150 142 149 150 150 150 149 149 147 140 131 128 123 129 132 133 130 132 130 131 132 133 132 125 122 121 122 122 120 120 119 118 117 116 115 114 113 113 112 112 111 111 110 110
