bio_clim/bio_8.asc
ncols         156
nrows         252
xllcorner     -82
yllcorner     -8
cellsize      0.083333337679505
NODATA_value  -9999
[rows 39 to 77 of 252, columns 0 to 88 of 156]
-9999 -9999 -9999 -9999 -9999 -9999 -9999 -9999 -9999 -9999 -9999 -9999 -9999 -9999 -9999 -9999 -9999 -9999 -9999 -9999 -9999 -9999 -9999 -9999 -9999 -9999 -9999 -9999 -9999 -9999 -9999 -9999 -9999 -9999 -9999 -9999 -9999 -9999 -9999 -9999 -9999 -9999 -9999 -9999 -9999 -9999 -9999 -9999 -9999 -9999 -9999 -9999 -9999 -9999 -9999 -9999 -9999 -9999 -9999 -9999 -9999 -9999 -9999 -9999 -9999 -9999 -9999 -9999 -9999 -9999 -9999 -9999 -9999 -9999 -9999 -9999 273 273 271 268 256 256 264 268 270 274 276 277 274
-9999 -9999 -9999 -9999 -9999 -9999 -9999 -9999 -9999 -9999 -9999 -9999 -9999 -9999 -9999 -9999 -9999 -9999 -9999 -9999 -9999 -9999 -9999 -9999 -9999 -9999 -9999 -9999 -9999 -9999 -9999 -9999 -9999 -9999 -9999 -9999 -9999 -9999 -9999 -9999 -9999 -9999 -9999 -9999 -9999 -9999 -9999 -9999 -9999 -9999 -9999 -9999 -9999 -9999 -9999 -9999 -9999 -9999 -9999 -9999 -9999 -9999 -9999 -9999 -9999 -9999 -9999 -9999 -9999 -9999 -9999 -9999 -9999 -9999 -9999 -9999 -9999 273 272 266 253 255 262 267 272 274 276 276 274
-9999 -9999 -9999 -9999 -9999 -9999 -9999 -9999 -9999 -9999 -9999 -9999 -9999 -9999 -9999 -9999 -9999 -9999 -9999 -9999 -9999 -9999 -9999 -9999 -9999 -9999 -9999 -9999 250 250 254 254 257 258 258 260 -9999 -9999 -9999 -9999 -9999 -9999 -9999 -9999 -9999 -9999 -9999 -9999 -9999 -9999 -9999 -9999 -9999 -9999 -9999 -9999 -9999 -9999 -9999 -9999 -9999 -9999 -9999 -9999 -9999 -9999 -9999 -9999 -9999 -9999 -9999 -9999 -9999 -9999 -9999 -9999 -9999 272 271 259 258 261 262 268 270 274 275 275 273
-9999 -9999 -9999 -9999 -9999 -9999 -9999 -9999 -9999 -9999 -9999 -9999 -9999 -9999 -9999 -9999 -9999 -9999 -9999 -9999 -9999 -9999 -9999 -9999 -9999 -9999 -9999 247 223 235 242 244 243 250 259 -9999 261 -9999 -9999 -9999 -9999 -9999 -9999 -9999 -9999 -9999 -9999 -9999 -9999 -9999 -9999 -9999 -9999 -9999 -9999 -9999 -9999 -9999 -9999 -9999 -9999 -9999 -9999 -9999 -9999 -9999 -9999 -9999 -9999 -9999 -9999 -9999 -9999 -9999 -9999 -9999 -9999 271 269 266 264 262 266 268 271 274 275 274 273
-9999 -9999 -9999 -9999 -9999 -9999 -9999 -9999 -9999 -9999 -9999 -9999 -9999 -9999 -9999 -9999 -9999 -9999 -9999 -9999 -9999 -9999 -9999 -9999 -9999 260 256 243 240 247 237 235 233 244 251 254 253 248 242 243 251 255 256 -9999 -9999 -9999 -9999 -9999 -9999 -9999 -9999 -9999 -9999 -9999 -9999 -9999 -9999 -9999 -9999 -9999 -9999 -9999 -9999 -9999 -9999 -9999 -9999 -9999 -9999 -9999 -9999 -9999 272 272 271 270 272 271 268 266 264 264 266 268 270 273 274 274 274
-9999 -9999 -9999 -9999 -9999 -9999 -9999 -9999 -9999 -9999 -9999 -9999 -9999 -9999 -9999 -9999 -9999 -9999 -9999 -9999 -9999 -9999 -9999 -9999 260 259 258 253 253 248 240 236 231 241 246 244 243 244 245 245 244 244 249 254 254 -9999 -9999 -9999 -9999 -9999 -9999 -9999 -9999 -9999 -9999 -9999 -9999 -9999 -9999 -9999 -9999 -9999 -9999 -9999 -9999 -9999 -9999 -9999 -9999 -9999 -9999 270 272 271 270 270 270 269 267 263 265 267 267 269 270 271 274 274 274
-9999 -9999 -9999 -9999 -9999 -9999 -9999 -9999 -9999 -9999 -9999 -9999 -9999 -9999 -9999 -9999 -9999 -9999 -9999 -9999 -9999 -9999 260 260 259 261 257 252 258 256 238 228 243 250 253 258 258 258 257 257 257 256 250 246 248 252 252 261 -9999 -9999 -9999 -9999 -9999 -9999 -9999 -9999 -9999 -9999 -9999 -9999 -9999 -9999 -9999 -9999 -9999 -9999 -9999 -9999 -9999 -9999 268 268 271 272 272 272 271 268 266 266 266 269 269 270 272 272 274 274 275
-9999 261 -9999 -9999 -9999 -9999 -9999 -9999 -9999 -9999 -9999 -9999 -9999 -9999 -9999 -9999 -9999 -9999 257 256 258 258 258 259 260 259 259 257 257 258 254 255 260 261 262 261 258 256 259 259 260 261 260 258 256 250 241 245 259 -9999 -9999 -9999 -9999 -9999 -9999 -9999 -9999 -9999 -9999 -9999 -9999 -9999 -9999 -9999 -9999 -9999 -9999 -9999 -9999 -9999 267 266 268 272 273 273 275 270 268 267 269 269 270 272 273 274 275 275 275
-9999 -9999 260 -9999 -9999 -9999 -9999 -9999 -9999 -9999 -9999 -9999 -9999 -9999 -9999 -9999 254 255 253 254 258 258 259 261 261 259 258 257 259 260 263 263 262 262 261 260 253 250 252 249 255 261 261 259 258 256 252 247 247 260 -9999 -9999 -9999 -9999 -9999 -9999 -9999 -9999 -9999 -9999 -9999 -9999 -9999 -9999 -9999 -9999 -9999 -9999 -9999 267 267 267 269 274 275 275 275 274 271 271 271 271 273 273 274 275 275 276 276
-9999 260 -9999 261 -9999 -9999 -9999 -9999 -9999 -9999 -9999 -9999 -9999 -9999 -9999 257 254 255 255 255 256 257 258 258 258 258 258 260 260 265 -9999 -9999 -9999 -9999 -9999 -9999 259 258 245 242 231 253 253 259 259 258 257 256 249 250 267 -9999 -9999 -9999 -9999 -9999 -9999 -9999 -9999 -9999 -9999 -9999 -9999 -9999 -9999 -9999 -9999 -9999 269 270 265 266 271 274 275 277 276 274 272 272 274 272 274 274 275 275 276 276 277
259 259 257 256 258 -9999 -9999 -9999 -9999 -9999 -9999 -9999 -9999 260 257 255 256 257 257 257 256 255 256 256 256 260 262 -9999 -9999 -9999 -9999 -9999 -9999 -9999 -9999 -9999 -9999 260 258 255 249 236 228 253 255 258 258 259 257 253 246 265 -9999 -9999 -9999 -9999 -9999 -9999 -9999 -9999 -9999 -9999 -9999 -9999 -9999 -9999 -9999 267 266 266 263 267 272 275 276 276 275 273 271 272 274 275 276 275 275 275 276 277 277
252 235 245 241 247 252 252 258 -9999 -9999 259 257 259 259 259 256 257 258 255 256 259 256 253 253 252 260 264 -9999 -9999 -9999 -9999 -9999 -9999 -9999 -9999 -9999 -9999 -9999 -9999 257 259 250 230 250 249 259 258 259 259 256 247 251 261 -9999 -9999 -9999 -9999 -9999 -9999 -9999 -9999 -9999 -9999 -9999 -9999 -9999 265 263 266 264 263 268 271 272 275 275 273 271 270 272 274 275 276 277 275 276 276 276 277
234 207 235 221 225 229 232 238 237 255 247 237 240 246 238 244 243 247 251 253 260 254 238 237 241 259 264 -9999 -9999 -9999 -9999 -9999 -9999 -9999 -9999 -9999 -9999 -9999 -9999 -9999 259 257 249 249 249 256 259 258 259 258 261 250 250 261 -9999 -9999 -9999 -9999 -9999 -9999 -9999 -9999 -9999 -9999 264 264 264 264 265 262 262 269 271 271 274 274 268 268 269 272 273 275 276 277 275 275 275 275 276
203 168 209 220 203 191 216 217 235 253 231 225 227 211 218 217 229 249 257 256 258 250 226 234 257 264 -9999 -9999 -9999 -9999 -9999 -9999 -9999 -9999 -9999 263 -9999 -9999 -9999 -9999 -9999 -9999 257 255 249 254 258 257 259 258 264 260 244 248 259 257 -9999 -9999 -9999 -9999 -9999 -9999 264 263 261 261 263 264 261 263 264 270 270 270 272 272 266 269 270 272 274 275 276 276 275 275 275 274 275
226 191 188 183 186 195 202 205 198 221 223 227 216 204 209 220 245 259 258 261 259 255 246 252 262 -9999 -9999 -9999 -9999 -9999 -9999 -9999 -9999 -9999 -9999 -9999 -9999 -9999 -9999 -9999 -9999 -9999 258 259 257 257 257 255 258 258 258 264 252 243 240 256 262 -9999 -9999 -9999 -9999 263 263 262 261 260 259 264 265 264 268 269 269 269 271 269 268 269 271 272 274 275 276 276 274 274 274 274 274
231 225 220 211 224 221 233 237 227 231 232 238 230 231 229 250 255 261 263 264 263 262 260 262 -9999 -9999 -9999 -9999 -9999 -9999 -9999 -9999 -9999 -9999 -9999 -9999 264 -9999 -9999 -9999 -9999 -9999 255 258 259 259 257 255 254 259 259 265 261 246 218 239 260 -9999 -9999 -9999 -9999 -9999 263 261 261 259 257 261 265 264 264 271 269 271 271 270 269 270 271 273 274 276 276 276 276 274 274 274 273
247 241 236 238 239 243 245 243 244 241 245 249 249 247 254 259 261 264 264 265 265 264 263 -9999 -9999 -9999 -9999 -9999 -9999 -9999 -9999 -9999 -9999 -9999 -9999 -9999 259 258 -9999 -9999 -9999 -9999 -9999 -9999 -9999 258 258 259 257 254 260 266 264 257 240 215 251 258 257 -9999 -9999 -9999 -9999 261 259 259 259 261 263 261 268 272 272 271 272 271 270 271 272 274 275 275 276 276 276 276 274 274 274
259 257 249 246 246 246 249 249 251 248 254 254 255 259 262 262 263 265 266 -9999 -9999 -9999 -9999 -9999 -9999 -9999 -9999 -9999 -9999 -9999 -9999 -9999 -9999 -9999 260 -9999 260 -9999 -9999 -9999 -9999 -9999 -9999 -9999 -9999 -9999 255 258 260 256 261 260 266 263 245 209 218 251 259 -9999 -9999 -9999 -9999 259 256 256 258 260 259 264 269 271 272 271 271 271 271 272 273 273 275 275 276 276 277 277 276 275 274
259 259 259 252 246 250 247 251 252 253 256 259 261 264 265 265 265 265 -9999 -9999 -9999 -9999 -9999 -9999 -9999 -9999 -9999 -9999 -9999 -9999 -9999 -9999 -9999 -9999 -9999 -9999 -9999 -9999 -9999 -9999 -9999 -9999 -9999 -9999 -9999 255 253 253 260 261 262 262 268 265 243 219 198 235 257 262 -9999 -9999 -9999 257 253 254 257 255 260 265 269 271 270 270 269 270 270 271 272 274 274 274 275 277 277 277 276 276 274
-9999 -9999 -9999 254 246 246 247 256 255 254 258 259 260 264 265 263 265 266 -9999 -9999 -9999 -9999 -9999 -9999 -9999 -9999 -9999 -9999 -9999 -9999 -9999 -9999 -9999 -9999 -9999 -9999 -9999 -9999 -9999 -9999 -9999 -9999 -9999 -9999 -9999 254 250 252 259 261 263 262 269 265 250 215 199 216 255 263 263 263 -9999 260 257 250 254 253 259 265 268 267 268 265 266 268 271 271 272 274 274 274 276 277 277 278 279 277 274
-9999 -9999 -9999 259 257 253 249 257 258 257 261 262 261 262 264 263 264 266 -9999 -9999 -9999 -9999 -9999 -9999 -9999 -9999 -9999 -9999 -9999 -9999 -9999 -9999 -9999 -9999 -9999 -9999 -9999 -9999 -9999 -9999 -9999 -9999 -9999 252 256 256 247 251 254 260 260 252 267 266 257 234 216 218 257 263 263 263 -9999 262 264 254 248 255 258 263 265 248 255 262 269 268 272 271 272 274 274 274 277 278 280 280 280 277 268
-9999 -9999 -9999 -9999 -9999 254 246 252 259 260 261 263 261 258 259 262 265 266 267 268 -9999 -9999 -9999 -9999 -9999 -9999 -9999 -9999 -9999 -9999 -9999 -9999 -9999 -9999 -9999 -9999 -9999 -9999 -9999 -9999 -9999 -9999 -9999 237 246 256 250 248 253 257 253 225 253 264 262 254 232 238 255 265 264 -9999 -9999 265 264 244 239 250 261 258 246 223 242 260 270 268 272 273 273 274 275 276 278 279 279 280 281 278 261
-9999 -9999 -9999 -9999 -9999 250 246 246 256 261 262 263 257 251 254 260 263 265 264 265 -9999 -9999 -9999 -9999 -9999 -9999 -9999 -9999 -9999 -9999 -9999 -9999 -9999 -9999 -9999 -9999 -9999 -9999 -9999 -9999 -9999 -9999 -9999 -9999 236 248 252 249 250 254 245 217 241 260 261 258 250 248 261 265 265 265 265 267 264 245 234 249 260 256 243 240 250 267 268 270 271 272 273 274 275 277 277 279 281 282 282 274 256
-9999 -9999 -9999 -9999 -9999 252 246 248 255 260 -9999 259 255 246 240 248 257 263 263 262 265 265 -9999 -9999 -9999 -9999 -9999 -9999 -9999 -9999 -9999 -9999 -9999 -9999 -9999 -9999 -9999 -9999 -9999 -9999 -9999 -9999 -9999 -9999 223 234 227 251 238 247 236 209 227 253 254 255 261 259 266 266 266 266 266 268 265 253 241 254 256 256 246 256 255 268 269 270 269 270 274 274 276 277 278 280 282 282 283 279 260
-9999 -9999 -9999 -9999 -9999 -9999 250 250 257 259 -9999 261 258 237 228 239 255 260 252 253 259 264 264 -9999 -9999 -9999 -9999 -9999 -9999 -9999 -9999 -9999 -9999 -9999 -9999 -9999 -9999 -9999 -9999 -9999 -9999 -9999 -9999 -9999 245 220 209 235 235 245 236 204 224 249 247 257 265 266 267 267 268 267 267 267 265 253 225 241 254 259 258 259 254 267 266 261 256 261 273 275 277 278 279 280 281 283 285 280 264
-9999 -9999 -9999 -9999 -9999 -9999 -9999 -9999 -9999 -9999 -9999 -9999 258 242 223 231 249 242 237 244 250 258 262 -9999 -9999 -9999 -9999 -9999 -9999 -9999 -9999 -9999 -9999 -9999 -9999 -9999 -9999 -9999 -9999 -9999 -9999 -9999 -9999 -9999 -9999 245 230 230 213 241 245 225 218 234 242 263 265 267 267 267 268 269 269 269 267 238 225 232 248 254 261 261 254 257 235 230 243 258 268 272 277 275 270 278 281 284 285 280 260
-9999 -9999 246 -9999 -9999 -9999 -9999 -9999 -9999 -9999 -9999 -9999 -9999 240 231 227 251 243 240 241 249 253 257 265 -9999 -9999 -9999 -9999 -9999 -9999 -9999 -9999 -9999 -9999 -9999 -9999 -9999 -9999 -9999 -9999 -9999 -9999 -9999 -9999 -9999 -9999 253 241 215 224 247 242 232 221 241 260 265 267 267 268 269 269 270 270 270 253 216 231 239 249 254 257 252 224 226 227 235 247 254 267 272 264 257 275 280 282 282 280 256
-9999 -9999 244 -9999 -9999 -9999 -9999 -9999 -9999 -9999 -9999 -9999 -9999 255 251 225 252 253 256 258 255 255 258 265 -9999 -9999 -9999 -9999 -9999 -9999 -9999 -9999 -9999 -9999 -9999 -9999 -9999 -9999 -9999 -9999 -9999 -9999 -9999 -9999 -9999 -9999 -9999 248 237 229 240 243 237 236 252 261 266 267 267 269 269 267 270 271 271 263 216 227 232 240 245 246 245 212 209 219 237 238 230 256 266 242 252 266 274 279 278 277 254
-9999 -9999 -9999 251 252 -9999 -9999 -9999 -9999 -9999 -9999 -9999 -9999 258 250 222 221 242 255 260 -9999 -9999 -9999 -9999 -9999 -9999 -9999 -9999 -9999 -9999 -9999 -9999 -9999 -9999 -9999 -9999 -9999 -9999 -9999 -9999 -9999 -9999 -9999 -9999 -9999 -9999 -9999 -9999 232 239 240 246 243 247 254 257 260 267 268 270 270 271 271 272 270 269 244 211 215 212 230 227 222 179 180 201 201 190 216 250 253 237 247 259 267 272 273 276 258
-9999 -9999 248 -9999 -9999 -9999 -9999 -9999 -9999 -9999 -9999 -9999 -9999 249 221 214 232 239 254 -9999 -9999 -9999 -9999 -9999 -9999 -9999 -9999 -9999 -9999 -9999 -9999 -9999 -9999 -9999 -9999 -9999 -9999 -9999 -9999 -9999 -9999 -9999 -9999 -9999 -9999 -9999 -9999 -9999 241 234 250 242 246 241 251 246 256 268 269 270 271 271 272 271 271 270 262 226 184 196 209 213 202 158 159 179 193 189 214 242 232 234 231 245 262 265 265 271 258
-9999 -9999 -9999 -9999 -9999 -9999 -9999 -9999 -9999 -9999 -9999 -9999 -9999 246 248 -9999 -9999 -9999 -9999 -9999 -9999 -9999 -9999 -9999 -9999 -9999 -9999 -9999 -9999 -9999 -9999 -9999 -9999 -9999 -9999 -9999 -9999 -9999 -9999 -9999 -9999 -9999 -9999 -9999 -9999 -9999 -9999 -9999 -9999 243 253 246 239 236 243 250 262 266 269 271 272 270 270 270 270 265 264 245 189 167 179 178 158 153 197 207 207 227 234 231 224 225 216 234 260 256 259 260 264
-9999 -9999 -9999 -9999 -9999 -9999 -9999 -9999 -9999 -9999 -9999 -9999 -9999 -9999 -9999 -9999 -9999 -9999 -9999 -9999 -9999 -9999 -9999 -9999 -9999 -9999 -9999 -9999 -9999 -9999 -9999 -9999 -9999 -9999 -9999 -9999 -9999 -9999 -9999 -9999 -9999 -9999 -9999 -9999 -9999 -9999 -9999 -9999 -9999 -9999 -9999 256 248 248 245 260 263 264 265 269 271 271 272 268 268 255 253 233 184 150 140 148 106 145 198 220 221 211 207 207 216 208 204 233 242 251 255 249 261
-9999 -9999 -9999 -9999 -9999 -9999 -9999 -9999 -9999 -9999 -9999 -9999 -9999 -9999 -9999 -9999 -9999 -9999 -9999 -9999 -9999 -9999 -9999 -9999 -9999 -9999 -9999 -9999 -9999 -9999 -9999 -9999 -9999 -9999 -9999 -9999 -9999 -9999 -9999 -9999 -9999 -9999 -9999 -9999 -9999 -9999 -9999 -9999 -9999 -9999 -9999 -9999 251 254 253 254 262 260 266 269 271 272 273 266 263 242 247 246 217 210 198 161 148 191 229 221 200 186 174 191 211 212 196 231 226 242 241 244 252
-9999 -9999 -9999 -9999 -9999 -9999 -9999 -9999 -9999 -9999 -9999 -9999 -9999 -9999 -9999 -9999 -9999 -9999 -9999 -9999 -9999 -9999 -9999 -9999 -9999 -9999 -9999 -9999 -9999 -9999 -9999 -9999 -9999 -9999 -9999 -9999 -9999 -9999 -9999 -9999 -9999 -9999 -9999 -9999 -9999 -9999 -9999 -9999 -9999 -9999 -9999 -9999 252 247 251 248 257 259 267 270 272 275 273 271 265 243 239 236 217 207 194 187 148 187 218 194 174 142 156 175 200 203 212 209 212 229 237 240 248
-9999 -9999 -9999 -9999 -9999 -9999 -9999 -9999 -9999 -9999 -9999 -9999 -9999 -9999 -9999 -9999 -9999 -9999 -9999 -9999 -9999 -9999 -9999 -9999 -9999 -9999 -9999 -9999 -9999 -9999 -9999 -9999 -9999 -9999 -9999 -9999 -9999 -9999 -9999 -9999 -9999 -9999 -9999 -9999 -9999 -9999 -9999 -9999 -9999 -9999 -9999 -9999 250 244 247 243 250 258 267 272 274 276 276 273 247 236 234 224 194 214 217 199 165 216 198 152 138 129 143 175 197 212 201 199 206 218 228 238 249
-9999 -9999 -9999 -9999 -9999 -9999 -9999 -9999 -9999 -9999 -9999 -9999 -9999 -9999 -9999 -9999 -9999 -9999 -9999 -9999 -9999 -9999 -9999 -9999 -9999 -9999 -9999 -9999 -9999 -9999 -9999 -9999 -9999 -9999 -9999 -9999 -9999 -9999 -9999 -9999 -9999 -9999 -9999 -9999 -9999 -9999 -9999 -9999 -9999 -9999 -9999 -9999 -9999 249 247 243 238 255 267 272 275 276 276 272 248 229 225 222 180 199 208 202 174 229 170 120 132 137 141 168 194 207 219 207 209 215 226 237 249
-9999 -9999 -9999 -9999 -9999 -9999 -9999 -9999 -9999 -9999 -9999 -9999 -9999 -9999 -9999 -9999 -9999 -9999 -9999 -9999 -9999 -9999 -9999 -9999 -9999 -9999 -9999 -9999 -9999 -9999 -9999 -9999 -9999 -9999 -9999 -9999 -9999 -9999 -9999 -9999 -9999 -9999 -9999 -9999 -9999 -9999 -9999 -9999 -9999 -9999 -9999 -9999 -9999 -9999 257 245 248 263 268 271 274 275 275 274 241 226 234 235 190 171 184 180 172 223 211 128 135 142 147 156 192 201 224 210 213 219 225 236 249
-9999 -9999 -9999 -9999 -9999 -9999 -9999 -9999 -9999 -9999 -9999 -9999 -9999 -9999 -9999 -9999 -9999 -9999 -9999 -9999 -9999 -9999 -9999 -9999 -9999 -9999 -9999 -9999 -9999 -9999 -9999 -9999 -9999 -9999 -9999 -9999 -9999 -9999 -9999 -9999 -9999 -9999 -9999 -9999 -9999 -9999 -9999 -9999 -9999 -9999 -9999 -9999 -9999 -9999 -9999 252 253 264 266 270 273 274 274 273 258 238 243 239 196 151 146 154 169 218 229 147 136 158 154 160 178 207 219 209 214 221 225 234 254
-9999 -9999 -9999 -9999 -9999 -9999 -9999 -9999 -9999 -9999 -9999 -9999 -9999 -9999 -9999 -9999 -9999 -9999 -9999 -9999 -9999 -9999 -9999 -9999 -9999 -9999 -9999 -9999 -9999 -9999 -9999 -9999 -9999 -9999 -9999 -9999 -9999 -9999 -9999 -9999 -9999 -9999 -9999 -9999 -9999 -9999 -9999 -9999 -9999 -9999 -9999 -9999 -9999 -9999 -9999 -9999 248 257 263 267 270 272 273 269 257 247 250 244 210 158 139 130 176 230 253 199 142 164 166 176 204 216 207 215 223 226 229 237 251
