bio_clim/bio_17.asc
ncols         156
nrows         252
xllcorner     -82
yllcorner     -8
cellsize      0.083333337679505
NODATA_value  -9999
[rows 117 to 155 of 252, columns 0 to 88 of 156]
-9999 -9999 -9999 -9999 -9999 -9999 -9999 -9999 -9999 -9999 -9999 -9999 -9999 -9999 -9999 -9999 -9999 -9999 -9999 -9999 -9999 -9999 -9999 -9999 -9999 -9999 -9999 -9999 -9999 -9999 -9999 -9999 -9999 -9999 -9999 -9999 -9999 -9999 -9999 -9999 -9999 -9999 -9999 -9999 -9999 -9999 -9999 -9999 -9999 -9999 -9999 -9999 -9999 1168 1244 1326 1367 1369 1295 762 501 470 340 355 333 265 231 196 182 180 326 357 308 324 343 347 276 287 259 216 86 86 93 129 257 316 245 221 262
-9999 -9999 -9999 -9999 -9999 -9999 -9999 -9999 -9999 -9999 -9999 -9999 -9999 -9999 -9999 -9999 -9999 -9999 -9999 -9999 -9999 -9999 -9999 -9999 -9999 -9999 -9999 -9999 -9999 -9999 -9999 -9999 -9999 -9999 -9999 -9999 -9999 -9999 -9999 -9999 -9999 -9999 -9999 -9999 -9999 -9999 -9999 -9999 -9999 -9999 -9999 -9999 -9999 1215 1349 1503 1627 1658 1170 692 854 507 366 392 328 263 234 202 182 194 329 378 360 318 326 330 313 291 242 159 81 76 94 173 295 265 237 249 280
-9999 -9999 -9999 -9999 -9999 -9999 -9999 -9999 -9999 -9999 -9999 -9999 -9999 -9999 -9999 -9999 -9999 -9999 -9999 -9999 -9999 -9999 -9999 -9999 -9999 -9999 -9999 -9999 -9999 -9999 -9999 -9999 -9999 -9999 -9999 -9999 -9999 -9999 -9999 -9999 -9999 -9999 -9999 -9999 -9999 -9999 -9999 -9999 -9999 -9999 -9999 -9999 1150 1284 1470 1691 1890 1982 1347 573 506 456 370 393 335 277 222 189 183 232 351 383 355 325 319 310 316 307 205 107 77 76 128 240 308 256 244 239 238
-9999 -9999 -9999 -9999 -9999 -9999 -9999 -9999 -9999 -9999 -9999 -9999 -9999 -9999 -9999 -9999 -9999 -9999 -9999 -9999 -9999 -9999 -9999 -9999 -9999 -9999 -9999 -9999 -9999 -9999 -9999 -9999 -9999 -9999 -9999 -9999 -9999 -9999 -9999 -9999 -9999 -9999 -9999 -9999 -9999 -9999 -9999 -9999 -9999 -9999 -9999 -9999 1182 1349 1584 1854 2100 2172 1397 1071 539 345 354 367 327 277 225 202 197 291 346 392 367 350 324 318 286 241 150 91 83 87 155 278 297 292 282 246 244
-9999 -9999 -9999 -9999 -9999 -9999 -9999 -9999 -9999 -9999 -9999 -9999 -9999 -9999 -9999 -9999 -9999 -9999 -9999 -9999 -9999 -9999 -9999 -9999 -9999 -9999 -9999 -9999 -9999 -9999 -9999 -9999 -9999 -9999 -9999 -9999 -9999 -9999 -9999 -9999 -9999 -9999 -9999 -9999 -9999 -9999 -9999 -9999 -9999 -9999 -9999 -9999 1224 1417 1652 1887 2145 2212 1638 1255 584 353 353 350 306 268 224 201 238 335 337 351 340 377 359 321 293 196 130 96 91 119 224 325 321 299 280 249 257
-9999 -9999 -9999 -9999 -9999 -9999 -9999 -9999 -9999 -9999 -9999 -9999 -9999 -9999 -9999 -9999 -9999 -9999 -9999 -9999 -9999 -9999 -9999 -9999 -9999 -9999 -9999 -9999 -9999 -9999 -9999 -9999 -9999 -9999 -9999 -9999 -9999 -9999 -9999 -9999 -9999 -9999 -9999 -9999 -9999 -9999 -9999 -9999 -9999 -9999 -9999 -9999 1293 1476 1680 1834 1844 1480 1226 864 434 360 340 344 272 231 217 208 356 314 322 301 308 357 319 316 271 166 151 114 108 198 310 335 309 284 270 255 245
-9999 -9999 -9999 -9999 -9999 -9999 -9999 -9999 -9999 -9999 -9999 -9999 -9999 -9999 -9999 -9999 -9999 -9999 -9999 -9999 -9999 -9999 -9999 -9999 -9999 -9999 -9999 -9999 -9999 -9999 -9999 -9999 -9999 -9999 -9999 -9999 -9999 -9999 -9999 -9999 -9999 -9999 -9999 -9999 -9999 -9999 -9999 -9999 -9999 -9999 1089 1203 1348 1484 1622 1646 1035 1114 972 555 411 341 355 327 269 229 201 230 335 318 307 330 334 339 305 309 202 146 135 128 141 307 359 339 309 292 274 268 247
-9999 -9999 -9999 -9999 -9999 -9999 -9999 -9999 -9999 -9999 -9999 -9999 -9999 -9999 -9999 -9999 -9999 -9999 -9999 -9999 -9999 -9999 -9999 -9999 -9999 -9999 -9999 -9999 -9999 -9999 -9999 -9999 -9999 -9999 -9999 -9999 -9999 -9999 -9999 -9999 -9999 -9999 -9999 793 805 818 827 841 855 930 1131 1310 1389 1429 1442 1112 677 658 773 540 389 351 329 287 254 222 194 231 327 326 319 368 342 334 270 223 152 142 137 138 208 315 367 354 317 292 282 278 256
-9999 -9999 -9999 -9999 -9999 -9999 -9999 -9999 -9999 -9999 -9999 -9999 -9999 -9999 -9999 -9999 -9999 -9999 -9999 -9999 -9999 -9999 -9999 -9999 -9999 -9999 -9999 -9999 -9999 -9999 -9999 -9999 -9999 -9999 -9999 -9999 -9999 -9999 -9999 -9999 -9999 -9999 772 802 823 836 846 856 870 934 1140 1317 1361 1245 910 654 436 586 447 439 355 327 274 262 235 222 240 311 312 315 338 329 293 278 262 154 152 146 150 185 221 382 367 339 308 291 289 283 308
-9999 -9999 -9999 -9999 -9999 -9999 -9999 -9999 -9999 -9999 -9999 -9999 -9999 -9999 -9999 -9999 -9999 -9999 -9999 -9999 -9999 -9999 -9999 -9999 -9999 -9999 -9999 -9999 -9999 -9999 -9999 -9999 -9999 -9999 -9999 -9999 -9999 -9999 -9999 -9999 -9999 726 761 793 824 850 875 894 923 994 1121 1231 1241 908 511 387 371 436 373 350 320 254 229 227 206 233 274 339 303 299 313 351 309 239 211 149 144 152 241 271 352 379 356 328 298 300 296 310 327
-9999 -9999 -9999 -9999 -9999 -9999 -9999 -9999 -9999 -9999 -9999 -9999 -9999 -9999 -9999 -9999 -9999 -9999 -9999 -9999 -9999 -9999 -9999 -9999 -9999 -9999 -9999 -9999 -9999 -9999 -9999 -9999 -9999 -9999 -9999 -9999 -9999 -9999 -9999 -9999 -9999 692 744 794 830 863 894 930 969 1019 1086 1125 1044 593 349 303 298 336 292 281 269 285 248 200 231 284 340 346 325 298 317 349 335 257 266 219 169 179 310 382 380 365 340 315 305 308 320 324 334
-9999 -9999 -9999 -9999 -9999 -9999 -9999 -9999 -9999 -9999 -9999 -9999 -9999 -9999 -9999 -9999 -9999 -9999 -9999 -9999 -9999 -9999 -9999 -9999 -9999 -9999 -9999 -9999 -9999 -9999 -9999 -9999 -9999 -9999 -9999 -9999 -9999 -9999 -9999 -9999 618 667 729 784 838 883 919 956 998 1024 1051 1048 779 453 271 292 270 273 261 248 264 260 230 214 285 241 395 396 319 328 348 354 297 366 250 172 155 255 378 362 371 351 315 310 308 311 319 326 329
-9999 -9999 -9999 -9999 -9999 -9999 -9999 -9999 -9999 -9999 -9999 -9999 -9999 -9999 -9999 -9999 -9999 -9999 -9999 -9999 -9999 -9999 -9999 -9999 -9999 -9999 -9999 -9999 -9999 -9999 -9999 -9999 -9999 -9999 -9999 -9999 -9999 -9999 -9999 -9999 579 645 714 778 843 901 946 985 1018 1008 977 926 628 357 280 249 246 240 225 232 224 219 207 248 280 390 328 344 326 344 354 345 359 346 202 164 183 329 368 364 356 325 294 301 300 313 328 328 326
-9999 -9999 -9999 -9999 -9999 -9999 -9999 -9999 -9999 -9999 -9999 -9999 -9999 -9999 -9999 -9999 -9999 -9999 -9999 -9999 -9999 -9999 -9999 -9999 -9999 -9999 -9999 -9999 -9999 -9999 -9999 -9999 -9999 -9999 -9999 -9999 -9999 -9999 -9999 -9999 548 627 699 777 852 920 976 1014 998 965 930 776 544 373 311 233 247 199 197 177 192 179 187 263 416 382 355 311 350 377 361 361 355 272 211 208 297 373 353 362 311 291 296 307 310 339 333 328 320
-9999 -9999 -9999 -9999 -9999 -9999 -9999 -9999 -9999 -9999 -9999 -9999 -9999 -9999 -9999 -9999 -9999 -9999 -9999 -9999 -9999 -9999 -9999 -9999 -9999 -9999 -9999 -9999 -9999 -9999 -9999 -9999 -9999 -9999 -9999 -9999 -9999 -9999 -9999 -9999 519 607 688 781 870 948 1010 1023 990 927 840 587 423 366 273 194 193 179 155 156 162 185 247 353 382 350 330 367 412 392 351 332 296 261 251 280 360 367 358 350 293 289 307 322 354 347 337 325 316
-9999 -9999 -9999 -9999 -9999 -9999 -9999 -9999 -9999 -9999 -9999 -9999 -9999 -9999 -9999 -9999 -9999 -9999 -9999 -9999 -9999 -9999 -9999 -9999 -9999 -9999 -9999 -9999 -9999 -9999 -9999 -9999 -9999 -9999 -9999 -9999 -9999 -9999 -9999 -9999 -9999 589 690 791 897 986 1054 1041 972 900 688 501 397 322 249 184 173 147 137 147 153 195 295 389 371 366 374 416 368 357 285 270 285 288 256 301 364 336 304 342 319 332 388 387 367 351 338 325 316
-9999 -9999 -9999 -9999 -9999 -9999 -9999 -9999 -9999 -9999 -9999 -9999 -9999 -9999 -9999 -9999 -9999 -9999 -9999 -9999 -9999 -9999 -9999 -9999 -9999 -9999 -9999 -9999 -9999 -9999 -9999 -9999 -9999 -9999 -9999 -9999 -9999 -9999 -9999 -9999 -9999 585 690 805 926 1032 1095 1068 986 850 664 537 403 300 230 187 159 143 147 151 127 140 205 324 367 349 382 396 339 301 266 247 288 267 264 353 337 281 302 296 312 406 404 385 367 349 337 324 312
-9999 -9999 -9999 -9999 -9999 -9999 -9999 -9999 -9999 -9999 -9999 -9999 -9999 -9999 -9999 -9999 -9999 -9999 -9999 -9999 -9999 -9999 -9999 -9999 -9999 -9999 -9999 -9999 -9999 -9999 -9999 -9999 -9999 -9999 -9999 -9999 -9999 -9999 290 -9999 425 555 687 830 959 1091 1148 1095 971 795 635 471 372 282 230 157 146 160 168 144 131 146 259 367 377 355 352 360 379 325 280 284 269 260 329 337 289 332 303 297 356 415 395 377 360 346 333 321 309
-9999 -9999 -9999 -9999 -9999 -9999 -9999 -9999 -9999 -9999 -9999 -9999 -9999 -9999 -9999 -9999 -9999 -9999 -9999 -9999 -9999 -9999 -9999 -9999 -9999 -9999 -9999 -9999 -9999 -9999 -9999 -9999 -9999 -9999 -9999 -9999 -9999 277 302 354 443 557 695 850 994 1137 1196 1117 969 773 644 457 264 255 217 170 161 180 168 116 205 384 422 397 349 377 355 334 348 364 321 295 288 317 310 294 409 434 365 304 383 400 380 364 352 340 329 317 307
-9999 -9999 -9999 -9999 -9999 -9999 -9999 -9999 -9999 -9999 -9999 -9999 -9999 -9999 -9999 -9999 -9999 -9999 -9999 -9999 -9999 -9999 -9999 -9999 -9999 -9999 -9999 -9999 -9999 -9999 -9999 -9999 -9999 -9999 -9999 -9999 260 285 318 369 455 582 709 860 996 1122 1133 1083 923 792 634 403 153 187 205 197 188 180 153 150 204 445 428 407 389 382 372 366 369 379 378 338 342 385 396 389 469 460 429 323 401 385 363 354 343 332 324 314 304
-9999 -9999 -9999 -9999 -9999 -9999 -9999 -9999 -9999 -9999 -9999 -9999 -9999 -9999 -9999 -9999 -9999 -9999 -9999 -9999 -9999 -9999 -9999 -9999 -9999 -9999 -9999 -9999 -9999 -9999 -9999 -9999 -9999 -9999 -9999 -9999 -9999 291 339 384 469 587 731 866 981 1043 1046 988 889 774 637 299 153 165 252 215 172 131 139 202 439 445 438 415 409 409 378 373 369 372 380 350 382 499 485 478 454 438 425 411 394 373 357 346 337 328 320 311 301
-9999 -9999 -9999 -9999 -9999 -9999 -9999 -9999 -9999 -9999 -9999 -9999 -9999 -9999 -9999 -9999 -9999 -9999 -9999 -9999 -9999 -9999 -9999 -9999 -9999 -9999 -9999 -9999 -9999 -9999 -9999 -9999 -9999 -9999 -9999 -9999 -9999 -9999 339 405 483 598 744 898 1018 1071 1149 1023 970 831 639 280 142 210 223 150 174 163 158 203 464 458 437 415 503 424 433 391 380 376 378 366 474 536 506 477 448 423 406 401 382 367 353 342 333 325 317 309 299
-9999 -9999 -9999 -9999 -9999 -9999 -9999 -9999 -9999 -9999 -9999 -9999 -9999 -9999 -9999 -9999 -9999 -9999 -9999 -9999 -9999 -9999 -9999 -9999 -9999 -9999 -9999 -9999 -9999 -9999 -9999 -9999 -9999 -9999 -9999 -9999 -9999 -9999 346 424 497 583 708 863 1034 1211 1405 1086 829 679 609 232 137 177 214 136 143 153 190 257 455 460 450 414 502 595 468 457 388 407 393 468 577 558 513 485 454 425 403 391 378 364 353 342 331 323 315 307 299
-9999 -9999 -9999 -9999 -9999 -9999 -9999 -9999 -9999 -9999 -9999 -9999 -9999 -9999 -9999 -9999 -9999 -9999 -9999 -9999 -9999 -9999 -9999 -9999 -9999 -9999 -9999 -9999 -9999 -9999 -9999 -9999 -9999 -9999 -9999 -9999 263 305 366 451 528 581 682 798 1077 1348 1087 429 397 370 263 141 139 176 157 148 166 257 380 421 459 464 434 410 556 673 647 471 502 509 556 605 626 575 533 508 474 435 414 394 379 363 351 341 330 321 314 305 298
-9999 -9999 -9999 -9999 -9999 -9999 -9999 -9999 -9999 -9999 -9999 -9999 -9999 -9999 -9999 -9999 -9999 -9999 -9999 -9999 -9999 -9999 -9999 -9999 -9999 -9999 -9999 -9999 -9999 -9999 -9999 -9999 -9999 -9999 -9999 250 282 328 380 435 551 632 699 854 931 949 677 472 256 161 133 146 139 160 157 364 173 347 402 417 386 430 411 498 720 619 466 504 670 675 681 660 631 592 555 526 489 450 421 400 382 365 352 341 330 321 313 305 299
-9999 -9999 -9999 -9999 -9999 -9999 -9999 -9999 -9999 -9999 -9999 -9999 -9999 -9999 -9999 -9999 -9999 -9999 -9999 -9999 -9999 -9999 -9999 -9999 -9999 -9999 -9999 -9999 -9999 -9999 -9999 -9999 -9999 -9999 270 296 323 358 389 430 528 638 651 785 939 771 266 338 163 131 144 216 176 146 157 226 308 347 346 368 358 431 458 658 775 738 566 741 739 711 687 661 632 600 568 536 499 462 429 405 385 367 353 341 330 321 313 307 299
-9999 -9999 -9999 -9999 -9999 -9999 -9999 -9999 -9999 -9999 -9999 -9999 -9999 -9999 -9999 -9999 -9999 -9999 -9999 -9999 -9999 -9999 -9999 -9999 -9999 -9999 -9999 -9999 -9999 -9999 92 131 189 254 325 372 389 403 416 456 544 612 651 727 682 493 322 185 132 128 164 159 152 154 174 258 315 325 322 381 390 398 486 769 870 832 795 771 743 716 689 663 632 600 569 535 502 467 434 408 387 368 353 341 332 322 315 307 301
-9999 -9999 -9999 -9999 -9999 -9999 -9999 -9999 -9999 -9999 -9999 -9999 -9999 -9999 -9999 -9999 -9999 -9999 -9999 -9999 -9999 -9999 -9999 -9999 -9999 -9999 -9999 54 55 60 89 141 209 290 377 445 476 466 483 510 520 567 533 298 328 263 164 108 139 227 178 141 187 192 191 319 315 317 319 367 362 430 514 839 859 859 819 766 741 718 691 662 630 597 566 532 500 469 438 411 386 368 354 342 332 324 316 311 303
-9999 -9999 -9999 -9999 -9999 -9999 -9999 -9999 -9999 -9999 -9999 -9999 -9999 -9999 -9999 -9999 -9999 -9999 -9999 -9999 -9999 -9999 -9999 -9999 -9999 -9999 78 65 69 87 120 165 230 315 399 476 499 509 505 480 467 416 447 261 157 135 121 107 184 203 139 142 159 193 270 299 269 319 315 345 478 679 799 815 816 822 809 773 744 718 689 660 629 595 562 530 496 465 438 410 386 367 353 343 334 326 319 312 307
-9999 -9999 -9999 -9999 -9999 -9999 -9999 -9999 -9999 -9999 -9999 -9999 -9999 -9999 -9999 -9999 -9999 -9999 -9999 -9999 -9999 -9999 -9999 128 128 115 87 81 97 117 146 189 248 323 406 470 493 492 469 384 310 190 262 262 234 135 100 108 247 180 137 145 181 237 284 273 290 291 401 540 701 772 752 759 770 774 773 757 739 713 687 654 624 591 559 527 495 464 436 409 385 365 353 344 336 327 322 316 310
-9999 -9999 -9999 -9999 -9999 -9999 -9999 -9999 -9999 -9999 -9999 -9999 -9999 -9999 -9999 -9999 -9999 -9999 -9999 -9999 -9999 -9999 -9999 144 149 130 107 105 113 154 166 211 259 319 380 431 454 461 390 327 223 170 146 118 117 121 90 169 200 224 187 186 240 265 261 268 286 415 562 686 705 703 709 721 726 732 738 732 719 698 673 645 616 585 553 522 492 463 435 409 385 366 355 345 339 331 325 319 315
-9999 -9999 -9999 -9999 -9999 -9999 -9999 -9999 -9999 -9999 -9999 -9999 -9999 -9999 -9999 -9999 -9999 -9999 -9999 -9999 -9999 -9999 -9999 -9999 188 163 119 120 139 186 194 220 261 307 353 390 387 327 295 262 214 145 130 113 108 83 84 102 110 152 144 213 273 265 258 293 325 515 646 681 698 689 685 696 698 702 713 710 701 683 658 633 608 578 548 519 489 462 436 412 389 372 359 351 342 336 329 323 319
-9999 -9999 -9999 -9999 -9999 -9999 -9999 -9999 -9999 -9999 -9999 -9999 -9999 -9999 -9999 -9999 -9999 -9999 -9999 -9999 -9999 -9999 -9999 -9999 195 174 136 135 155 176 201 223 258 298 331 321 284 243 208 197 154 126 89 109 105 69 67 73 101 121 156 238 274 254 270 294 478 609 615 649 667 668 670 683 686 691 697 694 683 670 648 623 597 570 543 514 487 459 435 413 394 376 364 355 347 340 334 329 325
-9999 -9999 -9999 -9999 -9999 -9999 -9999 -9999 -9999 -9999 -9999 -9999 -9999 -9999 -9999 -9999 -9999 -9999 -9999 -9999 -9999 -9999 -9999 165 161 152 130 136 148 166 189 214 244 280 308 296 243 228 196 172 135 137 91 138 136 64 54 66 97 143 212 224 250 281 288 397 574 569 586 621 633 645 659 673 681 684 683 679 668 654 635 613 589 563 536 510 484 459 436 414 397 381 369 359 351 345 340 335 330
-9999 -9999 -9999 -9999 -9999 -9999 -9999 -9999 -9999 -9999 -9999 -9999 -9999 -9999 -9999 -9999 -9999 -9999 -9999 -9999 -9999 -9999 -9999 -9999 127 127 121 133 138 153 173 198 226 258 291 284 240 231 187 163 125 121 109 142 88 68 63 96 107 158 225 233 257 335 352 538 557 565 581 603 624 636 653 668 675 679 675 672 660 644 624 602 582 558 531 505 479 456 435 416 399 385 374 364 357 351 345 341 337
-9999 -9999 -9999 -9999 -9999 -9999 -9999 -9999 -9999 -9999 -9999 -9999 -9999 -9999 -9999 -9999 -9999 -9999 -9999 -9999 -9999 -9999 -9999 -9999 94 102 110 121 121 132 151 180 212 247 285 288 239 230 209 181 141 114 101 92 85 105 97 160 143 192 224 277 329 476 574 567 552 568 589 608 625 638 653 667 675 678 676 667 654 638 617 593 573 551 526 501 478 455 434 417 400 389 377 369 363 358 352 349 344
-9999 -9999 -9999 -9999 -9999 -9999 -9999 -9999 -9999 -9999 -9999 -9999 -9999 -9999 -9999 -9999 -9999 -9999 -9999 -9999 -9999 -9999 -9999 -9999 -9999 86 98 96 100 112 134 162 196 246 305 314 246 185 205 169 145 111 97 88 91 107 114 203 225 218 217 315 596 601 521 574 576 579 607 629 645 657 669 679 679 676 670 658 644 627 609 587 565 545 521 498 476 454 434 416 401 390 382 374 369 364 360 356 351
-9999 -9999 -9999 -9999 -9999 -9999 -9999 -9999 -9999 -9999 -9999 -9999 -9999 -9999 -9999 -9999 -9999 -9999 -9999 -9999 -9999 -9999 -9999 49 60 79 89 83 82 92 116 149 189 237 331 341 243 250 254 205 159 113 86 78 177 130 131 195 252 233 244 352 525 781 543 613 634 602 625 649 667 680 691 693 689 680 672 658 642 623 603 582 560 537 516 494 472 451 432 416 401 391 385 379 376 373 368 363 359
-9999 -9999 -9999 -9999 -9999 -9999 -9999 -9999 -9999 -9999 -9999 -9999 -9999 -9999 -9999 -9999 -9999 -9999 -9999 -9999 -9999 -9999 -9999 42 62 66 73 74 67 72 99 145 202 265 345 320 259 266 263 222 141 100 78 69 77 79 104 302 295 247 236 274 536 796 700 575 615 618 647 674 696 705 707 701 694 683 671 655 635 615 599 578 556 533 511 488 468 448 429 413 401 391 387 385 383 381 379 373 368
