bio_clim/bio_15.asc
ncols         156
nrows         252
xllcorner     -82
yllcorner     -8
cellsize      0.083333337679505
NODATA_value  -9999
[rows 176 to 219 of 252, columns 0 to 95 of 156]
-9999 -9999 -9999 -9999 -9999 -9999 -9999 -9999 -9999 -9999 -9999 -9999 -9999 -9999 84 96 109 111 113 116 116 113 113 112 113 114 114 115 114 113 113 111 107 92 83 75 58 50 36 28 28 19 22 22 33 31 15 13 13 13 15 15 16 16 17 17 17 17 17 17 17 17 17 17 17 17 17 17 17 17 17 17 18 18 18 18 18 19 19 19 20 20 19 19 19 19 18 18 18 18 18 17 17 17 16 16
-9999 -9999 -9999 -9999 -9999 -9999 -9999 -9999 -9999 -9999 -9999 -9999 -9999 -9999 -9999 96 114 115 119 121 119 116 116 115 114 115 116 117 116 115 114 111 108 93 85 76 57 47 39 28 20 20 21 26 31 26 18 13 12 13 14 15 15 15 16 16 16 17 17 17 17 17 17 17 17 17 17 17 17 17 17 17 17 17 18 18 18 18 19 18 19 19 18 18 18 18 18 18 17 17 17 17 16 16 16 15
-9999 -9999 -9999 -9999 -9999 -9999 -9999 -9999 -9999 -9999 -9999 -9999 -9999 -9999 -9999 103 112 120 123 125 122 119 118 116 116 117 118 118 118 116 115 112 108 92 86 81 67 50 42 30 21 21 21 22 32 26 19 13 12 13 13 14 14 15 15 15 15 16 16 16 16 16 16 16 16 17 17 17 17 17 17 17 17 17 17 17 17 17 18 18 18 18 18 18 17 17 17 17 17 16 16 16 16 15 15 15
-9999 -9999 -9999 -9999 -9999 -9999 -9999 -9999 -9999 -9999 -9999 -9999 -9999 -9999 -9999 117 123 132 128 128 125 122 120 117 117 119 119 119 119 117 115 111 107 94 84 80 75 52 48 34 28 27 22 25 31 28 22 15 13 13 13 14 14 14 14 15 15 15 15 15 16 16 16 16 16 16 16 16 16 16 16 17 17 17 17 17 17 17 17 17 17 17 17 17 17 17 17 16 16 16 15 15 15 15 14 14
-9999 -9999 -9999 -9999 -9999 -9999 -9999 -9999 -9999 -9999 -9999 -9999 -9999 -9999 -9999 126 135 144 138 132 127 123 121 119 119 120 121 120 119 117 114 109 105 95 88 78 69 54 46 42 32 31 23 23 32 31 23 15 14 15 15 13 14 14 14 14 14 15 15 15 15 16 16 16 16 16 16 16 16 16 16 16 16 16 16 16 16 16 17 16 17 16 16 16 16 16 16 16 15 15 15 15 14 14 14 14
-9999 -9999 -9999 -9999 -9999 -9999 -9999 -9999 -9999 -9999 -9999 -9999 -9999 -9999 -9999 143 146 146 142 133 125 120 119 119 120 121 120 120 119 116 112 107 102 96 82 72 68 53 43 46 36 27 23 28 32 25 20 17 16 16 16 13 13 13 13 14 14 14 14 15 15 15 16 16 16 16 16 16 16 16 16 16 16 16 16 16 16 16 16 16 16 16 15 15 15 15 15 15 15 15 14 14 14 14 14 13
-9999 -9999 -9999 -9999 -9999 -9999 -9999 -9999 -9999 -9999 -9999 -9999 144 146 145 145 150 145 139 127 119 118 119 119 121 122 120 120 117 113 108 104 99 94 85 73 63 57 45 43 41 27 24 30 31 24 18 17 18 21 22 13 13 13 13 13 13 14 14 14 15 15 15 16 16 16 16 16 16 16 16 16 16 16 15 15 15 15 15 15 15 15 15 15 14 14 14 14 14 14 14 14 14 14 13 13
-9999 -9999 -9999 -9999 -9999 -9999 -9999 -9999 -9999 -9999 -9999 -9999 -9999 142 147 149 152 147 133 115 111 115 118 120 120 121 120 120 115 111 106 102 97 91 78 68 61 49 42 40 38 26 25 31 33 26 18 20 21 29 20 13 13 13 13 13 13 13 13 14 14 14 15 15 15 16 16 16 16 16 16 16 15 15 15 15 15 15 15 14 14 14 14 14 14 14 14 13 13 13 13 13 13 13 13 13
-9999 -9999 -9999 -9999 -9999 -9999 -9999 -9999 -9999 -9999 -9999 -9999 -9999 -9999 146 155 151 137 121 96 102 112 116 119 121 120 119 117 114 110 104 100 94 83 74 71 51 41 43 38 31 23 26 32 33 21 18 24 20 26 21 14 13 13 13 13 13 13 13 13 14 14 14 15 15 16 16 16 17 16 16 15 15 15 14 14 14 14 14 14 14 14 14 13 13 13 13 13 13 13 13 13 13 13 13 12
-9999 -9999 -9999 -9999 -9999 -9999 -9999 -9999 -9999 -9999 -9999 -9999 -9999 -9999 -9999 -9999 -9999 136 109 102 105 113 118 119 121 120 120 117 114 110 105 99 90 76 72 60 37 41 39 30 23 24 23 30 27 20 20 26 21 20 18 14 14 13 13 13 13 13 13 13 13 14 14 14 15 16 16 16 17 17 16 15 15 14 14 14 14 14 13 13 13 13 13 13 12 12 12 12 12 12 12 12 12 12 12 12
-9999 -9999 -9999 -9999 -9999 -9999 -9999 -9999 -9999 -9999 -9999 -9999 -9999 -9999 -9999 -9999 -9999 -9999 124 122 120 121 120 -9999 121 121 119 116 112 109 103 92 81 74 58 45 32 26 25 22 25 31 28 31 25 21 21 26 22 17 15 15 14 13 13 13 13 13 13 13 13 13 14 14 15 15 16 16 17 16 16 15 14 14 13 13 13 13 13 13 13 12 12 12 12 12 12 11 11 11 12 12 12 12 11 11
-9999 -9999 -9999 -9999 -9999 -9999 -9999 -9999 -9999 -9999 -9999 -9999 -9999 -9999 -9999 -9999 -9999 -9999 -9999 140 134 -9999 -9999 -9999 123 121 116 113 107 101 90 82 79 47 38 35 27 22 22 22 28 29 24 23 22 21 22 27 21 19 15 15 14 13 13 13 12 12 12 12 13 13 13 14 14 14 15 15 16 16 15 14 14 13 13 12 12 12 12 12 12 12 11 11 11 11 11 11 11 11 11 11 11 11 11 11
-9999 -9999 -9999 -9999 -9999 -9999 -9999 -9999 -9999 -9999 -9999 -9999 -9999 -9999 -9999 -9999 -9999 -9999 -9999 -9999 134 -9999 126 122 -9999 -9999 -9999 107 97 87 84 85 48 39 35 26 23 25 20 20 25 24 31 22 22 22 24 25 20 18 15 15 14 13 13 13 12 12 12 12 12 12 13 13 13 14 14 14 15 15 14 14 13 13 12 12 12 11 11 11 11 11 11 11 11 11 10 10 10 10 10 10 10 10 11 11
-9999 -9999 -9999 -9999 -9999 -9999 -9999 -9999 -9999 -9999 -9999 -9999 -9999 -9999 -9999 -9999 -9999 -9999 -9999 -9999 -9999 125 120 119 119 -9999 105 98 86 87 78 51 39 34 27 24 31 30 20 18 21 26 24 22 22 22 28 22 18 18 15 15 14 14 13 13 12 12 12 12 12 12 12 12 13 13 13 14 14 14 13 13 12 12 12 12 11 11 11 11 11 10 10 10 10 10 10 10 10 10 10 10 10 10 10 10
-9999 -9999 -9999 -9999 -9999 -9999 -9999 -9999 -9999 -9999 -9999 -9999 -9999 -9999 -9999 -9999 -9999 -9999 -9999 -9999 -9999 124 120 118 -9999 -9999 94 89 84 76 87 50 39 30 25 35 39 31 22 19 20 24 25 21 21 22 24 20 17 16 15 15 14 14 13 13 12 12 12 12 12 12 12 12 12 12 13 13 13 13 13 12 12 12 11 11 11 11 11 10 10 10 10 10 10 10 9 9 9 9 9 9 9 9 10 10
-9999 -9999 -9999 -9999 -9999 -9999 -9999 -9999 -9999 -9999 -9999 -9999 -9999 -9999 -9999 -9999 -9999 -9999 -9999 -9999 -9999 118 117 -9999 -9999 -9999 82 78 75 80 76 54 35 30 29 37 34 27 23 19 19 25 22 22 21 21 23 19 17 16 15 15 14 14 13 13 12 12 12 11 11 11 11 12 12 12 12 12 12 12 12 12 11 11 11 11 11 11 11 10 10 10 10 10 9 9 9 9 9 9 9 9 9 9 9 10
-9999 -9999 -9999 -9999 -9999 -9999 -9999 -9999 -9999 -9999 -9999 -9999 -9999 -9999 -9999 -9999 -9999 -9999 -9999 -9999 -9999 -9999 -9999 -9999 -9999 -9999 75 73 80 84 71 42 36 32 33 37 32 27 21 18 19 22 20 20 20 19 19 17 16 16 15 15 14 14 13 13 12 12 11 11 11 11 11 11 11 11 12 12 12 11 11 11 11 11 11 11 11 11 10 11 10 10 10 10 9 9 9 9 8 8 8 8 9 9 9 9
-9999 -9999 -9999 -9999 -9999 -9999 -9999 -9999 -9999 -9999 -9999 -9999 -9999 -9999 -9999 -9999 -9999 -9999 -9999 -9999 -9999 -9999 -9999 -9999 -9999 80 73 70 86 66 57 48 43 45 44 32 31 26 21 18 19 21 21 21 23 20 21 17 17 16 15 15 14 14 13 13 12 12 11 11 11 11 11 11 11 11 11 11 11 11 11 11 11 11 11 11 11 11 11 11 11 10 10 10 9 9 9 8 8 8 8 8 8 9 9 9
-9999 -9999 -9999 -9999 -9999 -9999 -9999 -9999 -9999 -9999 -9999 -9999 -9999 -9999 -9999 -9999 -9999 -9999 -9999 -9999 -9999 -9999 -9999 -9999 92 81 71 79 89 79 66 68 67 63 45 32 30 24 19 20 22 21 20 24 23 20 25 21 16 16 15 15 14 14 13 13 12 12 11 11 11 11 11 11 11 11 11 11 11 11 11 11 11 11 11 11 11 11 12 11 11 11 11 10 10 9 9 8 8 8 8 8 8 8 9 10
-9999 -9999 -9999 -9999 -9999 -9999 -9999 -9999 -9999 -9999 -9999 -9999 -9999 -9999 -9999 -9999 -9999 -9999 -9999 -9999 -9999 -9999 -9999 99 93 79 69 68 69 75 77 76 60 58 41 38 28 22 19 20 21 21 20 24 25 22 26 23 16 15 14 14 14 14 13 13 12 12 11 11 11 11 11 11 11 11 11 11 11 11 11 11 11 12 12 12 12 12 12 12 12 12 12 11 10 9 9 8 8 8 8 8 8 9 9 10
-9999 -9999 -9999 -9999 -9999 -9999 -9999 -9999 -9999 -9999 -9999 -9999 -9999 -9999 -9999 -9999 -9999 -9999 -9999 -9999 120 114 108 100 90 79 71 71 75 75 76 63 58 55 44 38 28 22 20 20 20 20 20 25 23 23 24 22 15 15 14 14 14 14 13 13 12 12 11 11 11 11 11 11 11 11 11 11 11 11 12 12 12 12 12 13 13 13 14 14 14 13 12 12 11 10 9 8 8 8 8 8 8 9 9 10
-9999 -9999 -9999 -9999 -9999 -9999 -9999 -9999 -9999 -9999 -9999 -9999 -9999 -9999 -9999 -9999 -9999 -9999 -9999 -9999 118 115 109 101 92 82 77 81 83 80 71 68 57 44 40 37 22 19 19 18 19 19 20 26 20 21 20 16 14 14 14 13 14 13 13 12 12 12 11 11 11 11 11 11 11 11 11 11 11 12 12 12 12 13 13 14 14 14 15 15 15 15 14 13 12 10 9 8 8 7 7 8 8 9 10 10
-9999 -9999 -9999 -9999 -9999 -9999 -9999 -9999 -9999 -9999 -9999 -9999 -9999 -9999 -9999 -9999 -9999 -9999 127 122 121 116 107 104 99 87 84 88 84 68 60 60 50 48 42 33 19 17 18 17 17 18 18 23 18 18 16 14 14 13 14 13 13 13 13 12 12 12 12 11 11 11 11 11 11 11 11 12 12 12 12 13 13 13 14 14 15 16 16 17 17 16 15 14 12 11 10 8 8 7 8 8 8 9 10 11
-9999 -9999 -9999 -9999 -9999 -9999 -9999 -9999 -9999 -9999 -9999 -9999 -9999 -9999 -9999 -9999 -9999 129 125 124 119 115 110 105 102 91 86 87 84 80 68 54 54 40 40 24 19 17 18 16 17 16 18 19 16 17 15 13 13 13 13 13 12 13 12 12 12 12 12 11 11 11 11 11 11 12 12 12 12 12 13 13 14 14 15 15 16 17 17 18 19 18 17 15 13 12 10 9 8 7 8 8 9 10 10 11
-9999 -9999 -9999 -9999 -9999 -9999 -9999 -9999 -9999 -9999 -9999 -9999 -9999 -9999 -9999 134 130 127 127 118 114 111 107 100 94 93 90 88 85 81 69 56 51 45 39 18 16 15 14 14 15 15 19 18 14 16 14 13 13 12 13 13 12 12 12 12 12 12 12 11 11 11 12 12 12 12 12 12 13 13 13 14 14 15 15 16 17 18 18 19 20 20 18 16 14 12 11 9 8 7 8 9 10 10 11 12
-9999 -9999 -9999 -9999 -9999 -9999 -9999 -9999 -9999 -9999 -9999 -9999 -9999 -9999 125 126 124 120 122 111 104 102 101 96 96 95 92 90 88 83 71 58 46 35 25 16 15 14 14 14 14 15 20 14 13 14 13 12 12 12 12 12 11 12 12 12 12 12 12 11 12 12 12 12 12 12 12 13 13 13 14 14 15 15 16 17 18 18 19 20 21 20 19 17 15 13 11 10 9 9 9 10 10 11 12 13
-9999 -9999 -9999 -9999 -9999 -9999 -9999 -9999 -9999 -9999 -9999 -9999 -9999 -9999 128 123 118 111 111 109 107 103 103 101 98 94 92 89 87 82 71 58 46 27 18 17 15 14 13 13 15 17 21 15 12 13 14 13 12 11 12 12 11 11 12 12 12 12 12 12 12 12 12 12 12 13 13 13 13 14 14 15 15 16 16 17 18 19 19 20 20 20 19 17 16 14 13 11 11 10 10 11 11 12 13 14
-9999 -9999 -9999 -9999 -9999 -9999 -9999 -9999 -9999 -9999 -9999 -9999 136 127 124 117 110 115 111 104 105 104 102 99 94 95 95 91 87 82 74 66 47 30 26 17 16 15 14 13 13 18 15 13 13 12 13 13 13 11 12 12 12 10 11 12 12 12 12 12 12 12 12 12 13 13 13 13 14 14 14 15 15 16 17 17 18 19 19 20 20 20 19 17 16 15 14 13 12 12 12 12 12 13 14 15
-9999 -9999 -9999 -9999 -9999 -9999 -9999 -9999 -9999 -9999 -9999 -9999 125 121 123 116 114 118 98 108 105 109 105 99 96 101 95 92 89 86 77 72 54 40 33 20 16 15 15 14 13 15 13 13 15 12 12 11 11 11 12 12 11 10 11 11 12 12 12 12 12 12 13 13 13 13 14 14 14 14 15 15 16 16 17 18 18 19 19 20 20 19 19 18 17 16 15 14 14 13 13 14 14 14 15 15
-9999 -9999 -9999 -9999 -9999 -9999 -9999 -9999 -9999 -9999 -9999 134 134 122 126 122 118 113 109 117 116 115 111 100 99 99 98 95 91 87 78 72 60 44 36 25 19 16 16 14 13 13 12 12 15 12 13 11 10 11 11 11 11 10 11 11 12 12 12 12 13 13 13 13 13 14 14 14 15 15 15 16 16 17 17 18 18 19 19 20 20 19 19 18 18 17 16 16 15 15 15 15 15 15 16 16
-9999 -9999 -9999 -9999 -9999 -9999 -9999 -9999 -9999 -9999 153 131 134 127 132 123 120 125 122 121 124 127 121 117 111 106 97 94 91 84 72 65 74 53 36 27 21 15 16 15 13 13 12 12 12 11 14 11 10 11 11 11 10 10 11 12 12 12 12 13 13 13 13 14 14 14 14 15 15 15 16 16 17 17 18 18 19 19 19 19 20 19 19 19 18 18 17 17 17 16 16 16 16 16 17 17
-9999 -9999 -9999 -9999 -9999 -9999 -9999 -9999 -9999 151 145 136 146 138 137 126 132 131 131 134 142 152 145 127 114 100 100 91 89 83 79 67 67 56 37 31 22 17 16 14 14 13 13 12 12 11 11 10 10 11 11 11 10 9 11 12 12 12 13 13 13 14 14 14 14 15 15 15 15 16 16 16 17 17 18 18 19 19 19 20 20 20 19 19 19 19 18 18 18 18 18 18 17 17 17 18
-9999 -9999 -9999 -9999 -9999 -9999 -9999 -9999 -9999 130 149 136 146 147 137 143 147 143 147 156 165 175 156 133 138 119 108 91 92 83 83 72 55 51 39 30 23 21 16 15 14 14 13 13 12 12 11 10 11 11 11 11 11 9 11 12 12 13 13 13 14 14 14 15 15 15 15 16 16 16 16 17 17 18 18 18 19 19 19 20 20 20 20 20 20 19 19 19 19 19 19 19 19 18 18 18
-9999 -9999 -9999 -9999 -9999 -9999 -9999 -9999 144 142 133 139 149 152 154 153 161 166 170 182 189 185 168 135 143 125 107 100 97 88 82 69 48 44 40 33 25 22 19 16 15 14 15 13 12 12 11 11 11 11 11 11 10 10 12 12 12 13 13 14 14 15 15 15 15 16 16 16 16 16 17 17 18 18 18 19 19 19 20 20 20 20 20 20 20 20 20 20 21 21 21 21 20 19 19 19
-9999 -9999 -9999 -9999 -9999 -9999 -9999 -9999 -9999 146 145 156 163 171 167 174 175 191 197 199 189 181 164 143 132 111 108 94 92 91 83 65 51 45 45 37 27 24 19 17 15 15 14 13 12 12 11 11 12 12 11 11 10 12 12 12 13 13 13 14 14 15 15 16 16 16 16 17 17 17 17 17 18 18 19 19 19 20 20 20 20 21 21 21 21 21 21 21 22 22 22 22 21 21 20 20
-9999 -9999 -9999 -9999 -9999 -9999 -9999 -9999 144 122 141 162 159 162 173 168 187 191 209 192 195 173 141 139 128 111 100 90 92 84 79 55 49 54 48 39 31 23 17 17 17 16 15 13 12 12 12 12 12 12 11 10 11 12 12 13 13 13 14 14 15 16 16 16 17 17 17 17 17 17 18 18 18 19 19 19 20 20 20 20 21 21 21 21 21 22 22 22 22 23 23 24 23 22 21 21
-9999 -9999 -9999 -9999 -9999 -9999 -9999 -9999 139 120 173 165 183 168 161 170 184 187 193 189 184 172 154 128 113 111 101 97 89 78 56 44 47 51 53 41 28 23 23 21 18 17 15 14 13 12 12 12 12 12 10 10 11 12 12 13 13 14 14 15 15 16 17 17 17 17 17 17 18 18 18 18 18 19 19 20 20 20 21 21 21 21 21 22 22 22 22 22 23 23 24 24 23 22 22 21
-9999 -9999 -9999 -9999 -9999 -9999 -9999 -9999 -9999 124 172 170 165 165 158 157 161 172 183 180 181 170 148 126 108 93 102 98 90 80 54 46 54 58 60 47 28 23 25 22 20 17 16 14 13 13 12 12 12 12 10 10 11 12 13 13 14 14 15 15 16 16 17 18 18 18 18 18 18 18 19 19 19 19 20 20 20 21 21 21 21 22 22 22 22 23 23 23 23 23 23 23 23 22 21 21
-9999 -9999 -9999 -9999 -9999 -9999 -9999 -9999 -9999 -9999 162 154 178 166 158 149 166 164 169 177 185 171 149 123 104 81 90 94 93 79 64 48 51 54 66 54 34 25 28 26 23 18 17 15 13 13 12 12 12 12 10 10 10 12 13 13 14 14 15 15 16 17 17 18 18 18 18 18 19 19 19 19 19 20 20 20 21 21 21 22 22 22 22 22 23 23 23 23 23 23 23 23 22 22 21 20
-9999 -9999 -9999 -9999 -9999 -9999 -9999 -9999 -9999 -9999 -9999 147 167 152 166 153 142 157 169 178 176 172 161 133 118 89 76 91 84 74 45 52 55 60 64 53 37 23 28 25 22 19 18 15 14 13 12 12 12 11 11 10 10 11 13 13 14 15 15 16 17 17 18 18 18 18 19 19 19 19 19 20 20 20 20 21 21 22 22 22 22 22 23 23 23 23 23 23 23 23 23 23 22 21 21 20
-9999 -9999 -9999 -9999 -9999 -9999 -9999 -9999 -9999 -9999 -9999 179 154 163 142 154 150 168 160 174 168 165 162 146 128 113 94 78 67 53 39 43 42 39 61 55 45 27 31 17 19 21 18 15 14 14 14 12 12 11 11 11 10 11 12 14 14 15 16 16 17 17 18 18 19 19 19 19 20 20 20 20 21 21 21 21 22 22 22 22 23 23 23 23 23 23 23 24 23 23 23 22 22 21 21 20
-9999 -9999 -9999 -9999 -9999 -9999 -9999 -9999 -9999 -9999 141 160 177 143 157 134 159 154 169 162 174 169 159 159 145 130 109 87 70 48 45 43 39 38 54 48 44 30 31 17 22 21 19 17 15 15 14 13 12 12 11 11 11 11 11 13 15 15 16 16 17 18 18 18 19 19 20 20 20 20 21 21 21 21 22 22 22 22 23 23 23 23 24 24 24 24 24 24 24 23 23 22 22 21 21 20
-9999 -9999 -9999 -9999 -9999 -9999 -9999 -9999 -9999 182 149 167 138 170 136 146 136 157 157 166 161 169 156 149 154 148 133 122 93 51 52 39 34 31 28 32 41 36 33 19 20 19 20 18 16 16 15 14 13 12 12 11 11 11 11 11 13 14 16 17 17 18 18 18 19 19 20 20 21 21 21 22 22 22 22 22 23 23 23 23 24 24 24 24 25 24 24 24 24 23 23 23 22 21 21 20
-9999 -9999 -9999 -9999 -9999 -9999 -9999 -9999 -9999 -9999 -9999 158 157 149 154 129 158 145 161 169 165 172 164 159 160 149 146 132 97 48 49 40 34 35 39 23 28 35 31 27 17 19 20 20 18 16 15 14 13 13 12 12 11 11 11 12 12 12 14 17 18 18 19 19 19 20 20 21 21 22 22 22 23 23 23 23 23 23 24 24 24 25 25 25 25 25 25 25 24 24 23 23 22 22 21 21
