bio_clim/bio_5.asc
ncols         156
nrows         252
xllcorner     -82
yllcorner     -8
cellsize      0.083333337679505
NODATA_value  -9999
[rows 156 to 194 of 252, columns 0 to 88 of 156]
-9999 -9999 -9999 -9999 -9999 -9999 -9999 -9999 -9999 -9999 -9999 -9999 -9999 -9999 -9999 -9999 -9999 -9999 -9999 -9999 -9999 -9999 299 298 298 297 298 303 306 306 305 304 300 295 288 279 267 243 241 234 220 196 217 242 228 165 156 116 117 157 229 208 234 260 272 287 293 298 299 301 303 304 305 306 307 307 307 308 309 310 309 309 310 310 309 310 312 313 314 315 316 316 317 318 319 318 318 317 316
-9999 -9999 -9999 -9999 -9999 -9999 -9999 -9999 -9999 -9999 -9999 -9999 -9999 -9999 -9999 -9999 -9999 -9999 -9999 -9999 -9999 299 292 297 296 298 302 304 307 307 306 304 301 295 287 280 272 240 233 227 169 144 221 244 212 124 118 115 115 141 231 228 242 252 267 284 291 297 300 301 302 304 305 306 307 308 308 309 309 310 310 310 310 310 310 310 312 313 314 315 316 316 318 319 320 320 320 318 316
-9999 -9999 -9999 -9999 -9999 -9999 -9999 -9999 -9999 -9999 -9999 -9999 -9999 -9999 -9999 -9999 -9999 -9999 -9999 -9999 301 296 292 291 297 300 302 304 307 308 307 305 300 292 283 271 264 242 228 222 161 156 226 240 174 101 113 135 151 171 227 252 245 251 262 276 295 299 301 302 303 304 305 306 307 308 308 309 309 310 310 310 310 310 310 311 311 313 314 315 315 316 318 319 321 322 322 319 317
-9999 -9999 -9999 -9999 -9999 -9999 -9999 -9999 -9999 -9999 -9999 -9999 -9999 -9999 -9999 -9999 -9999 -9999 -9999 296 294 292 294 297 299 303 303 304 307 308 307 306 300 292 280 263 248 234 226 209 160 193 229 222 150 100 110 116 153 212 242 243 236 248 258 286 298 301 303 303 304 305 305 306 307 308 308 309 309 309 310 310 310 311 311 311 311 313 315 315 316 316 318 319 321 321 321 320 318
-9999 -9999 -9999 -9999 -9999 -9999 -9999 -9999 -9999 -9999 -9999 -9999 -9999 -9999 -9999 -9999 -9999 -9999 298 294 292 292 298 300 301 302 302 304 308 308 307 305 300 287 264 239 237 235 226 203 139 193 217 196 111 109 135 151 140 215 242 218 221 240 265 290 298 301 303 304 304 305 306 306 307 307 308 308 309 309 309 309 310 311 312 312 312 313 315 316 316 317 318 319 320 320 320 320 319
-9999 -9999 -9999 -9999 -9999 -9999 -9999 -9999 -9999 -9999 -9999 -9999 -9999 -9999 -9999 -9999 -9999 -9999 299 295 292 290 296 302 300 298 302 307 309 308 306 304 300 277 233 214 225 224 220 204 174 189 146 148 108 91 94 173 203 234 226 200 240 249 268 292 299 301 303 304 305 305 306 306 307 307 308 309 309 310 310 310 311 311 311 312 313 314 315 317 317 316 317 318 319 320 319 318 318
-9999 -9999 -9999 -9999 -9999 -9999 -9999 -9999 -9999 -9999 -9999 -9999 -9999 -9999 -9999 -9999 -9999 -9999 -9999 298 301 299 302 303 294 300 303 307 308 308 306 304 294 274 253 216 209 203 206 152 142 158 132 97 100 101 105 125 164 231 206 228 216 252 270 288 298 301 303 304 303 305 305 305 306 306 308 309 309 309 310 310 311 311 311 312 313 314 315 316 317 317 317 318 318 319 319 318 318
-9999 -9999 -9999 -9999 -9999 -9999 -9999 -9999 -9999 -9999 -9999 -9999 -9999 -9999 -9999 -9999 -9999 -9999 302 302 304 306 311 311 303 302 305 307 309 308 306 304 291 290 252 205 194 188 164 112 146 129 105 104 100 107 110 127 181 233 240 250 248 256 277 289 297 301 303 302 303 304 304 305 306 307 308 309 309 309 310 310 311 311 312 312 313 314 314 315 316 316 316 317 318 318 319 318 318
-9999 -9999 -9999 -9999 -9999 -9999 -9999 -9999 -9999 -9999 -9999 -9999 -9999 -9999 -9999 -9999 -9999 -9999 301 302 311 315 318 312 308 302 308 309 309 308 306 303 296 288 265 230 172 178 155 129 164 157 86 101 123 128 153 176 208 239 258 262 263 269 288 296 298 301 303 302 303 304 305 305 304 305 308 309 308 308 310 310 310 311 312 312 314 314 315 314 316 315 315 316 317 317 318 318 318
-9999 -9999 -9999 -9999 -9999 -9999 -9999 -9999 -9999 -9999 -9999 -9999 -9999 -9999 -9999 -9999 -9999 -9999 303 300 313 318 317 311 299 306 309 310 309 307 306 303 298 288 261 205 169 162 126 164 186 170 128 105 117 115 171 231 236 251 270 272 273 273 292 298 300 301 301 302 303 304 304 304 306 307 307 307 307 308 309 310 310 311 311 312 313 315 314 314 315 314 314 315 316 316 317 318 318
-9999 -9999 -9999 -9999 -9999 -9999 -9999 -9999 -9999 -9999 -9999 -9999 -9999 -9999 -9999 -9999 -9999 309 312 310 311 315 313 310 306 306 311 311 309 307 306 304 300 290 262 208 145 141 121 162 196 168 112 116 123 149 192 242 243 262 281 278 273 271 296 299 300 301 301 302 303 303 304 305 306 306 306 307 308 309 309 310 310 310 311 311 312 313 313 313 314 314 314 315 315 315 315 316 317
-9999 -9999 -9999 -9999 -9999 -9999 -9999 -9999 -9999 -9999 -9999 -9999 -9999 -9999 297 301 305 305 313 307 301 304 299 307 305 309 312 311 309 307 306 304 300 289 248 199 140 127 115 177 200 165 110 117 146 171 196 247 248 279 288 280 281 290 298 299 299 300 301 301 302 303 304 306 305 306 304 305 307 309 309 310 310 311 311 311 311 312 312 312 314 314 315 314 315 315 315 315 316
-9999 -9999 -9999 -9999 -9999 -9999 -9999 -9999 -9999 -9999 -9999 -9999 -9999 288 288 294 298 299 311 310 308 302 292 292 306 312 313 311 309 307 306 304 295 260 232 193 137 95 110 173 202 194 148 118 131 203 233 250 264 286 290 291 295 297 296 298 299 300 302 303 304 305 305 306 307 307 305 305 306 308 308 309 309 310 310 311 311 312 311 311 313 314 314 315 314 315 314 314 315
-9999 -9999 -9999 -9999 -9999 -9999 -9999 -9999 -9999 -9999 -9999 -9999 -9999 291 292 297 295 299 305 307 301 301 300 301 311 314 313 311 309 308 307 305 299 275 242 205 173 122 102 127 187 202 139 120 146 169 236 243 270 286 289 293 295 295 296 299 301 301 302 303 305 305 306 307 307 308 306 305 306 307 307 308 309 310 309 310 311 311 310 311 312 312 312 314 315 315 314 313 315
-9999 -9999 -9999 -9999 -9999 -9999 -9999 -9999 -9999 -9999 -9999 -9999 -9999 -9999 299 297 290 292 303 310 305 307 310 312 314 314 313 311 310 309 307 304 297 280 226 207 168 104 115 153 203 217 146 121 141 182 230 248 271 282 282 289 291 293 295 298 300 302 303 302 303 304 306 307 308 308 308 308 308 309 308 309 309 309 310 310 310 310 310 310 312 312 313 313 315 315 315 313 314
-9999 -9999 -9999 -9999 -9999 -9999 -9999 -9999 -9999 -9999 -9999 -9999 -9999 -9999 -9999 296 283 290 295 299 303 305 310 313 315 315 313 311 311 309 308 306 284 255 223 177 149 116 145 182 209 223 187 178 167 234 227 254 271 274 275 284 291 297 298 298 300 302 303 305 304 304 305 307 307 308 308 309 309 309 309 310 309 310 309 309 310 310 310 310 312 312 313 313 313 315 315 314 313
-9999 -9999 -9999 -9999 -9999 -9999 -9999 -9999 -9999 -9999 -9999 -9999 -9999 -9999 -9999 294 290 281 284 294 306 309 311 313 315 316 314 312 311 310 309 299 274 250 210 148 100 110 101 133 194 203 224 221 229 244 240 259 266 270 270 275 288 289 294 298 299 301 303 305 306 305 305 307 307 307 307 308 308 308 309 309 310 310 310 308 309 311 310 310 311 312 312 313 313 314 314 315 313
-9999 -9999 -9999 -9999 -9999 -9999 -9999 -9999 -9999 -9999 -9999 -9999 -9999 -9999 -9999 285 289 284 289 300 306 307 311 312 314 315 314 312 311 310 310 301 281 257 220 164 121 87 70 134 149 186 176 184 217 245 255 261 268 272 274 285 287 293 296 298 299 302 303 304 305 306 307 308 308 308 308 308 309 309 309 310 310 309 310 310 310 310 311 311 311 312 312 313 313 313 314 314 314
-9999 -9999 -9999 -9999 -9999 -9999 -9999 -9999 -9999 -9999 -9999 -9999 -9999 -9999 295 285 284 283 296 301 303 309 311 312 312 313 313 312 311 311 310 304 270 242 222 181 167 108 131 162 144 200 173 173 220 243 256 267 270 274 285 289 287 290 295 297 298 299 301 303 305 305 306 307 308 309 309 309 309 310 310 310 310 310 310 310 311 311 312 312 312 312 312 312 313 313 314 314 314
-9999 -9999 -9999 -9999 -9999 -9999 -9999 -9999 -9999 -9999 -9999 -9999 -9999 -9999 292 282 281 285 299 300 304 309 312 312 313 313 312 312 312 311 311 304 287 252 214 190 181 121 152 193 212 202 124 140 187 244 261 269 273 270 283 290 294 291 292 296 300 301 302 304 306 307 308 308 308 309 309 309 310 310 311 311 311 311 311 311 311 311 311 311 312 312 312 312 313 314 314 314 314
-9999 -9999 -9999 -9999 -9999 -9999 -9999 -9999 -9999 -9999 -9999 -9999 -9999 -9999 296 289 282 280 290 297 302 309 313 314 315 314 313 312 312 311 311 308 300 244 209 199 169 104 151 176 212 147 108 143 188 233 259 269 272 274 282 288 294 295 296 298 300 302 303 302 304 305 307 308 309 310 310 310 310 310 310 310 310 311 310 310 310 308 309 310 310 310 313 312 313 313 314 314 314
-9999 -9999 -9999 -9999 -9999 -9999 -9999 -9999 -9999 -9999 -9999 -9999 -9999 -9999 -9999 296 280 271 288 302 309 313 315 316 316 315 313 312 312 312 312 311 306 254 215 197 168 122 131 159 194 146 117 176 228 245 257 266 271 276 280 290 292 293 297 299 300 301 302 305 305 307 308 308 309 310 311 310 310 310 311 310 311 310 310 310 310 310 309 310 310 310 312 313 312 313 313 314 313
-9999 -9999 -9999 -9999 -9999 -9999 -9999 -9999 -9999 -9999 -9999 -9999 -9999 -9999 -9999 299 295 279 285 300 309 313 315 317 316 315 313 313 312 312 312 311 307 247 220 206 193 134 133 168 179 149 127 139 201 246 258 266 273 278 282 288 294 295 297 300 302 302 303 304 306 307 309 309 310 310 311 311 311 311 312 311 311 311 311 311 311 311 311 311 311 311 311 313 312 312 312 312 313
-9999 -9999 -9999 -9999 -9999 -9999 -9999 -9999 -9999 -9999 -9999 -9999 -9999 -9999 -9999 301 300 296 288 292 305 310 311 314 314 314 313 314 313 312 312 311 309 274 231 214 213 146 121 164 151 125 134 161 206 247 257 267 273 277 281 289 292 296 298 300 302 304 305 305 305 306 307 309 310 311 311 311 312 312 312 312 311 311 312 311 311 311 312 311 312 311 310 312 313 312 311 311 312
-9999 -9999 -9999 -9999 -9999 -9999 -9999 -9999 -9999 -9999 -9999 -9999 -9999 -9999 -9999 302 304 302 301 297 298 303 307 312 313 313 314 314 314 313 312 311 310 283 218 228 229 157 146 146 138 115 133 142 211 246 258 270 274 273 278 289 293 297 300 302 303 305 305 307 307 307 308 310 310 311 312 312 312 312 312 312 312 311 312 312 312 312 311 311 311 312 312 312 312 313 313 312 312
-9999 -9999 -9999 -9999 -9999 -9999 -9999 -9999 -9999 -9999 -9999 -9999 -9999 -9999 -9999 301 301 302 301 299 299 303 303 307 311 314 314 315 315 314 312 311 309 302 252 253 221 167 167 138 125 135 145 186 222 255 263 269 272 275 278 291 294 298 303 305 306 307 308 308 307 308 308 309 310 311 312 312 312 313 313 313 312 312 312 312 312 312 312 312 311 311 312 313 313 313 313 313 313
-9999 -9999 -9999 -9999 -9999 -9999 -9999 -9999 -9999 -9999 -9999 -9999 296 298 300 300 300 305 306 306 306 310 312 313 313 315 316 316 316 315 313 312 309 304 290 243 194 203 170 127 122 126 164 205 239 257 270 274 273 271 271 293 295 300 305 307 308 309 309 310 309 309 309 309 310 310 311 312 313 312 313 313 313 313 312 312 312 312 313 313 312 311 311 312 313 313 313 313 314
-9999 -9999 -9999 -9999 -9999 -9999 -9999 -9999 -9999 -9999 -9999 -9999 -9999 299 300 302 305 308 309 308 311 313 314 315 316 316 317 318 318 316 315 313 310 302 271 247 231 186 144 124 112 124 164 206 235 256 277 273 271 260 277 298 297 302 309 309 310 311 311 312 311 310 310 311 311 311 311 311 313 313 313 313 314 313 313 313 312 312 313 313 313 312 311 312 313 312 313 313 314
-9999 -9999 -9999 -9999 -9999 -9999 -9999 -9999 -9999 -9999 -9999 -9999 -9999 -9999 302 305 307 306 310 310 314 316 317 317 317 317 318 317 317 317 316 314 307 277 243 218 184 127 104 123 125 140 169 199 240 269 285 268 277 266 278 304 305 304 311 312 312 312 312 313 312 311 310 311 312 311 312 312 312 313 313 313 313 314 314 313 313 313 313 313 313 313 311 312 312 312 312 313 314
-9999 -9999 -9999 -9999 -9999 -9999 -9999 -9999 -9999 -9999 -9999 -9999 -9999 -9999 -9999 -9999 -9999 312 308 314 316 318 318 318 318 318 319 319 319 317 317 314 302 265 243 199 153 117 118 139 161 170 146 191 252 280 288 266 280 282 287 309 310 310 313 313 313 313 313 313 313 312 312 312 312 311 311 312 313 313 313 313 313 313 314 314 313 313 313 313 312 313 312 313 312 311 312 313 314
-9999 -9999 -9999 -9999 -9999 -9999 -9999 -9999 -9999 -9999 -9999 -9999 -9999 -9999 -9999 -9999 -9999 -9999 313 318 319 320 320 -9999 319 319 319 320 321 320 317 306 273 243 198 176 166 158 153 173 187 215 212 226 260 285 286 267 279 294 298 311 311 313 314 315 314 314 314 314 313 313 313 313 313 312 312 312 312 313 312 313 312 313 314 314 314 313 313 312 311 313 312 313 312 312 313 313 314
-9999 -9999 -9999 -9999 -9999 -9999 -9999 -9999 -9999 -9999 -9999 -9999 -9999 -9999 -9999 -9999 -9999 -9999 -9999 321 321 -9999 -9999 -9999 319 319 320 321 322 317 293 264 232 161 121 113 137 152 155 174 212 217 252 269 277 294 280 264 285 292 306 313 312 314 315 315 315 315 315 315 314 314 314 314 314 313 313 313 313 313 314 313 313 313 314 314 314 314 313 312 312 312 314 314 312 312 312 313 314
-9999 -9999 -9999 -9999 -9999 -9999 -9999 -9999 -9999 -9999 -9999 -9999 -9999 -9999 -9999 -9999 -9999 -9999 -9999 -9999 320 -9999 319 318 -9999 -9999 -9999 320 315 292 227 232 142 106 109 129 160 196 186 180 206 176 225 288 294 294 275 271 291 294 310 314 312 315 316 316 316 315 315 315 315 315 314 315 315 314 314 314 314 313 313 314 314 313 314 314 314 314 314 313 312 312 313 313 312 312 312 312 314
-9999 -9999 -9999 -9999 -9999 -9999 -9999 -9999 -9999 -9999 -9999 -9999 -9999 -9999 -9999 -9999 -9999 -9999 -9999 -9999 -9999 318 317 317 316 -9999 318 317 298 263 201 158 109 110 121 145 197 217 209 206 194 200 252 278 297 284 259 284 298 297 311 315 316 316 316 316 316 316 315 315 315 315 315 314 314 315 315 314 314 314 313 314 314 313 312 313 314 314 314 314 313 313 313 313 313 313 313 312 312
-9999 -9999 -9999 -9999 -9999 -9999 -9999 -9999 -9999 -9999 -9999 -9999 -9999 -9999 -9999 -9999 -9999 -9999 -9999 -9999 -9999 317 317 317 -9999 -9999 317 317 313 285 246 153 107 117 139 196 219 212 219 181 173 194 249 287 285 284 273 294 305 311 307 316 317 317 317 317 317 317 316 316 316 315 316 315 314 315 315 315 313 314 315 314 313 314 313 312 313 314 314 315 313 314 314 313 314 313 313 313 313
-9999 -9999 -9999 -9999 -9999 -9999 -9999 -9999 -9999 -9999 -9999 -9999 -9999 -9999 -9999 -9999 -9999 -9999 -9999 -9999 -9999 314 316 -9999 -9999 -9999 316 315 305 267 210 168 120 131 158 198 202 183 217 167 166 221 268 279 283 293 281 298 301 312 309 317 317 317 317 317 317 317 317 317 317 316 317 316 315 316 316 315 314 314 314 314 314 314 314 313 312 313 313 314 314 314 314 314 314 314 314 313 314
-9999 -9999 -9999 -9999 -9999 -9999 -9999 -9999 -9999 -9999 -9999 -9999 -9999 -9999 -9999 -9999 -9999 -9999 -9999 -9999 -9999 -9999 -9999 -9999 -9999 -9999 315 300 268 256 189 116 121 126 163 195 184 191 204 154 190 247 285 289 291 298 299 310 311 315 312 316 318 318 318 318 318 317 317 317 317 317 317 317 316 316 317 316 315 315 315 314 315 314 314 314 312 312 312 313 314 314 315 314 314 314 315 314 314
-9999 -9999 -9999 -9999 -9999 -9999 -9999 -9999 -9999 -9999 -9999 -9999 -9999 -9999 -9999 -9999 -9999 -9999 -9999 -9999 -9999 -9999 -9999 -9999 -9999 314 315 296 240 163 152 144 145 171 190 168 183 187 181 160 200 271 283 285 277 292 288 303 300 316 312 316 318 318 318 318 318 318 318 318 318 318 318 318 317 317 316 316 316 316 316 315 314 314 314 315 313 313 313 313 315 314 315 315 315 315 315 315 315
-9999 -9999 -9999 -9999 -9999 -9999 -9999 -9999 -9999 -9999 -9999 -9999 -9999 -9999 -9999 -9999 -9999 -9999 -9999 -9999 -9999 -9999 -9999 -9999 312 313 314 273 234 202 173 191 215 238 189 158 177 167 190 231 230 272 288 266 273 292 270 285 305 317 314 316 319 319 319 319 319 319 318 318 318 318 318 318 318 317 317 317 316 316 316 316 315 314 314 314 314 313 313 313 314 315 315 315 314 314 314 316 316
