bio_clim/bio_5.asc
ncols         156
nrows         252
xllcorner     -82
yllcorner     -8
cellsize      0.083333337679505
NODATA_value  -9999
[rows 195 to 233 of 252, columns 0 to 88 of 156]
-9999 -9999 -9999 -9999 -9999 -9999 -9999 -9999 -9999 -9999 -9999 -9999 -9999 -9999 -9999 -9999 -9999 -9999 -9999 -9999 -9999 -9999 -9999 311 312 314 314 304 288 273 258 262 277 224 165 179 160 189 199 231 268 276 287 260 256 282 261 274 301 316 313 316 319 319 319 319 319 319 319 319 319 319 318 318 318 318 317 317 317 317 317 316 316 315 314 314 314 314 314 314 314 315 315 316 315 315 314 315 316
-9999 -9999 -9999 -9999 -9999 -9999 -9999 -9999 -9999 -9999 -9999 -9999 -9999 -9999 -9999 -9999 -9999 -9999 -9999 -9999 319 318 316 315 314 315 314 297 279 275 270 272 261 190 202 177 152 177 226 221 285 280 286 252 268 270 268 276 303 317 313 316 319 320 320 320 320 320 319 319 319 319 319 319 319 318 318 318 317 317 317 316 316 315 315 315 315 314 314 314 315 315 316 316 316 316 315 315 317
-9999 -9999 -9999 -9999 -9999 -9999 -9999 -9999 -9999 -9999 -9999 -9999 -9999 -9999 -9999 -9999 -9999 -9999 -9999 -9999 321 321 320 319 317 313 297 277 214 206 183 225 256 235 200 172 193 203 227 273 286 293 284 250 281 278 283 299 309 316 315 314 320 320 321 320 320 320 320 320 320 320 319 319 319 319 319 318 318 317 317 317 316 316 315 315 315 314 315 314 315 315 315 316 316 317 317 317 317
-9999 -9999 -9999 -9999 -9999 -9999 -9999 -9999 -9999 -9999 -9999 -9999 -9999 -9999 -9999 -9999 -9999 -9999 323 323 323 323 323 322 317 307 286 256 217 166 155 177 225 184 173 169 252 223 207 275 285 296 289 261 286 288 298 304 309 315 320 316 319 321 321 321 321 321 321 320 320 320 320 320 320 319 319 319 318 318 317 317 317 316 316 315 315 315 315 315 315 315 315 316 316 317 317 318 317
-9999 -9999 -9999 -9999 -9999 -9999 -9999 -9999 -9999 -9999 -9999 -9999 -9999 -9999 -9999 -9999 -9999 322 324 323 322 324 322 319 315 309 289 272 275 264 194 155 181 188 167 190 274 249 252 277 278 294 277 277 294 289 298 306 310 315 320 320 310 321 321 321 321 321 321 321 321 321 321 320 320 320 319 319 319 318 318 317 317 316 316 316 315 315 315 314 315 315 316 316 316 317 317 318 318
-9999 -9999 -9999 -9999 -9999 -9999 -9999 -9999 -9999 -9999 -9999 -9999 -9999 -9999 -9999 323 319 315 324 323 321 322 322 314 298 302 292 292 295 285 219 163 173 175 171 203 246 280 284 283 281 285 266 277 297 289 300 302 305 312 320 321 305 320 321 322 322 322 322 322 321 321 321 321 320 320 320 319 319 319 318 318 317 317 316 317 316 315 315 315 315 315 316 316 317 317 318 318 319
-9999 -9999 -9999 -9999 -9999 -9999 -9999 -9999 -9999 -9999 -9999 -9999 -9999 -9999 323 323 317 317 321 312 310 310 310 301 295 296 295 296 298 296 253 191 187 190 195 207 235 284 286 293 286 277 259 287 301 294 298 304 308 311 320 320 305 320 322 322 323 323 322 322 322 322 321 321 320 320 320 320 319 319 318 318 318 317 317 316 317 316 316 315 316 316 316 317 317 318 318 318 319
-9999 -9999 -9999 -9999 -9999 -9999 -9999 -9999 -9999 -9999 -9999 -9999 -9999 -9999 320 318 319 317 311 290 293 299 302 300 296 292 293 294 292 278 233 221 201 213 227 224 242 291 289 290 275 269 247 280 302 296 291 294 302 313 320 322 316 315 322 322 323 323 323 323 322 322 322 322 321 321 321 320 320 319 319 318 318 317 317 317 316 316 316 316 316 316 317 317 318 318 318 319 319
-9999 -9999 -9999 -9999 -9999 -9999 -9999 -9999 -9999 -9999 -9999 -9999 320 319 315 313 318 307 303 308 302 307 295 293 287 272 248 269 277 262 248 279 233 221 205 238 235 289 278 290 285 259 274 287 290 298 295 290 292 312 321 322 322 307 322 323 324 324 323 323 323 322 322 322 322 321 321 321 320 319 319 319 318 318 318 317 317 317 316 317 317 317 317 318 318 319 319 319 320
-9999 -9999 -9999 -9999 -9999 -9999 -9999 -9999 -9999 -9999 -9999 -9999 320 317 313 314 306 299 314 300 311 302 294 289 265 236 288 295 261 288 277 294 248 212 196 231 275 283 270 283 291 274 286 286 273 293 293 303 298 315 322 323 322 303 321 322 323 324 324 323 322 322 322 321 321 321 321 320 320 320 319 319 319 318 318 318 317 317 317 318 318 318 318 319 319 319 320 320 320
-9999 -9999 -9999 -9999 -9999 -9999 -9999 -9999 -9999 -9999 -9999 317 317 314 311 294 274 299 310 299 302 301 297 278 268 290 293 284 279 298 264 273 257 214 186 217 282 242 243 268 290 284 291 292 271 287 285 294 311 320 321 323 321 304 322 322 324 324 323 323 323 322 322 322 322 321 321 320 320 320 320 319 319 319 318 318 318 318 318 318 318 319 319 319 319 320 320 321 321
-9999 -9999 -9999 -9999 -9999 -9999 -9999 -9999 -9999 -9999 313 307 316 315 298 278 277 303 308 310 308 312 302 303 300 296 284 277 287 277 234 225 279 249 181 200 259 236 276 281 288 291 290 300 289 298 276 296 313 321 321 323 314 308 323 324 325 325 324 323 323 323 322 322 322 321 321 321 320 320 320 319 319 319 319 319 318 318 319 319 319 319 320 320 320 321 321 321 321
-9999 -9999 -9999 -9999 -9999 -9999 -9999 -9999 -9999 306 306 308 308 304 290 281 298 313 316 314 318 322 319 309 296 260 279 253 269 267 264 237 256 258 188 198 218 243 273 291 293 298 299 303 290 307 290 301 310 321 322 324 314 309 322 323 324 325 324 324 323 323 323 323 322 322 321 321 321 320 320 320 319 319 319 319 319 319 319 320 320 320 321 321 321 321 322 322 322
-9999 -9999 -9999 -9999 -9999 -9999 -9999 -9999 -9999 310 311 311 309 302 287 297 308 319 321 324 325 326 319 309 317 305 293 249 275 255 292 257 210 247 203 227 230 273 276 294 294 303 298 306 305 312 308 304 314 320 322 324 320 308 323 324 324 324 324 324 323 323 323 323 322 322 322 321 321 321 320 320 320 319 319 319 319 320 320 320 321 321 321 322 322 322 322 322 322
-9999 -9999 -9999 -9999 -9999 -9999 -9999 -9999 317 315 313 315 312 300 299 308 316 323 325 329 328 326 322 309 317 308 289 282 289 274 293 238 187 200 217 238 245 266 288 284 293 299 308 302 305 309 311 310 317 320 322 324 315 319 326 324 324 324 324 324 324 323 323 323 322 322 322 321 321 321 321 320 320 320 320 320 320 320 321 321 321 322 322 322 323 323 324 323 323
-9999 -9999 -9999 -9999 -9999 -9999 -9999 -9999 -9999 314 314 308 301 302 309 315 320 326 330 328 326 322 317 311 307 282 287 249 263 284 270 218 201 204 256 268 244 267 263 275 284 300 305 293 305 310 309 312 318 320 321 318 309 323 325 324 324 324 324 324 323 323 323 322 322 322 322 322 321 321 321 321 321 320 320 320 321 321 321 322 322 322 323 323 324 323 323 324 324
-9999 -9999 -9999 -9999 -9999 -9999 -9999 -9999 315 314 313 302 294 301 319 323 323 329 331 328 327 321 305 308 302 279 255 231 259 243 244 194 198 245 286 266 262 251 236 263 291 298 304 293 300 310 309 314 317 319 319 312 316 322 323 324 324 324 323 323 323 323 322 321 322 321 321 321 321 321 321 321 321 321 321 321 322 322 322 322 323 323 323 324 324 324 324 324 324
-9999 -9999 -9999 -9999 -9999 -9999 -9999 -9999 317 319 317 312 311 318 326 327 328 333 332 330 329 326 316 294 266 272 258 264 258 225 188 174 195 234 292 271 243 238 271 279 285 301 295 297 303 309 309 315 314 317 305 302 319 322 322 323 324 323 323 322 322 322 322 321 321 321 321 321 321 321 321 321 321 321 321 321 322 322 323 323 323 324 324 324 324 325 325 325 325
-9999 -9999 -9999 -9999 -9999 -9999 -9999 -9999 -9999 321 321 321 323 327 329 331 333 333 332 330 332 329 309 283 250 220 260 265 262 248 186 187 226 262 291 278 239 233 270 277 288 300 292 301 308 309 309 313 316 315 296 307 316 321 321 322 323 322 322 322 322 322 322 321 321 321 321 321 321 321 321 321 321 321 322 322 323 323 324 324 324 324 325 325 325 325 325 326 326
-9999 -9999 -9999 -9999 -9999 -9999 -9999 -9999 -9999 -9999 324 325 328 331 332 333 333 333 335 336 336 334 311 273 235 191 222 260 273 261 222 195 227 261 293 287 264 252 277 285 292 302 294 304 306 307 309 313 315 314 296 304 308 317 321 321 321 321 322 322 322 322 322 322 322 322 321 321 321 321 321 321 321 321 322 323 323 324 324 325 325 325 325 325 325 326 326 326 326
-9999 -9999 -9999 -9999 -9999 -9999 -9999 -9999 -9999 -9999 -9999 325 326 329 331 333 335 336 335 336 337 335 325 286 264 211 197 251 258 249 180 218 258 274 300 293 272 248 276 282 287 301 298 305 304 302 306 312 314 310 296 299 305 310 318 320 320 321 321 321 322 321 321 321 321 321 321 321 321 321 321 321 322 322 323 323 324 324 324 325 326 326 326 326 326 326 327 327 327
-9999 -9999 -9999 -9999 -9999 -9999 -9999 -9999 -9999 -9999 -9999 325 327 330 332 335 337 335 333 334 335 337 331 310 282 262 238 216 210 195 170 203 218 235 293 298 293 263 286 248 266 292 304 308 307 293 295 308 307 286 282 289 296 302 313 319 320 320 320 320 320 320 320 320 321 321 321 321 321 321 321 321 322 323 323 324 325 325 325 326 326 326 326 326 327 327 327 327 328
-9999 -9999 -9999 -9999 -9999 -9999 -9999 -9999 -9999 -9999 323 325 327 330 332 336 338 337 332 330 333 336 335 331 315 290 265 241 227 186 193 204 212 241 281 282 304 274 286 247 276 287 298 307 309 305 297 303 311 300 284 286 296 297 298 312 318 319 319 319 320 320 320 319 319 319 320 320 320 321 321 322 322 323 324 325 325 325 326 327 327 327 327 328 327 327 328 328 328
-9999 -9999 -9999 -9999 -9999 -9999 -9999 -9999 -9999 323 320 323 323 330 333 337 339 337 331 328 332 333 334 333 331 320 303 296 267 199 238 194 188 218 255 266 284 299 301 256 266 274 304 309 311 304 302 297 294 303 293 284 297 294 294 296 305 311 318 319 318 318 319 317 317 317 318 320 320 321 322 322 323 324 324 325 326 326 327 327 327 328 328 328 329 329 329 328 329
-9999 -9999 -9999 -9999 -9999 -9999 -9999 -9999 -9999 -9999 -9999 322 326 330 333 336 337 336 331 328 329 331 332 330 328 315 323 314 270 189 237 213 232 259 270 248 265 285 310 282 253 267 304 303 302 296 287 292 272 286 281 281 295 283 287 294 292 294 304 315 318 317 318 317 317 316 317 318 320 321 322 323 323 324 325 326 326 327 327 328 328 328 329 329 329 329 329 330 330
-9999 -9999 -9999 -9999 -9999 -9999 -9999 -9999 -9999 -9999 -9999 -9999 328 330 333 335 336 334 331 329 327 328 330 331 323 321 317 309 278 216 243 248 228 253 277 273 264 297 314 309 278 275 304 282 280 277 281 279 255 271 273 269 282 275 279 291 296 293 292 292 301 315 316 317 316 316 316 317 318 320 322 323 324 325 326 325 326 327 327 328 328 329 329 330 330 330 330 330 330
-9999 -9999 -9999 -9999 -9999 -9999 -9999 -9999 -9999 -9999 -9999 -9999 -9999 330 332 333 334 333 331 328 326 326 327 327 322 313 310 312 283 250 235 252 208 227 267 286 291 303 313 313 305 299 301 274 232 262 276 282 257 263 260 265 274 269 268 275 290 293 291 295 289 290 312 316 316 316 316 316 318 320 322 324 325 326 326 326 326 326 327 329 329 330 330 330 330 330 330 330 331
-9999 -9999 -9999 -9999 -9999 -9999 -9999 -9999 -9999 -9999 -9999 -9999 -9999 329 330 331 332 332 331 329 327 326 325 324 319 308 299 308 287 259 218 251 198 193 244 259 269 290 312 307 311 312 285 245 214 251 246 244 260 252 262 268 279 263 267 276 281 277 282 287 286 282 292 314 316 316 316 317 317 320 323 325 326 327 326 326 325 326 327 328 329 330 330 330 331 331 331 331 331
-9999 -9999 -9999 -9999 -9999 -9999 -9999 -9999 -9999 -9999 -9999 -9999 -9999 -9999 329 330 331 330 330 329 327 326 325 324 324 325 312 300 276 242 238 256 226 196 252 239 248 273 304 311 314 313 304 267 219 201 203 233 254 239 252 262 277 271 272 274 271 271 276 278 284 281 278 307 316 316 317 318 319 321 323 326 327 326 326 326 327 326 327 328 330 331 331 332 332 332 332 332 332
-9999 -9999 -9999 -9999 -9999 -9999 -9999 -9999 -9999 -9999 -9999 -9999 -9999 -9999 327 328 329 329 329 328 327 326 326 326 325 325 320 294 251 234 234 253 231 189 244 266 237 267 302 311 312 311 311 298 278 236 203 229 243 236 222 251 270 286 290 288 283 287 286 286 278 275 281 301 315 316 317 318 321 323 324 327 327 327 327 328 328 328 329 329 331 332 332 332 332 332 333 333 333
-9999 -9999 -9999 -9999 -9999 -9999 -9999 -9999 -9999 -9999 -9999 -9999 -9999 325 325 326 327 328 328 327 327 326 326 326 324 325 322 308 266 238 252 260 234 226 234 271 237 246 295 307 295 302 301 304 305 275 222 206 225 239 208 223 220 266 283 290 291 290 289 289 289 278 270 290 307 316 316 319 321 324 326 328 327 327 328 328 329 329 330 330 331 332 332 332 332 332 333 333 332
-9999 -9999 -9999 -9999 -9999 -9999 -9999 -9999 -9999 -9999 316 311 320 323 324 325 326 326 326 326 326 326 326 326 324 324 323 317 299 265 223 255 248 248 234 265 274 276 299 306 278 255 255 268 287 290 261 225 239 221 225 196 220 243 269 283 291 291 290 286 288 279 260 291 299 307 314 320 323 325 328 328 329 329 329 329 329 330 331 331 332 333 333 333 333 333 333 333 333
-9999 -9999 -9999 -9999 -9999 -9999 -9999 -9999 -9999 -9999 313 305 314 319 321 322 324 324 325 325 325 324 324 324 323 315 315 317 297 270 225 235 251 267 244 244 253 281 273 295 298 252 238 227 246 263 257 235 251 200 201 196 192 202 242 269 287 291 291 289 280 281 259 276 288 298 317 320 323 325 328 329 330 329 330 330 330 331 331 332 333 334 334 334 334 334 334 333 333
-9999 -9999 -9999 -9999 -9999 -9999 -9999 -9999 -9999 -9999 -9999 307 310 319 322 321 322 323 323 323 323 323 323 323 322 318 317 313 307 280 241 216 210 239 274 276 272 282 268 270 294 284 264 252 203 247 249 204 237 214 205 198 174 174 192 229 274 290 291 289 288 282 273 266 287 290 313 321 323 326 327 329 331 331 330 331 331 331 332 333 333 334 334 334 334 334 334 334 334
-9999 -9999 -9999 -9999 -9999 -9999 -9999 -9999 -9999 -9999 -9999 -9999 316 318 319 320 320 320 321 321 322 322 322 322 321 319 310 317 309 276 217 175 177 219 255 263 247 269 256 247 280 277 286 261 217 227 215 200 214 234 222 192 186 178 185 222 261 280 290 287 279 285 282 283 280 293 306 320 324 326 327 329 331 332 332 332 332 332 332 333 334 335 335 335 334 334 334 334 334
-9999 -9999 -9999 -9999 -9999 -9999 -9999 -9999 -9999 -9999 -9999 -9999 -9999 317 318 318 319 319 320 320 320 320 320 320 320 318 316 319 310 276 224 186 175 185 231 266 246 259 225 237 242 271 268 281 258 227 203 201 224 231 221 219 209 203 198 230 257 269 286 278 272 277 288 291 291 300 303 314 323 326 328 330 331 331 333 334 333 332 333 334 335 335 335 335 335 335 334 334 334
-9999 -9999 -9999 -9999 -9999 -9999 -9999 -9999 -9999 -9999 -9999 -9999 -9999 -9999 317 317 317 318 318 318 319 318 319 319 319 318 318 318 316 293 254 234 209 177 224 245 254 231 205 229 233 252 250 269 261 251 234 197 229 208 194 216 205 222 222 216 227 259 264 266 262 265 280 289 295 286 288 305 323 326 329 331 331 330 334 334 334 333 333 335 336 336 336 335 335 335 335 334 334
-9999 -9999 -9999 -9999 -9999 -9999 -9999 -9999 -9999 -9999 -9999 -9999 -9999 -9999 -9999 -9999 316 316 316 317 317 317 317 317 317 317 317 313 312 297 295 272 212 170 212 222 246 222 217 220 226 212 237 247 269 245 230 191 207 222 195 212 235 251 242 230 218 232 253 252 258 269 273 286 305 302 297 298 312 308 319 331 331 333 334 335 335 333 335 336 336 336 336 336 335 335 335 335 334
-9999 -9999 -9999 -9999 -9999 -9999 -9999 -9999 -9999 -9999 -9999 -9999 -9999 -9999 -9999 -9999 -9999 -9999 -9999 315 315 316 316 315 316 316 316 315 314 303 294 266 247 245 240 206 232 237 213 202 218 195 230 201 244 270 245 193 193 220 199 208 244 250 251 259 234 233 241 264 262 278 290 293 297 312 316 316 308 309 308 315 326 332 334 335 335 334 335 336 336 337 336 336 336 336 335 334 333
