bio_clim/bio_4.asc
ncols         156
nrows         252
xllcorner     -82
yllcorner     -8
cellsize      0.083333337679505
NODATA_value  -9999
[rows 195 to 233 of 252, columns 0 to 87 of 156]
-9999 -9999 -9999 -9999 -9999 -9999 -9999 -9999 -9999 -9999 -9999 -9999 -9999 -9999 -9999 -9999 -9999 -9999 -9999 -9999 -9999 -9999 -9999 1387 1357 1300 1229 781 300 219 272 336 337 205 590 593 592 582 586 461 397 430 499 502 519 548 529 557 575 538 551 552 532 482 473 494 502 501 477 480 488 482 479 506 466 451 452 457 453 455 464 460 480 457 468 479 476 482 489 477 482 466 446 468 465 431 428 438
-9999 -9999 -9999 -9999 -9999 -9999 -9999 -9999 -9999 -9999 -9999 -9999 -9999 -9999 -9999 -9999 -9999 -9999 -9999 -9999 1372 1356 1311 1284 1270 1247 1113 509 155 267 359 297 285 400 402 560 559 559 445 490 437 451 499 519 516 540 549 550 557 530 555 536 505 496 504 497 495 486 480 492 475 483 486 474 491 483 450 450 459 436 448 452 457 463 439 466 473 459 476 479 485 463 475 464 472 429 430 428
-9999 -9999 -9999 -9999 -9999 -9999 -9999 -9999 -9999 -9999 -9999 -9999 -9999 -9999 -9999 -9999 -9999 -9999 -9999 -9999 1331 1288 1236 1177 1145 992 531 159 147 155 300 188 273 198 353 537 463 476 445 418 469 515 525 491 540 542 573 572 560 533 512 529 519 475 496 467 474 491 503 484 471 475 467 478 477 475 449 458 466 429 448 475 463 441 452 475 457 468 489 487 471 501 516 467 457 446 430 407
-9999 -9999 -9999 -9999 -9999 -9999 -9999 -9999 -9999 -9999 -9999 -9999 -9999 -9999 -9999 -9999 -9999 -9999 1411 1342 1269 1173 1110 1062 968 692 172 271 170 313 404 329 183 374 472 487 311 383 484 432 483 536 513 501 548 559 571 559 539 529 533 511 517 480 468 486 493 492 489 438 441 436 453 451 480 459 452 440 444 436 466 471 450 450 459 468 457 505 489 486 507 500 508 493 486 452 457 435
-9999 -9999 -9999 -9999 -9999 -9999 -9999 -9999 -9999 -9999 -9999 -9999 -9999 -9999 -9999 -9999 -9999 1374 1337 1243 1156 1124 1017 934 825 622 236 328 304 321 209 401 327 315 461 395 344 340 388 442 475 538 516 522 574 560 571 557 525 517 522 495 517 483 462 463 486 471 473 450 469 463 448 454 447 446 441 439 453 465 448 433 441 420 436 444 460 482 471 480 496 489 511 468 496 459 450 417
-9999 -9999 -9999 -9999 -9999 -9999 -9999 -9999 -9999 -9999 -9999 -9999 -9999 -9999 -9999 1559 1392 1209 1244 1179 1058 1023 954 758 388 424 171 251 211 279 165 355 355 369 425 354 325 418 470 482 499 527 500 556 585 568 570 549 554 512 495 494 514 501 462 462 458 470 456 471 442 451 426 429 411 432 441 433 451 413 430 456 465 442 450 467 457 446 484 514 499 487 490 473 472 462 442 430
-9999 -9999 -9999 -9999 -9999 -9999 -9999 -9999 -9999 -9999 -9999 -9999 -9999 -9999 1690 1559 1335 1212 1145 983 840 754 687 442 265 243 171 214 250 261 236 240 290 325 338 361 377 446 497 558 527 523 513 574 563 564 570 547 523 501 484 475 501 480 473 433 456 441 442 454 442 430 406 413 413 419 417 419 411 429 438 459 419 433 441 461 483 467 477 499 486 489 487 454 452 450 415 433
-9999 -9999 -9999 -9999 -9999 -9999 -9999 -9999 -9999 -9999 -9999 -9999 -9999 -9999 1663 1495 1372 1208 1047 675 601 588 549 435 290 165 157 209 225 247 185 196 247 300 324 380 377 532 531 573 517 524 517 561 563 567 575 575 536 488 477 478 471 457 435 444 445 438 427 446 437 431 415 421 422 424 414 408 429 407 419 448 419 432 439 443 450 442 477 500 493 475 456 456 429 409 457 422
-9999 -9999 -9999 -9999 -9999 -9999 -9999 -9999 -9999 -9999 -9999 -9999 1957 1826 1639 1479 1408 1141 983 933 750 718 473 272 159 173 266 275 250 269 235 184 265 330 340 394 420 534 516 582 568 512 556 588 577 563 560 585 570 501 440 469 473 475 452 438 431 411 413 430 425 419 427 418 414 419 416 415 427 406 390 419 423 434 423 450 445 445 463 473 468 468 439 436 423 421 429 427
-9999 -9999 -9999 -9999 -9999 -9999 -9999 -9999 -9999 -9999 -9999 -9999 2001 1839 1674 1530 1288 1082 1171 859 921 684 446 249 159 210 186 206 292 198 191 198 271 314 335 398 506 534 488 589 589 551 588 588 565 574 571 536 521 478 452 468 459 466 432 414 414 415 409 411 392 413 393 394 395 387 384 402 420 409 390 413 415 407 453 419 433 440 435 479 479 446 421 399 411 405 419 432
-9999 -9999 -9999 -9999 -9999 -9999 -9999 -9999 -9999 -9999 -9999 2129 2033 1854 1685 1299 866 1125 1178 903 817 705 501 158 138 189 206 189 207 203 214 231 284 307 335 400 478 452 465 512 616 577 597 587 548 551 571 554 493 452 426 436 421 466 420 397 399 392 412 389 397 394 390 389 374 401 372 373 411 389 379 401 392 434 407 441 439 420 417 429 429 433 410 409 412 400 421 401
-9999 -9999 -9999 -9999 -9999 -9999 -9999 -9999 -9999 -9999 2254 2105 2066 1914 1534 1065 946 1252 1204 1090 960 925 610 540 415 278 155 186 183 193 200 225 314 352 322 357 452 449 536 532 598 591 587 566 568 541 568 527 466 417 413 438 407 450 382 401 397 393 397 357 364 380 383 368 359 392 373 356 371 384 365 366 382 393 412 412 413 399 405 417 433 395 398 407 404 419 409 393
-9999 -9999 -9999 -9999 -9999 -9999 -9999 -9999 -9999 2348 2269 2170 2023 1831 1431 1160 1322 1461 1371 1231 1177 1147 995 695 408 111 152 188 189 198 224 222 301 362 329 335 374 443 502 599 610 597 570 551 566 512 557 518 452 401 407 429 419 427 380 391 372 384 350 362 375 395 372 357 379 374 365 364 384 382 378 394 399 382 391 399 409 393 403 400 422 415 408 405 411 413 415 411
-9999 -9999 -9999 -9999 -9999 -9999 -9999 -9999 -9999 2373 2304 2206 2068 1814 1396 1482 1565 1632 1531 1470 1411 1296 1037 755 751 514 321 155 202 203 272 243 249 330 309 359 388 464 497 597 588 566 558 530 515 466 478 481 434 390 395 402 403 415 357 368 361 343 365 383 369 371 371 375 366 368 362 341 380 376 343 386 381 352 371 379 402 401 401 376 393 417 404 395 389 398 393 411
-9999 -9999 -9999 -9999 -9999 -9999 -9999 -9999 2447 2381 2323 2244 2118 1814 1681 1721 1748 1741 1677 1630 1531 1378 1195 802 830 610 329 259 298 223 294 231 269 279 304 359 397 443 534 519 563 555 517 534 477 453 469 441 400 405 381 390 383 364 370 345 347 365 368 359 373 366 361 352 348 375 365 346 383 375 357 350 368 375 375 355 377 384 374 394 399 398 402 398 373 385 374 395
-9999 -9999 -9999 -9999 -9999 -9999 -9999 -9999 -9999 2392 2320 2194 1940 1885 1898 1882 1863 1847 1818 1700 1561 1376 1152 953 754 343 327 137 188 266 244 214 256 263 335 375 380 430 439 494 517 546 488 551 484 418 443 407 397 375 372 382 417 355 342 344 359 361 365 344 356 368 358 344 339 366 355 356 370 377 330 363 364 357 365 352 374 384 377 389 416 395 381 376 394 395 394 407
-9999 -9999 -9999 -9999 -9999 -9999 -9999 -9999 2446 2393 2348 2095 1842 1871 2078 2035 1958 1947 1893 1777 1671 1454 999 954 738 376 165 115 184 164 189 222 247 283 386 359 373 400 394 425 528 551 496 520 501 419 438 390 389 376 359 409 368 352 352 345 368 344 352 341 347 375 343 325 347 359 347 315 351 344 344 353 366 356 348 361 339 359 383 404 395 376 352 359 371 409 409 411
-9999 -9999 -9999 -9999 -9999 -9999 -9999 -9999 2474 2433 2365 2257 2164 2159 2180 2132 2067 2039 1956 1867 1797 1643 1291 756 306 339 217 220 201 148 210 271 263 269 399 373 341 352 444 452 505 515 501 501 484 422 414 395 368 371 406 435 352 350 346 338 334 347 343 327 338 348 333 327 345 350 339 303 339 333 344 354 336 348 347 359 368 367 373 375 368 359 362 368 383 411 399 380
-9999 -9999 -9999 -9999 -9999 -9999 -9999 -9999 -9999 2451 2400 2368 2325 2298 2242 2188 2122 2053 1981 1901 1860 1738 1238 601 246 186 229 248 225 200 221 259 246 298 388 373 350 351 392 450 482 494 494 471 421 394 397 372 382 361 455 421 375 355 344 329 355 329 326 335 335 358 341 327 331 351 330 333 339 327 342 350 328 342 355 362 375 364 354 370 344 356 390 391 401 384 368 359
-9999 -9999 -9999 -9999 -9999 -9999 -9999 -9999 -9999 -9999 2445 2409 2375 2332 2285 2238 2159 2069 2055 1967 1894 1796 1283 531 240 216 164 231 275 227 220 251 239 295 397 399 354 340 415 472 488 473 490 446 422 401 387 356 372 369 450 420 411 350 339 352 335 340 328 354 347 355 339 350 343 338 320 335 347 326 325 345 309 342 351 364 340 355 360 357 359 382 392 399 380 369 360 382
-9999 -9999 -9999 -9999 -9999 -9999 -9999 -9999 -9999 -9999 -9999 2405 2363 2317 2294 2222 2166 2119 2039 1978 1927 1799 1539 771 394 217 217 229 236 229 281 240 278 304 409 385 356 340 387 439 454 479 475 419 433 441 401 374 366 383 438 425 417 379 358 348 335 330 359 350 363 339 336 336 343 322 304 343 327 320 320 324 338 344 340 376 355 351 359 340 354 375 351 383 376 366 385 384
-9999 -9999 -9999 -9999 -9999 -9999 -9999 -9999 -9999 -9999 -9999 2407 2360 2326 2276 2236 2189 2107 2006 1958 1888 1852 1658 1218 676 374 253 240 238 251 298 272 266 279 355 406 405 353 413 368 402 454 439 397 408 484 455 387 393 475 482 478 446 419 372 338 353 345 348 327 317 335 304 330 336 315 312 335 314 352 330 302 339 332 348 337 335 337 350 365 366 350 361 346 346 395 395 390
-9999 -9999 -9999 -9999 -9999 -9999 -9999 -9999 -9999 -9999 2418 2389 2364 2339 2284 2249 2194 2104 1986 1910 1871 1842 1716 1576 1239 762 399 290 246 277 269 277 274 280 328 359 424 375 391 368 425 439 467 417 398 437 460 407 360 413 482 480 449 439 431 377 357 333 350 328 359 335 338 345 324 301 330 300 303 324 296 339 326 313 307 337 343 354 364 359 353 366 375 366 382 396 394 377
-9999 -9999 -9999 -9999 -9999 -9999 -9999 -9999 -9999 2457 2393 2374 2329 2342 2288 2249 2218 2138 1986 1887 1873 1798 1725 1637 1518 1280 916 705 375 275 271 290 301 285 316 323 351 409 437 382 393 424 432 415 386 415 423 435 464 401 439 471 437 465 467 473 409 356 362 343 359 332 337 350 348 333 330 310 330 300 318 342 284 320 327 342 356 351 356 335 357 381 380 366 378 411 404 385
-9999 -9999 -9999 -9999 -9999 -9999 -9999 -9999 -9999 -9999 -9999 2355 2346 2341 2323 2272 2205 2140 2005 1902 1845 1796 1717 1615 1500 1223 1264 1043 454 315 306 297 287 317 317 310 326 372 443 406 360 415 443 437 429 448 453 444 450 459 471 498 457 482 501 471 481 479 427 384 374 350 371 349 333 323 324 303 320 312 320 296 298 320 329 338 321 352 344 357 373 382 373 374 409 392 382 388
-9999 -9999 -9999 -9999 -9999 -9999 -9999 -9999 -9999 -9999 -9999 -9999 2399 2335 2315 2260 2228 2148 2037 1931 1834 1779 1721 1671 1458 1354 1201 1008 515 337 317 324 312 303 331 330 332 380 438 409 390 403 428 439 412 461 445 459 443 466 501 484 482 491 504 500 473 478 487 477 416 368 339 355 343 323 309 304 316 317 309 309 325 329 337 357 337 343 333 377 367 385 389 413 409 370 380 376
-9999 -9999 -9999 -9999 -9999 -9999 -9999 -9999 -9999 -9999 -9999 -9999 -9999 2371 2315 2265 2230 2141 2062 1935 1857 1788 1719 1679 1496 1282 1138 1104 584 373 315 329 326 317 328 355 341 415 435 424 413 427 413 405 401 432 436 450 437 458 465 497 500 508 504 504 511 482 500 487 491 475 368 356 350 351 312 301 327 314 316 323 323 317 342 342 337 345 345 374 357 377 385 407 399 393 418 407
-9999 -9999 -9999 -9999 -9999 -9999 -9999 -9999 -9999 -9999 -9999 -9999 -9999 2360 2328 2278 2208 2166 2098 1982 1907 1837 1728 1655 1484 1224 1019 1075 672 413 350 351 365 366 340 333 342 365 409 423 412 427 415 401 409 400 421 433 455 450 461 484 504 496 511 511 527 529 543 539 536 541 443 337 351 325 309 330 311 322 319 325 342 323 322 349 335 354 356 366 377 373 386 403 399 379 405 395
-9999 -9999 -9999 -9999 -9999 -9999 -9999 -9999 -9999 -9999 -9999 -9999 -9999 -9999 2334 2295 2266 2196 2127 2066 1943 1875 1786 1700 1631 1575 1273 1009 612 407 368 386 354 360 346 352 326 343 396 411 445 453 425 397 399 422 421 418 439 420 459 471 489 507 522 526 553 551 545 551 555 562 528 385 352 310 330 329 317 319 305 335 322 335 345 351 368 372 363 384 384 364 375 389 399 407 384 409
-9999 -9999 -9999 -9999 -9999 -9999 -9999 -9999 -9999 -9999 -9999 -9999 -9999 -9999 2343 2322 2268 2196 2164 2088 2034 1932 1840 1797 1700 1647 1485 1000 519 422 419 407 379 396 354 362 351 342 394 442 449 432 433 418 421 407 411 421 417 440 439 468 484 502 517 531 556 569 571 569 573 557 562 438 344 332 339 324 322 328 339 343 324 359 335 355 362 366 371 384 403 402 421 409 404 409 413 413
-9999 -9999 -9999 -9999 -9999 -9999 -9999 -9999 -9999 -9999 -9999 -9999 -9999 2406 2364 2332 2265 2251 2199 2127 2062 1984 1927 1856 1751 1700 1576 1265 676 459 470 462 401 395 395 395 376 363 417 460 411 419 413 437 433 419 419 433 413 454 451 460 468 496 539 547 543 578 579 575 602 573 555 502 382 354 339 317 338 338 345 335 335 352 335 364 366 374 397 384 387 390 417 415 428 425 419 419
-9999 -9999 -9999 -9999 -9999 -9999 -9999 -9999 -9999 -9999 2474 2356 2437 2430 2366 2347 2289 2264 2229 2179 2107 2041 1997 1918 1823 1760 1683 1497 1115 638 466 496 443 425 409 430 421 411 437 494 404 390 411 394 430 434 433 425 419 432 441 473 449 473 521 555 572 571 615 642 638 591 541 539 444 380 354 320 351 343 350 337 357 345 356 366 364 374 374 387 389 398 412 414 414 409 409 421
-9999 -9999 -9999 -9999 -9999 -9999 -9999 -9999 -9999 -9999 2433 2315 2384 2384 2377 2364 2335 2282 2241 2200 2133 2087 2043 1968 1909 1695 1646 1582 1153 760 500 502 527 522 452 422 427 472 427 465 504 416 402 409 421 442 440 419 432 446 467 461 472 484 487 541 579 608 614 656 627 599 556 552 530 439 343 353 342 361 373 364 370 383 383 385 388 374 380 389 407 415 421 429 444 421 457 439
-9999 -9999 -9999 -9999 -9999 -9999 -9999 -9999 -9999 -9999 -9999 2366 2377 2421 2408 2380 2346 2305 2295 2235 2178 2131 2093 2029 1946 1815 1756 1611 1404 924 582 495 479 501 587 563 522 521 467 446 530 466 431 427 440 451 444 441 435 450 444 468 492 500 495 499 571 608 632 650 658 602 560 545 530 477 370 354 362 364 375 380 356 359 375 399 390 390 411 409 415 418 410 417 411 435 448 444
-9999 -9999 -9999 -9999 -9999 -9999 -9999 -9999 -9999 -9999 -9999 -9999 2468 2444 2410 2397 2352 2326 2281 2272 2227 2176 2132 2065 2040 1924 1692 1773 1526 961 579 524 512 520 552 570 496 530 459 446 486 487 515 465 434 441 452 458 426 441 429 472 488 502 498 483 529 582 626 634 583 602 582 569 541 499 393 363 366 388 384 370 386 397 394 390 390 386 402 393 415 426 429 432 417 434 440 455
-9999 -9999 -9999 -9999 -9999 -9999 -9999 -9999 -9999 -9999 -9999 -9999 -9999 2456 2423 2411 2391 2374 2338 2312 2254 2221 2172 2125 2081 1996 1898 1892 1650 1030 637 559 557 519 523 614 534 531 496 473 459 520 501 525 470 464 472 469 462 446 452 470 454 484 495 491 525 557 591 592 567 577 549 525 508 455 433 392 393 395 393 386 411 393 413 425 417 415 413 421 411 424 437 452 442 442 447 425
-9999 -9999 -9999 -9999 -9999 -9999 -9999 -9999 -9999 -9999 -9999 -9999 -9999 -9999 2444 2431 2414 2380 2350 2333 2320 2267 2246 2187 2156 2085 2049 1975 1875 1357 822 664 588 556 542 592 608 529 506 509 487 508 495 524 497 471 449 475 470 472 478 483 494 490 484 492 519 541 529 553 532 544 553 534 480 505 501 431 408 413 416 411 401 419 406 419 413 439 436 436 442 450 451 443 438 475 458 471
-9999 -9999 -9999 -9999 -9999 -9999 -9999 -9999 -9999 -9999 -9999 -9999 -9999 -9999 -9999 -9999 2429 2409 2378 2375 2348 2333 2295 2267 2225 2176 2123 1979 1880 1507 1387 1000 620 576 567 563 598 557 536 524 532 501 516 527 573 492 484 511 494 486 513 493 491 517 499 494 501 506 524 548 531 547 531 539 426 469 501 463 452 458 440 446 423 444 419 423 421 452 448 445 423 454 442 465 458 457 476 454
-9999 -9999 -9999 -9999 -9999 -9999 -9999 -9999 -9999 -9999 -9999 -9999 -9999 -9999 -9999 -9999 -9999 -9999 -9999 2394 2369 2363 2333 2309 2276 2253 2183 2106 2017 1697 1446 1008 809 794 707 581 605 585 560 535 529 526 519 502 538 573 522 515 511 494 501 513 510 508 519 534 516 516 519 524 531 530 513 507 484 431 446 462 495 474 459 459 465 458 436 452 459 455 446 443 465 455 462 449 477 470 470 471
