bio_clim/bio_14.asc
ncols         156
nrows         252
xllcorner     -82
yllcorner     -8
cellsize      0.083333337679505
NODATA_value  -9999
[rows 168 to 209 of 252, columns 0 to 93 of 156]
-9999 -9999 -9999 -9999 -9999 -9999 -9999 -9999 -9999 -9999 -9999 -9999 -9999 4 4 4 4 4 3 4 5 7 10 12 8 8 7 7 8 10 12 15 20 27 25 15 13 15 21 21 21 31 44 55 55 64 126 186 235 248 237 215 202 194 187 185 178 177 178 182 187 191 199 203 206 206 204 200 195 189 184 179 175 170 166 163 159 156 154 152 149 146 143 141 140 139 138 138 137 137 137 137 137 137
-9999 -9999 -9999 -9999 -9999 -9999 -9999 -9999 -9999 -9999 -9999 -9999 -9999 5 5 4 4 4 4 4 6 7 7 8 7 6 5 5 6 7 9 12 16 24 28 16 11 19 21 30 29 34 46 54 53 55 107 142 247 245 228 208 194 185 184 187 182 183 187 188 190 194 199 201 206 204 202 199 195 190 185 180 176 171 168 164 160 157 154 152 149 147 144 143 141 141 141 141 141 141 141 142 142 142
-9999 -9999 -9999 -9999 -9999 -9999 -9999 -9999 -9999 -9999 -9999 -9999 -9999 -9999 4 4 5 5 4 3 5 5 5 4 4 4 4 4 4 5 7 9 14 21 20 16 14 19 26 38 31 34 47 55 55 52 60 168 255 246 223 200 185 183 183 187 190 190 189 198 201 202 202 203 204 202 200 197 194 190 185 181 177 173 168 165 161 157 155 152 149 147 145 144 143 143 143 144 144 145 146 146 147 148
-9999 -9999 -9999 -9999 -9999 -9999 -9999 -9999 -9999 -9999 -9999 -9999 -9999 -9999 -9999 4 7 7 6 5 5 5 4 3 2 2 2 2 3 3 5 7 14 21 18 10 18 22 34 34 33 34 40 47 55 67 59 208 263 251 234 208 194 192 190 188 191 194 196 195 201 203 204 204 203 201 199 197 194 190 186 181 177 173 170 166 161 158 154 151 148 146 145 144 144 145 146 147 148 149 150 151 152 153
-9999 -9999 -9999 -9999 -9999 -9999 -9999 -9999 -9999 -9999 -9999 -9999 -9999 -9999 -9999 5 5 8 10 6 4 3 3 3 2 1 1 2 2 2 3 7 14 19 14 15 14 20 23 40 33 37 47 59 71 143 107 246 274 264 250 228 202 195 191 192 193 195 198 200 201 202 203 203 203 201 200 197 194 191 187 183 178 174 171 167 162 158 154 151 148 146 145 145 146 147 148 150 152 153 155 157 158 159
-9999 -9999 -9999 -9999 -9999 -9999 -9999 -9999 -9999 -9999 -9999 -9999 -9999 -9999 -9999 6 6 11 9 4 3 3 3 3 2 2 2 2 2 2 2 6 11 17 15 13 18 16 20 43 49 42 42 50 56 146 221 258 292 267 247 221 210 202 199 197 197 198 199 200 202 203 203 203 203 202 200 198 195 192 188 183 179 176 172 167 163 159 155 151 147 145 145 146 148 150 152 154 156 158 160 162 164 166
-9999 -9999 -9999 -9999 -9999 -9999 -9999 -9999 -9999 -9999 -9999 -9999 -9999 -9999 7 7 7 8 5 2 2 3 3 2 2 2 2 2 3 3 3 5 11 15 14 9 16 18 32 43 48 37 48 56 46 118 230 298 297 270 239 226 218 209 204 202 200 200 200 202 203 203 204 204 203 202 200 198 195 192 188 185 181 177 173 169 164 160 156 152 148 145 145 147 150 153 155 158 161 163 166 168 170 172
-9999 -9999 -9999 -9999 -9999 -9999 -9999 -9999 -9999 -9999 -9999 -9999 -9999 -9999 7 8 6 6 3 2 2 2 3 2 2 2 2 3 4 3 3 6 10 14 13 8 14 20 31 30 28 38 51 58 59 128 259 280 289 282 248 232 222 214 209 205 204 203 203 203 204 204 205 205 204 203 201 198 195 192 189 185 182 178 175 171 167 162 158 154 150 147 148 151 154 157 160 163 166 169 172 174 177 179
-9999 -9999 -9999 -9999 -9999 -9999 -9999 -9999 -9999 -9999 -9999 -9999 -9999 -9999 8 9 6 4 3 2 1 2 2 2 2 2 3 3 3 3 3 5 9 13 11 8 15 16 32 38 31 48 47 55 62 98 231 266 275 278 253 236 225 218 212 209 206 205 205 205 205 206 206 206 205 203 201 199 196 193 190 187 184 180 177 173 169 166 162 158 154 152 153 155 158 161 165 168 171 174 178 181 184 186
-9999 -9999 -9999 -9999 -9999 -9999 -9999 -9999 -9999 -9999 -9999 -9999 -9999 -9999 -9999 7 5 3 3 1 1 1 1 2 2 1 1 1 1 2 3 5 9 13 11 8 16 20 28 44 48 50 48 59 77 131 201 261 263 268 255 236 227 220 215 211 209 207 207 207 207 207 208 208 206 204 201 199 196 193 191 188 185 182 179 176 172 169 166 162 160 159 159 161 164 167 170 173 177 181 183 185 187 189
-9999 -9999 -9999 -9999 -9999 -9999 -9999 -9999 -9999 -9999 -9999 -9999 -9999 -9999 -9999 5 4 3 2 1 1 1 1 1 1 1 1 1 1 2 3 5 9 13 11 9 13 18 25 36 50 49 48 56 72 133 196 247 252 254 249 235 226 220 215 212 210 208 208 208 208 209 209 209 207 204 201 198 196 193 191 189 187 184 182 179 176 173 170 168 166 165 166 167 170 173 175 178 181 183 186 188 190 192
-9999 -9999 -9999 -9999 -9999 -9999 -9999 -9999 -9999 -9999 -9999 -9999 -9999 -9999 -9999 3 3 2 2 1 1 1 1 1 0 0 1 1 1 2 3 6 9 16 14 13 13 16 18 31 40 41 47 68 78 125 174 230 247 249 240 231 224 219 215 212 210 209 209 209 209 210 211 208 205 202 200 198 195 193 192 190 189 187 185 181 177 174 172 170 169 169 170 171 173 175 178 181 183 186 189 191 194 196
-9999 -9999 -9999 -9999 -9999 -9999 -9999 -9999 -9999 -9999 -9999 -9999 -9999 -9999 -9999 2 2 1 1 1 1 1 1 1 0 0 0 1 1 2 4 6 10 17 9 18 23 15 20 23 34 32 44 58 85 117 170 221 232 227 227 224 219 216 213 211 209 209 209 209 210 211 210 205 203 201 198 196 195 194 192 191 190 189 186 182 179 176 174 173 172 172 173 174 176 178 181 183 186 189 192 195 197 200
-9999 -9999 -9999 -9999 -9999 -9999 -9999 -9999 -9999 -9999 -9999 -9999 -9999 -9999 -9999 1 1 1 1 1 1 1 1 1 0 0 0 1 1 3 4 7 11 19 21 30 18 15 21 20 28 37 52 91 98 149 182 204 211 214 214 216 213 211 210 209 208 208 209 209 210 208 206 204 201 199 197 195 194 193 192 192 192 191 188 183 180 177 176 174 174 175 175 177 179 181 184 186 189 192 195 198 201 203
-9999 -9999 -9999 -9999 -9999 -9999 -9999 -9999 -9999 -9999 -9999 -9999 0 1 1 1 1 1 2 2 2 1 1 1 0 0 0 1 1 3 5 8 13 20 30 24 12 15 21 20 22 40 71 96 111 155 182 190 197 196 195 207 206 206 207 206 207 207 208 206 206 205 203 201 199 198 196 194 193 193 193 193 193 193 188 184 180 178 177 176 176 177 178 180 181 184 186 189 192 195 198 201 204 207
-9999 -9999 -9999 -9999 -9999 -9999 -9999 -9999 -9999 -9999 -9999 -9999 -9999 0 0 0 1 2 4 4 4 2 2 1 0 0 0 0 2 4 7 10 15 22 29 26 24 20 22 22 23 42 69 99 112 150 163 181 186 176 192 197 199 200 200 201 202 202 202 202 202 201 200 198 197 195 194 193 192 192 192 193 194 194 188 183 181 179 178 178 178 179 181 182 184 187 189 192 195 198 201 205 208 211
-9999 -9999 -9999 -9999 -9999 -9999 -9999 -9999 -9999 -9999 -9999 -9999 -9999 -9999 0 0 1 3 6 9 7 4 2 1 1 0 1 1 3 6 9 12 18 23 17 12 18 20 19 26 33 53 73 98 122 162 140 173 177 183 187 187 189 192 193 195 196 197 198 198 198 197 197 195 194 193 191 191 190 190 191 193 195 194 187 183 181 179 179 179 180 181 183 185 187 189 192 195 198 201 204 208 211 215
-9999 -9999 -9999 -9999 -9999 -9999 -9999 -9999 -9999 -9999 -9999 -9999 -9999 -9999 -9999 -9999 -9999 3 7 9 7 4 2 1 1 1 1 2 5 8 11 14 20 22 17 17 26 22 25 39 54 65 59 100 145 140 132 174 172 174 179 181 183 186 188 190 192 193 194 194 194 194 193 192 191 191 189 188 188 188 190 192 194 195 186 182 181 180 180 181 182 183 185 187 189 192 194 197 200 204 207 210 214 217
-9999 -9999 -9999 -9999 -9999 -9999 -9999 -9999 -9999 -9999 -9999 -9999 -9999 -9999 -9999 -9999 -9999 -9999 4 3 3 2 2 -9999 1 1 2 4 6 10 13 17 18 16 20 26 32 41 48 51 62 86 103 116 156 137 142 175 168 162 171 177 180 182 185 187 189 190 191 192 192 191 190 189 188 188 187 186 186 186 188 190 192 195 188 183 182 182 182 183 184 185 187 189 191 194 197 200 203 206 209 213 216 219
-9999 -9999 -9999 -9999 -9999 -9999 -9999 -9999 -9999 -9999 -9999 -9999 -9999 -9999 -9999 -9999 -9999 -9999 -9999 1 1 -9999 -9999 -9999 1 1 3 5 8 12 13 12 10 25 26 27 42 51 54 52 66 89 136 156 162 135 162 181 160 161 169 174 178 181 183 185 187 188 189 189 189 189 188 187 186 185 184 184 183 184 185 188 190 192 190 186 184 183 184 184 186 187 189 191 194 196 199 202 205 208 212 215 218 221
-9999 -9999 -9999 -9999 -9999 -9999 -9999 -9999 -9999 -9999 -9999 -9999 -9999 -9999 -9999 -9999 -9999 -9999 -9999 -9999 1 -9999 1 1 -9999 -9999 -9999 7 11 12 7 6 23 24 28 43 49 44 51 57 65 70 98 143 137 139 169 175 158 162 169 173 177 180 181 183 185 187 187 187 186 186 185 184 182 183 182 181 181 182 183 185 187 189 191 188 186 185 185 186 187 189 191 193 196 198 201 204 207 210 214 217 220 223
-9999 -9999 -9999 -9999 -9999 -9999 -9999 -9999 -9999 -9999 -9999 -9999 -9999 -9999 -9999 -9999 -9999 -9999 -9999 -9999 -9999 1 2 2 2 -9999 7 10 13 5 9 24 26 30 40 48 39 37 53 58 63 75 131 160 139 158 174 160 159 163 169 170 173 175 177 180 181 182 182 182 181 180 180 180 178 176 175 176 177 177 180 181 182 185 187 188 187 186 186 187 189 190 193 195 198 200 203 206 209 212 215 218 221 224
-9999 -9999 -9999 -9999 -9999 -9999 -9999 -9999 -9999 -9999 -9999 -9999 -9999 -9999 -9999 -9999 -9999 -9999 -9999 -9999 -9999 2 2 3 -9999 -9999 11 16 20 14 4 23 26 36 46 36 28 36 47 61 66 71 124 153 157 162 174 156 159 165 171 166 169 172 174 176 177 178 178 177 176 175 173 173 172 170 168 168 171 170 170 173 176 176 181 184 185 186 188 188 190 192 194 197 199 202 205 208 211 214 217 220 222 225
-9999 -9999 -9999 -9999 -9999 -9999 -9999 -9999 -9999 -9999 -9999 -9999 -9999 -9999 -9999 -9999 -9999 -9999 -9999 -9999 -9999 3 3 -9999 -9999 -9999 18 22 22 6 8 21 32 39 42 31 32 40 45 65 71 74 148 163 162 156 166 154 162 167 170 164 166 169 171 172 173 174 173 172 171 170 167 166 165 162 161 160 162 162 163 164 167 169 171 174 178 179 183 184 187 191 195 198 201 204 207 210 213 216 219 221 224 226
-9999 -9999 -9999 -9999 -9999 -9999 -9999 -9999 -9999 -9999 -9999 -9999 -9999 -9999 -9999 -9999 -9999 -9999 -9999 -9999 -9999 -9999 -9999 -9999 -9999 -9999 21 20 7 4 11 26 32 36 35 27 32 36 46 65 68 117 158 159 159 153 157 158 163 160 170 164 164 166 168 169 170 170 169 168 166 164 161 159 158 156 153 153 153 154 155 157 158 161 163 166 170 172 176 177 180 185 188 193 198 203 208 212 215 218 220 223 225 226
-9999 -9999 -9999 -9999 -9999 -9999 -9999 -9999 -9999 -9999 -9999 -9999 -9999 -9999 -9999 -9999 -9999 -9999 -9999 -9999 -9999 -9999 -9999 -9999 -9999 17 23 18 3 13 18 23 26 23 22 32 30 37 48 63 71 145 157 160 160 159 163 162 163 157 169 163 162 164 165 166 166 166 165 164 162 159 156 153 151 149 147 145 145 145 147 149 151 154 156 157 161 164 167 171 172 177 181 186 191 197 202 207 212 217 219 222 224 225
-9999 -9999 -9999 -9999 -9999 -9999 -9999 -9999 -9999 -9999 -9999 -9999 -9999 -9999 -9999 -9999 -9999 -9999 -9999 -9999 -9999 -9999 -9999 -9999 11 17 23 8 3 7 13 10 10 12 20 34 31 41 59 83 87 149 153 153 160 158 167 167 165 156 167 163 161 162 163 164 164 163 162 160 158 155 152 149 145 143 140 138 138 138 140 141 144 146 149 151 153 156 159 163 165 168 173 179 185 192 197 202 207 212 214 216 219 219
-9999 -9999 -9999 -9999 -9999 -9999 -9999 -9999 -9999 -9999 -9999 -9999 -9999 -9999 -9999 -9999 -9999 -9999 -9999 -9999 -9999 -9999 -9999 7 11 16 24 22 13 6 5 6 12 13 26 25 38 43 55 93 132 147 152 147 146 164 167 170 162 158 169 165 160 160 161 162 162 161 160 157 155 152 148 144 141 137 134 132 132 132 133 135 137 140 142 144 146 149 151 154 157 161 166 171 178 185 192 197 202 207 210 212 213 213
-9999 -9999 -9999 -9999 -9999 -9999 -9999 -9999 -9999 -9999 -9999 -9999 -9999 -9999 -9999 -9999 -9999 -9999 -9999 -9999 2 3 5 7 11 16 22 16 9 7 6 11 15 15 19 26 41 46 81 86 140 149 151 137 162 163 168 169 163 157 170 164 160 160 160 161 160 159 157 155 152 149 145 141 137 133 130 128 127 127 128 130 132 134 136 138 139 141 144 147 149 153 158 165 171 178 186 193 197 202 205 208 208 207
-9999 -9999 -9999 -9999 -9999 -9999 -9999 -9999 -9999 -9999 -9999 -9999 -9999 -9999 -9999 -9999 -9999 -9999 -9999 -9999 1 3 5 7 10 14 14 8 6 7 10 11 18 25 23 30 51 60 84 134 146 134 150 139 167 173 168 163 166 159 166 172 159 159 160 160 159 158 156 153 150 146 142 138 134 130 127 125 124 124 125 126 127 129 130 132 133 135 136 139 141 145 151 158 165 172 180 188 194 198 201 203 204 203
-9999 -9999 -9999 -9999 -9999 -9999 -9999 -9999 -9999 -9999 -9999 -9999 -9999 -9999 -9999 -9999 -9999 -9999 0 0 1 2 4 6 8 11 9 4 6 14 18 17 22 22 26 35 95 88 76 143 151 127 157 150 166 168 163 164 167 163 157 168 162 159 160 159 158 157 154 152 148 145 141 137 132 129 125 123 122 121 122 123 123 125 126 127 127 128 130 131 134 138 144 151 159 167 175 183 191 195 197 198 198 198
-9999 -9999 -9999 -9999 -9999 -9999 -9999 -9999 -9999 -9999 -9999 -9999 -9999 -9999 -9999 -9999 -9999 0 0 0 1 2 3 5 7 9 9 5 7 8 15 22 21 30 31 50 113 110 118 156 148 144 169 161 161 169 166 167 171 166 158 161 174 162 160 159 158 156 153 151 147 144 140 136 132 128 125 122 121 120 120 120 121 121 122 122 123 123 124 125 126 130 136 144 152 161 171 180 188 193 195 194 192 192
-9999 -9999 -9999 -9999 -9999 -9999 -9999 -9999 -9999 -9999 -9999 -9999 -9999 -9999 -9999 0 0 0 0 1 1 2 3 5 6 8 7 7 9 8 15 22 26 29 33 63 108 149 160 167 157 169 171 164 163 173 167 169 170 173 160 162 175 165 162 159 158 156 153 150 147 143 139 135 131 128 124 122 120 119 119 118 118 118 119 119 119 119 119 119 119 123 130 138 147 156 165 175 185 190 190 189 187 185
-9999 -9999 -9999 -9999 -9999 -9999 -9999 -9999 -9999 -9999 -9999 -9999 -9999 -9999 0 0 0 0 0 1 1 2 3 5 6 7 7 7 8 8 12 24 32 42 52 70 101 149 159 153 179 195 165 172 164 171 172 172 174 176 163 167 177 167 163 160 158 155 153 150 146 143 139 135 131 128 125 122 120 119 118 117 117 116 116 116 116 116 115 115 116 119 125 133 141 150 159 168 177 182 182 181 181 179
-9999 -9999 -9999 -9999 -9999 -9999 -9999 -9999 -9999 -9999 -9999 -9999 -9999 -9999 0 0 0 0 1 1 1 2 2 3 5 5 6 5 5 6 15 23 35 55 76 82 105 143 155 167 185 183 147 181 166 171 177 176 175 177 165 164 176 179 165 161 158 156 153 150 146 143 139 135 132 128 125 123 120 119 117 116 116 115 114 114 113 113 113 113 114 117 123 129 137 144 152 160 167 171 173 173 173 172
-9999 -9999 -9999 -9999 -9999 -9999 -9999 -9999 -9999 -9999 -9999 -9999 0 0 0 0 0 1 1 1 1 1 3 5 5 4 3 3 4 6 11 12 32 52 59 89 98 133 151 159 175 163 176 182 178 174 176 178 178 182 167 166 168 180 167 162 159 156 153 150 147 143 139 136 132 129 126 123 121 119 117 116 115 114 113 112 112 112 112 112 113 116 121 126 132 139 145 151 157 161 163 164 165 165
-9999 -9999 -9999 -9999 -9999 -9999 -9999 -9999 -9999 -9999 -9999 -9999 0 0 0 0 0 1 1 1 0 1 3 4 3 3 4 4 4 4 7 8 25 46 52 82 109 127 140 157 166 178 181 177 184 178 179 179 180 179 168 168 170 180 168 165 161 156 153 150 147 143 140 136 132 129 126 123 121 119 117 116 114 113 112 111 111 111 111 111 113 115 119 123 128 133 138 143 148 151 154 156 157 158
-9999 -9999 -9999 -9999 -9999 -9999 -9999 -9999 -9999 -9999 -9999 0 0 0 0 0 1 0 0 0 0 1 2 3 3 3 4 3 4 4 8 10 20 43 48 70 104 108 121 147 164 175 175 177 176 179 180 180 186 173 171 170 173 182 168 166 161 157 154 150 147 144 140 137 133 130 127 124 121 119 117 115 114 113 112 111 110 110 110 110 112 114 116 120 124 128 132 136 140 143 146 148 150 151
-9999 -9999 -9999 -9999 -9999 -9999 -9999 -9999 -9999 -9999 0 0 0 0 0 0 1 0 0 0 0 0 1 2 3 4 3 4 5 6 17 24 11 30 47 63 95 103 129 147 162 170 175 176 178 182 175 183 187 173 174 172 186 184 168 164 160 157 154 151 147 144 140 137 133 130 127 124 121 119 117 115 114 112 111 110 109 109 109 110 111 112 114 117 120 123 126 129 132 135 137 140 143 145
-9999 -9999 -9999 -9999 -9999 -9999 -9999 -9999 -9999 0 0 0 0 0 0 0 0 0 0 0 0 0 0 1 2 4 4 5 5 7 8 21 18 26 49 59 77 101 124 144 155 164 174 181 180 188 180 185 191 176 175 173 186 185 171 166 161 157 154 151 148 144 141 137 134 131 128 124 122 119 117 115 113 112 110 109 109 108 108 109 109 111 112 114 116 119 121 123 125 127 130 133 137 140
-9999 -9999 -9999 -9999 -9999 -9999 -9999 -9999 -9999 0 0 0 0 0 0 0 0 0 0 0 0 0 0 1 1 3 4 6 5 9 7 15 36 34 50 65 79 105 122 140 151 160 173 181 189 183 193 190 187 178 176 174 179 186 170 166 161 157 154 151 148 144 140 137 134 131 128 125 122 119 117 115 113 111 110 109 108 108 108 108 108 109 110 112 113 114 116 117 119 120 122 126 131 136
-9999 -9999 -9999 -9999 -9999 -9999 -9999 -9999 0 0 0 0 0 0 0 0 0 0 0 0 0 0 0 1 1 3 5 6 7 7 11 20 39 44 51 61 77 97 120 132 148 160 171 182 189 189 190 194 183 180 177 174 184 177 165 164 160 157 154 150 147 144 141 137 134 131 128 125 122 119 117 114 112 111 109 108 108 107 107 107 107 108 109 109 110 111 112 112 113 113 114 118 124 132
