bio_clim/bio_10.asc
ncols         156
nrows         252
xllcorner     -82
yllcorner     -8
cellsize      0.083333337679505
NODATA_value  -9999
[rows 195 to 233 of 252, columns 0 to 88 of 156]
-9999 -9999 -9999 -9999 -9999 -9999 -9999 -9999 -9999 -9999 -9999 -9999 -9999 -9999 -9999 -9999 -9999 -9999 -9999 -9999 -9999 -9999 -9999 269 269 267 265 252 235 212 196 199 214 166 112 125 107 132 141 169 204 212 226 196 192 220 196 212 244 262 258 262 265 265 265 265 265 265 265 265 265 265 264 264 264 264 264 264 263 263 263 263 263 262 262 262 262 262 262 262 262 263 263 264 263 262 261 263 264
-9999 -9999 -9999 -9999 -9999 -9999 -9999 -9999 -9999 -9999 -9999 -9999 -9999 -9999 -9999 -9999 -9999 -9999 -9999 -9999 269 269 269 268 267 266 262 243 220 213 206 211 200 136 147 123 100 122 166 161 222 217 224 188 204 207 204 213 246 262 258 262 265 266 266 266 266 265 266 265 265 265 265 265 265 264 264 264 264 263 264 264 263 263 262 263 263 262 262 262 264 264 264 264 264 263 262 262 264
-9999 -9999 -9999 -9999 -9999 -9999 -9999 -9999 -9999 -9999 -9999 -9999 -9999 -9999 -9999 -9999 -9999 -9999 -9999 -9999 269 270 269 268 266 261 244 218 155 149 129 167 195 175 145 119 137 146 167 210 223 232 222 186 218 215 222 241 253 261 260 259 266 266 266 266 266 266 267 266 266 266 266 266 265 265 265 265 265 264 264 264 264 263 263 263 263 262 263 262 263 264 264 263 263 264 264 263 263
-9999 -9999 -9999 -9999 -9999 -9999 -9999 -9999 -9999 -9999 -9999 -9999 -9999 -9999 -9999 -9999 -9999 -9999 270 269 269 269 268 267 262 252 228 193 158 112 101 124 167 131 120 116 190 164 149 211 222 236 226 197 223 226 240 246 252 261 265 261 265 267 267 267 267 267 267 266 266 266 266 266 266 266 265 265 265 264 264 265 264 264 264 263 263 264 263 263 263 263 264 263 264 264 264 264 263
-9999 -9999 -9999 -9999 -9999 -9999 -9999 -9999 -9999 -9999 -9999 -9999 -9999 -9999 -9999 -9999 -9999 269 270 269 268 268 266 263 259 252 234 206 211 200 138 101 128 136 113 135 209 186 189 212 214 232 213 213 233 227 239 249 254 260 265 265 254 266 267 267 268 267 268 267 267 267 266 266 266 266 266 266 265 265 265 264 264 264 264 264 264 264 263 263 263 263 264 264 264 264 264 263 264
-9999 -9999 -9999 -9999 -9999 -9999 -9999 -9999 -9999 -9999 -9999 -9999 -9999 -9999 -9999 268 265 261 270 268 265 266 265 257 241 245 230 227 233 221 160 108 119 121 117 148 183 215 219 218 217 221 201 214 236 227 241 244 248 257 265 266 249 266 267 268 268 268 268 268 268 268 267 267 266 266 267 266 266 265 265 265 265 264 264 264 264 264 264 264 264 264 264 264 264 264 264 264 265
-9999 -9999 -9999 -9999 -9999 -9999 -9999 -9999 -9999 -9999 -9999 -9999 -9999 -9999 268 267 262 263 266 257 253 253 253 243 238 238 232 234 236 231 190 136 133 136 141 151 174 218 220 229 221 212 195 225 241 233 238 246 251 255 265 265 249 266 267 268 269 268 268 268 268 268 267 267 267 267 267 267 266 266 265 265 265 265 265 264 265 264 264 264 264 264 264 264 264 264 264 265 265
-9999 -9999 -9999 -9999 -9999 -9999 -9999 -9999 -9999 -9999 -9999 -9999 -9999 -9999 264 262 264 261 255 235 237 242 245 243 237 226 228 229 226 212 171 161 145 156 167 165 179 224 223 225 209 203 184 216 242 236 231 234 244 258 266 268 262 260 268 269 269 269 269 269 268 268 268 268 267 267 267 266 266 266 266 265 265 265 265 265 265 264 264 265 265 264 264 264 264 264 265 265 265
-9999 -9999 -9999 -9999 -9999 -9999 -9999 -9999 -9999 -9999 -9999 -9999 264 263 259 257 262 251 247 251 245 249 237 230 219 204 181 201 209 196 184 211 171 162 148 175 173 221 211 225 219 194 210 224 228 238 234 230 232 257 266 268 268 252 268 270 270 270 270 269 269 269 269 269 268 268 267 267 267 266 266 266 266 266 265 265 265 265 265 265 265 265 265 265 265 265 265 265 266
-9999 -9999 -9999 -9999 -9999 -9999 -9999 -9999 -9999 -9999 -9999 -9999 263 260 256 256 249 242 257 243 253 244 234 224 195 170 220 228 194 220 208 224 182 154 139 169 208 215 203 217 225 208 221 223 210 232 233 245 239 260 267 269 268 248 268 269 270 271 271 270 269 269 269 268 268 268 267 267 267 267 266 266 266 266 266 265 265 265 265 265 265 265 265 265 265 265 266 266 266
-9999 -9999 -9999 -9999 -9999 -9999 -9999 -9999 -9999 -9999 -9999 259 260 256 253 237 218 242 253 242 244 243 236 209 198 221 225 214 210 228 196 203 189 154 128 156 212 178 179 202 225 219 227 229 207 226 224 235 255 265 267 269 267 249 269 269 270 271 271 270 270 269 269 269 268 268 267 267 267 267 267 266 266 267 266 266 266 265 266 265 265 266 265 265 265 266 266 266 266
-9999 -9999 -9999 -9999 -9999 -9999 -9999 -9999 -9999 -9999 255 249 258 256 240 221 220 245 250 251 249 253 239 240 235 229 213 206 217 208 170 162 206 182 122 140 191 173 208 212 222 226 225 238 227 238 215 237 257 266 267 270 260 254 270 271 272 272 271 270 270 270 270 269 268 268 268 267 267 267 267 266 266 267 267 267 266 266 266 266 266 266 266 266 266 266 266 266 267
-9999 -9999 -9999 -9999 -9999 -9999 -9999 -9999 -9999 248 247 249 249 245 232 223 239 253 256 254 257 261 258 245 230 189 207 183 198 197 195 172 188 189 128 138 156 178 205 224 228 235 237 242 227 248 230 243 254 266 268 270 260 254 269 270 271 272 271 270 271 270 270 270 269 269 268 268 268 268 267 267 267 267 267 267 267 266 266 266 266 267 267 267 267 267 267 267 267
-9999 -9999 -9999 -9999 -9999 -9999 -9999 -9999 -9999 251 251 251 249 242 228 237 248 259 259 263 264 264 257 245 250 238 225 180 204 186 220 189 148 181 142 164 167 204 208 228 229 241 235 246 246 255 251 247 259 266 268 270 266 254 270 270 271 271 271 271 270 270 270 270 270 269 269 268 268 268 267 268 267 267 267 267 267 267 267 267 267 267 267 268 268 268 267 268 268
-9999 -9999 -9999 -9999 -9999 -9999 -9999 -9999 257 254 253 254 251 239 239 247 255 261 263 266 265 263 259 245 252 242 221 213 219 205 222 172 125 138 155 173 180 198 219 216 227 235 248 242 246 251 255 253 262 266 268 270 261 265 273 271 271 272 272 271 271 270 270 270 269 269 269 268 269 268 268 267 268 267 267 267 267 267 268 268 268 268 268 268 268 268 268 269 269
-9999 -9999 -9999 -9999 -9999 -9999 -9999 -9999 -9999 254 253 247 239 241 248 253 258 263 267 265 263 259 254 249 242 215 219 180 194 215 201 154 138 141 188 199 179 199 196 208 218 236 244 231 245 253 253 257 263 265 267 265 255 270 271 271 272 272 271 271 271 270 270 270 269 269 269 269 269 268 268 268 268 268 267 267 268 268 268 268 268 269 268 268 268 269 269 269 269
-9999 -9999 -9999 -9999 -9999 -9999 -9999 -9999 254 252 251 240 232 239 256 260 260 265 267 264 263 258 243 245 237 213 187 162 190 176 177 130 135 179 216 198 194 185 172 197 226 234 243 231 240 253 253 259 262 265 265 258 262 269 270 271 271 271 271 271 270 271 270 269 269 269 269 269 269 269 268 268 268 268 268 268 268 268 269 269 269 268 268 268 269 269 269 269 269
-9999 -9999 -9999 -9999 -9999 -9999 -9999 -9999 256 256 254 249 248 254 261 263 264 269 267 265 265 261 253 231 200 206 190 197 190 159 123 110 131 169 222 203 178 173 205 213 220 238 232 235 244 252 254 260 259 263 250 248 266 269 269 270 270 270 270 270 270 270 269 268 269 269 269 268 269 269 269 269 268 268 269 269 269 269 269 269 269 268 269 269 269 269 269 269 269
-9999 -9999 -9999 -9999 -9999 -9999 -9999 -9999 -9999 258 258 257 258 262 264 266 268 268 267 266 267 264 246 219 181 151 191 197 193 179 121 122 161 195 223 210 174 169 204 211 223 237 229 241 251 253 253 258 261 261 241 253 262 268 268 269 270 270 270 270 269 270 270 269 269 269 269 269 269 269 269 269 269 269 269 269 269 269 269 269 269 269 269 270 270 270 270 270 270
-9999 -9999 -9999 -9999 -9999 -9999 -9999 -9999 -9999 -9999 260 261 263 265 266 268 268 267 269 270 270 269 248 209 166 124 152 190 206 190 155 130 162 194 225 219 197 186 211 220 228 239 231 245 249 251 253 259 260 260 240 250 254 264 268 268 269 269 269 270 269 269 270 270 269 269 269 269 269 269 269 269 269 269 269 270 269 269 269 269 269 269 270 270 270 270 270 270 270
-9999 -9999 -9999 -9999 -9999 -9999 -9999 -9999 -9999 -9999 -9999 260 261 263 265 267 268 270 269 270 271 269 260 223 198 141 129 179 187 179 115 152 191 207 233 226 206 183 210 217 223 238 236 246 246 245 250 257 259 256 240 245 252 257 265 267 268 268 269 269 269 269 269 269 269 269 269 269 269 270 269 269 270 269 269 270 269 269 269 269 270 270 270 270 270 270 270 271 271
-9999 -9999 -9999 -9999 -9999 -9999 -9999 -9999 -9999 -9999 -9999 260 261 263 265 268 270 269 266 267 269 271 266 246 219 195 167 147 142 129 105 138 153 169 226 232 227 197 220 183 202 228 243 250 251 234 238 252 252 229 226 234 241 248 260 266 267 268 268 268 268 268 268 268 269 269 269 269 269 270 269 269 269 270 270 269 270 270 270 270 270 270 270 270 270 271 271 271 271
-9999 -9999 -9999 -9999 -9999 -9999 -9999 -9999 -9999 -9999 258 259 261 264 265 269 271 269 265 264 267 270 269 265 251 227 199 172 157 121 128 138 146 174 214 216 239 209 221 183 212 224 237 249 252 248 241 248 255 244 228 230 242 243 244 259 266 266 266 267 268 268 267 267 267 267 268 268 268 269 269 270 269 270 270 270 270 270 271 270 270 271 271 270 271 271 271 271 271
-9999 -9999 -9999 -9999 -9999 -9999 -9999 -9999 -9999 259 255 257 258 264 266 269 272 270 265 262 266 267 268 268 266 257 241 232 201 132 167 128 122 152 189 200 218 235 237 192 202 211 245 252 254 247 245 241 238 247 238 228 243 240 240 242 252 258 265 266 266 266 266 265 265 266 266 268 268 269 269 270 269 270 270 270 270 270 270 270 271 271 271 271 271 271 271 271 272
-9999 -9999 -9999 -9999 -9999 -9999 -9999 -9999 -9999 -9999 -9999 257 260 264 267 270 270 269 264 262 263 265 266 265 263 252 259 251 206 123 167 145 164 192 204 182 200 220 248 218 189 205 245 245 244 239 229 235 214 230 224 225 240 228 233 241 239 241 251 263 266 265 266 265 264 264 266 266 268 269 270 269 269 270 270 270 270 270 270 271 271 271 271 271 272 272 272 272 272
-9999 -9999 -9999 -9999 -9999 -9999 -9999 -9999 -9999 -9999 -9999 -9999 263 264 267 268 270 268 265 263 261 262 264 266 258 257 254 247 214 148 172 178 160 184 212 207 198 232 253 247 215 213 245 222 220 218 222 221 196 213 216 212 226 219 224 238 243 240 239 239 249 262 264 265 264 264 264 265 267 268 269 269 270 270 270 270 269 269 270 271 271 271 271 272 272 272 272 272 272
-9999 -9999 -9999 -9999 -9999 -9999 -9999 -9999 -9999 -9999 -9999 -9999 -9999 265 266 268 269 267 265 262 261 261 262 263 258 250 247 250 219 181 166 182 141 160 201 221 226 240 251 253 244 238 242 213 169 202 217 224 198 205 202 208 218 212 212 220 237 240 238 242 236 237 260 263 264 264 264 264 266 267 268 270 270 270 270 269 268 269 269 270 271 272 272 272 272 272 272 272 273
-9999 -9999 -9999 -9999 -9999 -9999 -9999 -9999 -9999 -9999 -9999 -9999 -9999 264 265 266 267 267 265 263 262 261 260 260 256 245 238 246 225 193 150 182 131 126 178 193 205 226 250 245 252 253 225 182 150 189 185 183 201 193 203 211 223 205 210 220 226 222 229 234 233 228 239 262 264 264 264 265 265 267 268 270 270 270 269 268 267 268 268 269 271 272 272 272 272 272 273 273 273
-9999 -9999 -9999 -9999 -9999 -9999 -9999 -9999 -9999 -9999 -9999 -9999 -9999 -9999 264 266 267 266 265 265 262 262 261 260 260 262 250 239 214 173 169 189 158 129 186 173 182 208 241 251 254 254 245 206 156 137 139 171 194 178 193 204 221 215 216 218 216 216 221 224 230 228 225 255 264 264 265 266 266 266 268 270 270 269 268 268 268 267 268 270 271 271 272 272 273 273 273 273 273
-9999 -9999 -9999 -9999 -9999 -9999 -9999 -9999 -9999 -9999 -9999 -9999 -9999 -9999 263 265 265 265 265 265 264 262 262 263 262 263 258 234 187 166 166 188 163 123 178 201 171 203 240 250 252 251 251 239 218 173 138 167 182 175 161 192 213 231 235 234 229 234 233 233 224 221 228 249 262 263 265 266 267 268 268 270 269 269 269 269 269 268 269 270 271 272 273 273 273 273 273 273 274
-9999 -9999 -9999 -9999 -9999 -9999 -9999 -9999 -9999 -9999 -9999 -9999 -9999 261 262 263 264 265 265 264 264 263 263 264 262 263 261 247 204 171 187 196 167 159 168 206 171 181 233 246 234 242 241 245 246 215 159 142 163 179 146 163 159 209 228 236 238 236 236 237 236 225 216 237 254 263 264 265 266 268 269 270 269 268 269 269 269 269 270 270 272 272 272 273 272 272 273 273 273
-9999 -9999 -9999 -9999 -9999 -9999 -9999 -9999 -9999 -9999 254 248 258 260 260 262 263 264 264 264 264 264 264 264 263 263 263 256 239 202 156 191 182 182 168 200 209 212 236 245 215 192 191 205 227 230 200 163 178 159 164 132 159 183 212 229 237 238 237 234 236 225 204 238 246 254 262 264 266 268 269 269 269 269 268 269 269 269 270 271 272 272 273 273 273 273 273 273 273
-9999 -9999 -9999 -9999 -9999 -9999 -9999 -9999 -9999 -9999 250 242 251 257 259 260 262 262 263 263 263 263 263 263 263 254 255 257 236 209 159 170 187 203 178 178 188 217 208 232 237 188 173 161 183 202 196 173 190 135 137 132 128 140 182 212 233 238 238 237 226 227 202 221 234 245 261 263 265 266 269 270 270 269 269 269 269 269 270 271 272 273 273 273 274 273 273 273 273
-9999 -9999 -9999 -9999 -9999 -9999 -9999 -9999 -9999 -9999 -9999 245 248 257 260 260 261 261 262 262 262 262 262 262 262 257 258 254 247 220 178 149 143 174 211 213 208 219 203 206 232 222 200 188 135 184 187 139 175 150 141 133 108 108 128 169 218 237 238 236 235 229 218 210 233 236 258 262 263 265 266 268 269 269 268 269 270 270 270 271 272 273 273 273 273 273 274 274 273
-9999 -9999 -9999 -9999 -9999 -9999 -9999 -9999 -9999 -9999 -9999 -9999 255 257 258 258 259 259 260 261 261 261 262 261 261 259 250 258 249 216 153 109 110 154 191 199 181 205 190 181 217 214 224 198 151 163 150 133 150 171 159 126 120 112 119 160 203 225 236 234 224 231 227 229 225 238 251 260 262 264 265 267 268 270 269 270 270 269 270 271 272 273 273 273 273 273 273 273 274
-9999 -9999 -9999 -9999 -9999 -9999 -9999 -9999 -9999 -9999 -9999 -9999 -9999 256 256 257 258 259 260 260 260 260 261 261 261 259 257 260 251 216 160 120 109 118 165 203 180 194 158 170 176 207 204 219 194 161 136 134 160 168 158 157 145 139 133 168 198 211 230 223 215 221 233 236 236 245 248 254 260 262 264 266 267 267 270 271 269 269 270 272 272 273 273 273 274 274 273 273 273
-9999 -9999 -9999 -9999 -9999 -9999 -9999 -9999 -9999 -9999 -9999 -9999 -9999 -9999 256 256 257 257 258 259 260 259 260 260 260 260 260 260 258 233 192 170 143 110 158 180 189 164 136 161 165 187 185 205 197 186 169 129 164 142 127 152 140 159 159 153 165 200 206 209 203 207 224 234 239 230 232 247 258 261 264 266 266 266 270 270 270 270 270 272 273 274 273 273 273 274 273 273 273
-9999 -9999 -9999 -9999 -9999 -9999 -9999 -9999 -9999 -9999 -9999 -9999 -9999 -9999 -9999 -9999 256 256 257 258 258 259 259 259 259 260 260 255 254 237 235 211 147 103 145 155 181 155 149 151 158 143 171 181 206 180 164 122 140 157 127 147 172 189 181 167 154 170 193 192 198 211 215 229 249 246 241 241 250 247 256 265 266 268 269 270 270 270 271 272 272 273 273 273 273 273 273 273 272
-9999 -9999 -9999 -9999 -9999 -9999 -9999 -9999 -9999 -9999 -9999 -9999 -9999 -9999 -9999 -9999 -9999 -9999 -9999 256 257 258 258 258 258 259 258 257 257 244 234 205 184 183 176 138 166 171 144 132 149 124 162 131 177 207 180 124 124 154 130 141 181 188 189 198 171 171 179 205 202 220 233 236 240 251 252 252 247 248 246 251 261 266 268 270 270 269 270 272 273 273 273 273 274 273 273 272 272
