bio_clim/bio_7.asc
ncols         156
nrows         252
xllcorner     -82
yllcorner     -8
cellsize      0.083333337679505
NODATA_value  -9999
[rows 40 to 79 of 252, columns 0 to 89 of 156]
-9999 -9999 -9999 -9999 -9999 -9999 -9999 -9999 -9999 -9999 -9999 -9999 -9999 -9999 -9999 -9999 -9999 -9999 -9999 -9999 -9999 -9999 -9999 -9999 -9999 -9999 -9999 -9999 -9999 -9999 -9999 -9999 -9999 -9999 -9999 -9999 -9999 -9999 -9999 -9999 -9999 -9999 -9999 -9999 -9999 -9999 -9999 -9999 -9999 -9999 -9999 -9999 -9999 -9999 -9999 -9999 -9999 -9999 -9999 -9999 -9999 -9999 -9999 -9999 -9999 -9999 -9999 -9999 -9999 -9999 -9999 -9999 -9999 -9999 -9999 -9999 -9999 125 129 133 135 138 142 144 145 145 145 145 145 144
-9999 -9999 -9999 -9999 -9999 -9999 -9999 -9999 -9999 -9999 -9999 -9999 -9999 -9999 -9999 -9999 -9999 -9999 -9999 -9999 -9999 -9999 -9999 -9999 -9999 -9999 -9999 -9999 91 93 93 94 94 93 93 91 -9999 -9999 -9999 -9999 -9999 -9999 -9999 -9999 -9999 -9999 -9999 -9999 -9999 -9999 -9999 -9999 -9999 -9999 -9999 -9999 -9999 -9999 -9999 -9999 -9999 -9999 -9999 -9999 -9999 -9999 -9999 -9999 -9999 -9999 -9999 -9999 -9999 -9999 -9999 -9999 -9999 126 130 134 137 140 141 143 143 144 143 143 143 141
-9999 -9999 -9999 -9999 -9999 -9999 -9999 -9999 -9999 -9999 -9999 -9999 -9999 -9999 -9999 -9999 -9999 -9999 -9999 -9999 -9999 -9999 -9999 -9999 -9999 -9999 -9999 91 96 97 96 97 97 95 94 -9999 91 -9999 -9999 -9999 -9999 -9999 -9999 -9999 -9999 -9999 -9999 -9999 -9999 -9999 -9999 -9999 -9999 -9999 -9999 -9999 -9999 -9999 -9999 -9999 -9999 -9999 -9999 -9999 -9999 -9999 -9999 -9999 -9999 -9999 -9999 -9999 -9999 -9999 -9999 -9999 -9999 126 131 135 138 140 141 141 141 141 141 141 140 139
-9999 -9999 -9999 -9999 -9999 -9999 -9999 -9999 -9999 -9999 -9999 -9999 -9999 -9999 -9999 -9999 -9999 -9999 -9999 -9999 -9999 -9999 -9999 -9999 -9999 79 86 93 96 97 99 98 99 97 96 95 93 93 94 93 91 90 89 -9999 -9999 -9999 -9999 -9999 -9999 -9999 -9999 -9999 -9999 -9999 -9999 -9999 -9999 -9999 -9999 -9999 -9999 -9999 -9999 -9999 -9999 -9999 -9999 -9999 -9999 -9999 -9999 -9999 99 104 110 115 120 125 130 135 138 140 140 139 139 139 139 138 137 137
-9999 -9999 -9999 -9999 -9999 -9999 -9999 -9999 -9999 -9999 -9999 -9999 -9999 -9999 -9999 -9999 -9999 -9999 -9999 -9999 -9999 -9999 -9999 -9999 79 82 89 94 97 98 99 99 100 98 98 96 96 95 94 93 93 92 91 90 89 -9999 -9999 -9999 -9999 -9999 -9999 -9999 -9999 -9999 -9999 -9999 -9999 -9999 -9999 -9999 -9999 -9999 -9999 -9999 -9999 -9999 -9999 -9999 -9999 -9999 -9999 94 98 104 110 115 119 124 129 133 137 138 138 137 137 137 136 135 135 134
-9999 -9999 -9999 -9999 -9999 -9999 -9999 -9999 -9999 -9999 -9999 -9999 -9999 -9999 -9999 -9999 -9999 -9999 -9999 -9999 -9999 -9999 79 80 83 86 93 97 98 100 100 101 101 100 100 99 97 96 95 94 93 94 93 92 90 88 87 84 -9999 -9999 -9999 -9999 -9999 -9999 -9999 -9999 -9999 -9999 -9999 -9999 -9999 -9999 -9999 -9999 -9999 -9999 -9999 -9999 -9999 -9999 88 94 99 104 109 113 117 122 127 131 133 134 134 134 134 134 134 132 131 130
-9999 95 -9999 -9999 -9999 -9999 -9999 -9999 -9999 -9999 -9999 -9999 -9999 -9999 -9999 -9999 -9999 -9999 90 88 85 84 83 84 86 90 95 98 99 102 104 104 105 104 103 101 99 97 96 95 94 95 95 93 92 90 88 87 83 -9999 -9999 -9999 -9999 -9999 -9999 -9999 -9999 -9999 -9999 -9999 -9999 -9999 -9999 -9999 -9999 -9999 -9999 -9999 -9999 -9999 88 94 99 104 109 113 116 120 125 128 130 131 131 130 131 131 130 129 128 127
-9999 -9999 98 -9999 -9999 -9999 -9999 -9999 -9999 -9999 -9999 -9999 -9999 -9999 -9999 -9999 94 94 93 92 89 87 87 87 88 93 95 97 102 104 107 109 108 105 104 103 101 100 98 96 96 96 96 94 92 90 88 87 86 82 -9999 -9999 -9999 -9999 -9999 -9999 -9999 -9999 -9999 -9999 -9999 -9999 -9999 -9999 -9999 -9999 -9999 -9999 -9999 83 89 95 100 105 109 112 116 119 122 125 126 127 127 127 127 127 127 126 126 124
-9999 101 -9999 101 -9999 -9999 -9999 -9999 -9999 -9999 -9999 -9999 -9999 -9999 -9999 98 97 97 96 95 93 91 91 92 93 94 95 98 102 104 -9999 -9999 -9999 -9999 -9999 -9999 102 100 99 98 97 96 95 94 92 89 87 86 86 84 81 -9999 -9999 -9999 -9999 -9999 -9999 -9999 -9999 -9999 -9999 -9999 -9999 -9999 -9999 -9999 -9999 -9999 81 85 91 97 102 107 110 113 115 119 120 123 124 125 124 123 124 125 124 124 122 121
104 104 104 105 105 -9999 -9999 -9999 -9999 -9999 -9999 -9999 -9999 105 103 102 101 100 99 97 96 96 94 95 95 94 94 -9999 -9999 -9999 -9999 -9999 -9999 -9999 -9999 -9999 -9999 101 100 99 98 97 95 94 92 90 88 86 85 84 85 81 -9999 -9999 -9999 -9999 -9999 -9999 -9999 -9999 -9999 -9999 -9999 -9999 -9999 -9999 -9999 78 82 87 93 99 104 109 112 114 117 119 120 121 122 122 122 122 123 123 123 123 121 120
109 111 111 111 110 110 111 112 -9999 -9999 112 111 110 109 109 107 105 103 102 100 99 100 99 97 97 96 95 -9999 -9999 -9999 -9999 -9999 -9999 -9999 -9999 -9999 -9999 -9999 -9999 99 97 97 97 94 93 90 88 86 85 84 86 85 82 -9999 -9999 -9999 -9999 -9999 -9999 -9999 -9999 -9999 -9999 -9999 -9999 -9999 77 81 85 90 95 101 106 111 114 115 117 118 119 121 122 123 123 123 122 123 123 123 122 120
116 117 115 115 115 114 115 115 115 116 115 113 113 112 111 109 108 107 106 104 102 102 103 102 101 98 97 -9999 -9999 -9999 -9999 -9999 -9999 -9999 -9999 -9999 -9999 -9999 -9999 -9999 97 97 96 94 93 91 89 87 86 85 84 86 85 82 -9999 -9999 -9999 -9999 -9999 -9999 -9999 -9999 -9999 -9999 77 79 80 84 88 93 98 104 108 112 115 116 118 118 120 121 122 122 123 122 123 123 123 123 123 122
119 116 118 117 117 115 116 116 117 119 117 115 115 112 112 111 110 111 108 107 105 105 105 104 100 99 -9999 -9999 -9999 -9999 -9999 -9999 -9999 -9999 -9999 105 -9999 -9999 -9999 -9999 -9999 -9999 95 94 94 92 90 89 87 86 85 86 89 87 83 83 -9999 -9999 -9999 -9999 -9999 -9999 77 77 79 82 83 86 91 96 101 107 111 113 116 117 119 120 121 121 122 123 122 122 122 123 124 123 124 123
122 119 118 117 117 117 117 117 115 119 119 119 115 113 113 113 115 115 112 108 107 106 105 104 101 -9999 -9999 -9999 -9999 -9999 -9999 -9999 -9999 -9999 -9999 -9999 -9999 -9999 -9999 -9999 -9999 -9999 96 94 93 92 91 89 88 87 86 86 88 90 89 84 82 -9999 -9999 -9999 -9999 77 78 79 81 84 87 89 94 100 104 109 111 114 116 118 120 121 121 122 122 123 122 122 121 122 123 124 126 124
124 123 122 121 122 122 123 124 122 123 123 124 122 120 119 123 121 118 114 109 106 105 105 104 -9999 -9999 -9999 -9999 -9999 -9999 -9999 -9999 -9999 -9999 -9999 -9999 106 -9999 -9999 -9999 -9999 -9999 97 95 93 92 92 91 90 89 88 87 88 90 94 90 84 -9999 -9999 -9999 -9999 -9999 79 80 83 85 89 92 97 102 108 111 114 114 117 119 121 123 123 122 123 122 122 122 122 123 122 123 123 123
126 126 126 126 127 127 128 127 128 127 130 131 132 130 132 131 127 122 117 112 108 107 106 -9999 -9999 -9999 -9999 -9999 -9999 -9999 -9999 -9999 -9999 -9999 -9999 -9999 105 104 -9999 -9999 -9999 -9999 -9999 -9999 -9999 93 93 91 92 90 90 89 90 90 92 95 88 85 85 -9999 -9999 -9999 -9999 82 85 88 91 95 100 106 110 113 115 116 118 119 122 122 124 122 123 123 123 122 122 121 122 121 121 120
127 128 129 129 130 130 131 131 132 133 136 139 140 142 141 136 132 125 120 -9999 -9999 -9999 -9999 -9999 -9999 -9999 -9999 -9999 -9999 -9999 -9999 -9999 -9999 -9999 104 -9999 104 -9999 -9999 -9999 -9999 -9999 -9999 -9999 -9999 -9999 94 93 92 93 91 92 93 93 93 98 96 90 87 -9999 -9999 -9999 -9999 84 87 90 93 98 103 108 112 115 115 116 118 119 121 122 123 123 123 123 122 122 121 120 120 119 119 117
129 130 130 131 133 134 134 134 134 136 140 143 146 147 146 142 135 128 -9999 -9999 -9999 -9999 -9999 -9999 -9999 -9999 -9999 -9999 -9999 -9999 -9999 -9999 -9999 -9999 -9999 -9999 -9999 -9999 -9999 -9999 -9999 -9999 -9999 -9999 -9999 96 95 94 94 94 94 95 96 95 96 98 101 96 89 86 -9999 -9999 -9999 86 90 93 95 100 104 108 112 114 115 116 118 119 121 122 123 123 123 123 121 121 120 119 118 117 118 116
-9999 -9999 -9999 133 135 136 136 137 138 140 143 146 147 148 147 143 136 129 -9999 -9999 -9999 -9999 -9999 -9999 -9999 -9999 -9999 -9999 -9999 -9999 -9999 -9999 -9999 -9999 -9999 -9999 -9999 -9999 -9999 -9999 -9999 -9999 -9999 -9999 -9999 96 96 96 95 96 96 97 99 100 98 100 101 99 92 89 87 86 -9999 87 91 96 97 101 104 108 111 113 114 116 118 119 121 121 123 123 123 122 121 120 119 117 117 116 116 117
-9999 -9999 -9999 135 136 137 138 140 141 143 144 146 147 147 146 142 136 129 -9999 -9999 -9999 -9999 -9999 -9999 -9999 -9999 -9999 -9999 -9999 -9999 -9999 -9999 -9999 -9999 -9999 -9999 -9999 -9999 -9999 -9999 -9999 -9999 -9999 97 96 96 96 97 98 98 98 100 101 103 102 100 100 100 95 91 89 87 -9999 88 91 96 101 103 105 108 111 112 114 116 118 119 120 121 123 123 122 121 120 119 118 117 116 116 117 116
-9999 -9999 -9999 -9999 -9999 139 139 141 142 143 145 145 147 145 143 140 135 128 122 118 -9999 -9999 -9999 -9999 -9999 -9999 -9999 -9999 -9999 -9999 -9999 -9999 -9999 -9999 -9999 -9999 -9999 -9999 -9999 -9999 -9999 -9999 -9999 98 98 96 96 97 98 99 100 100 102 104 104 103 101 101 98 95 93 -9999 -9999 90 92 101 104 104 105 108 111 114 114 116 117 119 120 121 123 123 122 121 119 118 117 117 117 116 117 116
-9999 -9999 -9999 -9999 -9999 139 140 141 143 144 144 145 144 142 141 138 133 127 124 118 -9999 -9999 -9999 -9999 -9999 -9999 -9999 -9999 -9999 -9999 -9999 -9999 -9999 -9999 -9999 -9999 -9999 -9999 -9999 -9999 -9999 -9999 -9999 -9999 99 98 97 97 99 99 99 101 103 105 106 104 103 102 99 97 95 95 93 94 96 103 106 105 106 108 111 113 114 116 117 118 119 120 120 121 121 119 118 117 117 117 117 117 117 115
-9999 -9999 -9999 -9999 -9999 139 140 141 142 143 -9999 144 143 139 136 135 132 129 124 120 116 113 -9999 -9999 -9999 -9999 -9999 -9999 -9999 -9999 -9999 -9999 -9999 -9999 -9999 -9999 -9999 -9999 -9999 -9999 -9999 -9999 -9999 -9999 100 99 99 96 99 99 100 102 102 104 105 105 104 103 101 100 99 97 96 97 98 103 106 107 108 110 112 113 114 115 117 117 118 119 119 119 118 118 117 117 116 117 116 116 117 115
-9999 -9999 -9999 -9999 -9999 -9999 140 141 141 142 -9999 141 141 136 132 133 132 129 125 123 118 114 112 -9999 -9999 -9999 -9999 -9999 -9999 -9999 -9999 -9999 -9999 -9999 -9999 -9999 -9999 -9999 -9999 -9999 -9999 -9999 -9999 -9999 99 100 100 98 98 98 100 103 103 104 105 106 105 103 103 102 101 100 100 100 102 105 110 109 109 110 112 114 115 115 117 118 119 119 118 117 117 118 118 117 116 116 115 116 116 114
-9999 -9999 -9999 -9999 -9999 -9999 -9999 -9999 -9999 -9999 -9999 -9999 139 137 131 131 131 128 126 123 120 115 112 -9999 -9999 -9999 -9999 -9999 -9999 -9999 -9999 -9999 -9999 -9999 -9999 -9999 -9999 -9999 -9999 -9999 -9999 -9999 -9999 -9999 -9999 100 100 99 100 99 98 102 103 104 105 105 105 104 104 103 103 102 102 102 103 108 111 112 112 112 112 114 116 116 118 119 119 119 118 117 117 118 118 117 116 115 115 116 115 113
-9999 -9999 137 -9999 -9999 -9999 -9999 -9999 -9999 -9999 -9999 -9999 -9999 135 132 129 130 127 125 123 121 116 112 109 -9999 -9999 -9999 -9999 -9999 -9999 -9999 -9999 -9999 -9999 -9999 -9999 -9999 -9999 -9999 -9999 -9999 -9999 -9999 -9999 -9999 -9999 99 99 101 100 99 101 103 104 105 105 105 105 106 105 105 104 104 104 105 108 113 113 114 114 114 116 116 119 119 119 119 119 119 117 117 119 119 117 116 115 115 114 115 113
-9999 -9999 136 -9999 -9999 -9999 -9999 -9999 -9999 -9999 -9999 -9999 -9999 135 132 128 129 127 125 122 120 116 112 109 -9999 -9999 -9999 -9999 -9999 -9999 -9999 -9999 -9999 -9999 -9999 -9999 -9999 -9999 -9999 -9999 -9999 -9999 -9999 -9999 -9999 -9999 -9999 99 100 100 99 101 102 105 105 105 105 107 107 106 106 106 106 106 106 108 114 115 116 116 117 117 117 120 120 120 119 120 120 119 118 119 119 117 116 115 115 115 114 113
-9999 -9999 -9999 136 136 -9999 -9999 -9999 -9999 -9999 -9999 -9999 -9999 133 132 127 126 126 124 123 -9999 -9999 -9999 -9999 -9999 -9999 -9999 -9999 -9999 -9999 -9999 -9999 -9999 -9999 -9999 -9999 -9999 -9999 -9999 -9999 -9999 -9999 -9999 -9999 -9999 -9999 -9999 -9999 100 100 99 100 102 103 105 105 106 106 107 107 107 108 107 108 108 109 114 117 117 118 119 118 119 121 122 122 121 123 120 119 119 119 118 118 117 115 116 114 113 112
-9999 -9999 136 -9999 -9999 -9999 -9999 -9999 -9999 -9999 -9999 -9999 -9999 131 128 125 126 124 123 -9999 -9999 -9999 -9999 -9999 -9999 -9999 -9999 -9999 -9999 -9999 -9999 -9999 -9999 -9999 -9999 -9999 -9999 -9999 -9999 -9999 -9999 -9999 -9999 -9999 -9999 -9999 -9999 -9999 100 100 99 100 102 103 105 106 106 107 107 108 108 107 108 109 109 111 112 117 118 118 119 119 121 121 121 123 123 122 120 119 119 118 118 118 117 116 116 114 113 111
-9999 -9999 -9999 -9999 -9999 -9999 -9999 -9999 -9999 -9999 -9999 -9999 -9999 130 130 -9999 -9999 -9999 -9999 -9999 -9999 -9999 -9999 -9999 -9999 -9999 -9999 -9999 -9999 -9999 -9999 -9999 -9999 -9999 -9999 -9999 -9999 -9999 -9999 -9999 -9999 -9999 -9999 -9999 -9999 -9999 -9999 -9999 -9999 100 99 100 103 105 105 105 105 107 107 108 108 109 109 110 110 113 114 118 117 118 119 120 120 121 122 122 122 120 120 119 120 118 119 118 117 117 116 114 113 111
-9999 -9999 -9999 -9999 -9999 -9999 -9999 -9999 -9999 -9999 -9999 -9999 -9999 -9999 -9999 -9999 -9999 -9999 -9999 -9999 -9999 -9999 -9999 -9999 -9999 -9999 -9999 -9999 -9999 -9999 -9999 -9999 -9999 -9999 -9999 -9999 -9999 -9999 -9999 -9999 -9999 -9999 -9999 -9999 -9999 -9999 -9999 -9999 -9999 -9999 -9999 99 101 103 105 105 105 106 108 108 108 109 109 111 112 115 117 118 118 117 117 118 115 121 123 123 122 123 122 122 121 122 125 117 117 116 116 116 114 111
-9999 -9999 -9999 -9999 -9999 -9999 -9999 -9999 -9999 -9999 -9999 -9999 -9999 -9999 -9999 -9999 -9999 -9999 -9999 -9999 -9999 -9999 -9999 -9999 -9999 -9999 -9999 -9999 -9999 -9999 -9999 -9999 -9999 -9999 -9999 -9999 -9999 -9999 -9999 -9999 -9999 -9999 -9999 -9999 -9999 -9999 -9999 -9999 -9999 -9999 -9999 -9999 101 102 104 105 106 106 107 108 108 109 110 112 113 118 118 120 121 122 120 120 119 122 122 123 123 124 124 123 121 120 129 117 115 117 117 117 113 111
-9999 -9999 -9999 -9999 -9999 -9999 -9999 -9999 -9999 -9999 -9999 -9999 -9999 -9999 -9999 -9999 -9999 -9999 -9999 -9999 -9999 -9999 -9999 -9999 -9999 -9999 -9999 -9999 -9999 -9999 -9999 -9999 -9999 -9999 -9999 -9999 -9999 -9999 -9999 -9999 -9999 -9999 -9999 -9999 -9999 -9999 -9999 -9999 -9999 -9999 -9999 -9999 101 103 104 106 106 107 107 108 108 109 110 112 115 119 121 121 122 121 120 121 119 122 123 124 123 122 122 123 123 122 118 117 113 114 115 115 113 111
-9999 -9999 -9999 -9999 -9999 -9999 -9999 -9999 -9999 -9999 -9999 -9999 -9999 -9999 -9999 -9999 -9999 -9999 -9999 -9999 -9999 -9999 -9999 -9999 -9999 -9999 -9999 -9999 -9999 -9999 -9999 -9999 -9999 -9999 -9999 -9999 -9999 -9999 -9999 -9999 -9999 -9999 -9999 -9999 -9999 -9999 -9999 -9999 -9999 -9999 -9999 -9999 101 103 104 105 106 106 106 107 109 110 110 113 118 121 122 124 120 124 125 121 120 124 124 122 121 119 122 122 122 118 118 116 111 109 111 112 112 109
-9999 -9999 -9999 -9999 -9999 -9999 -9999 -9999 -9999 -9999 -9999 -9999 -9999 -9999 -9999 -9999 -9999 -9999 -9999 -9999 -9999 -9999 -9999 -9999 -9999 -9999 -9999 -9999 -9999 -9999 -9999 -9999 -9999 -9999 -9999 -9999 -9999 -9999 -9999 -9999 -9999 -9999 -9999 -9999 -9999 -9999 -9999 -9999 -9999 -9999 -9999 -9999 -9999 102 104 106 107 107 107 108 108 110 111 112 118 121 123 124 116 121 125 123 121 127 122 116 120 120 120 121 120 118 116 112 109 108 108 110 110 108
-9999 -9999 -9999 -9999 -9999 -9999 -9999 -9999 -9999 -9999 -9999 -9999 -9999 -9999 -9999 -9999 -9999 -9999 -9999 -9999 -9999 -9999 -9999 -9999 -9999 -9999 -9999 -9999 -9999 -9999 -9999 -9999 -9999 -9999 -9999 -9999 -9999 -9999 -9999 -9999 -9999 -9999 -9999 -9999 -9999 -9999 -9999 -9999 -9999 -9999 -9999 -9999 -9999 -9999 103 106 106 107 107 108 109 110 111 113 119 122 123 125 119 116 118 119 120 126 125 115 119 121 120 120 119 117 116 109 108 107 107 108 109 109
-9999 -9999 -9999 -9999 -9999 -9999 -9999 -9999 -9999 -9999 -9999 -9999 -9999 -9999 -9999 -9999 -9999 -9999 -9999 -9999 -9999 -9999 -9999 -9999 -9999 -9999 -9999 -9999 -9999 -9999 -9999 -9999 -9999 -9999 -9999 -9999 -9999 -9999 -9999 -9999 -9999 -9999 -9999 -9999 -9999 -9999 -9999 -9999 -9999 -9999 -9999 -9999 -9999 -9999 -9999 105 105 106 107 107 109 110 111 112 117 121 123 124 121 112 113 115 117 128 128 118 117 122 120 119 116 115 113 106 106 108 107 107 109 109
-9999 -9999 -9999 -9999 -9999 -9999 -9999 -9999 -9999 -9999 -9999 -9999 -9999 -9999 -9999 -9999 -9999 -9999 -9999 -9999 -9999 -9999 -9999 -9999 -9999 -9999 -9999 -9999 -9999 -9999 -9999 -9999 -9999 -9999 -9999 -9999 -9999 -9999 -9999 -9999 -9999 -9999 -9999 -9999 -9999 -9999 -9999 -9999 -9999 -9999 -9999 -9999 -9999 -9999 -9999 -9999 106 107 107 107 108 109 111 113 117 120 122 124 124 111 109 109 117 131 131 124 117 121 120 117 117 116 109 109 109 108 107 107 108 108
-9999 -9999 -9999 -9999 -9999 -9999 -9999 -9999 -9999 -9999 -9999 -9999 -9999 -9999 -9999 -9999 -9999 -9999 -9999 -9999 -9999 -9999 -9999 -9999 -9999 -9999 -9999 -9999 -9999 -9999 -9999 -9999 -9999 -9999 -9999 -9999 -9999 -9999 -9999 -9999 -9999 -9999 -9999 -9999 -9999 -9999 -9999 -9999 -9999 -9999 -9999 -9999 -9999 -9999 -9999 -9999 107 108 106 108 108 109 110 112 114 121 120 126 125 114 106 107 113 130 132 129 115 117 117 117 116 106 104 104 108 108 108 107 107 113
-9999 -9999 -9999 -9999 -9999 -9999 -9999 -9999 -9999 -9999 -9999 -9999 -9999 -9999 -9999 -9999 -9999 -9999 -9999 -9999 -9999 -9999 -9999 -9999 -9999 -9999 -9999 -9999 -9999 -9999 -9999 -9999 -9999 -9999 -9999 -9999 -9999 -9999 -9999 -9999 -9999 -9999 -9999 -9999 -9999 -9999 -9999 -9999 -9999 -9999 -9999 -9999 -9999 -9999 -9999 103 106 107 107 107 108 109 109 111 112 121 121 126 122 116 108 107 112 131 132 124 111 118 122 114 109 103 105 108 108 109 109 108 109 114
