bio_clim/bio_16.asc
ncols         156
nrows         252
xllcorner     -82
yllcorner     -8
cellsize      0.083333337679505
NODATA_value  -9999
[rows 190 to 227 of 252, columns 0 to 84 of 156]
-9999 -9999 -9999 -9999 -9999 -9999 -9999 -9999 -9999 -9999 -9999 -9999 -9999 -9999 -9999 -9999 -9999 -9999 -9999 -9999 -9999 303 332 363 -9999 -9999 478 532 615 606 436 393 359 354 334 306 294 278 276 311 352 445 747 821 865 922 1054 854 775 763 770 753 749 746 743 740 737 734 731 727 728 731 731 735 736 736 736 737 745 741 739 739 740 732 736 736 734 732 736 742 752 760 771 782 792
-9999 -9999 -9999 -9999 -9999 -9999 -9999 -9999 -9999 -9999 -9999 -9999 -9999 -9999 -9999 -9999 -9999 -9999 -9999 -9999 -9999 291 308 -9999 -9999 -9999 442 518 593 482 412 396 375 360 328 284 269 270 264 325 355 491 823 912 912 846 989 832 813 754 758 745 742 739 736 733 728 724 720 715 711 712 708 708 708 706 705 707 710 710 709 710 711 713 711 716 721 723 731 735 745 754 763 775 786
-9999 -9999 -9999 -9999 -9999 -9999 -9999 -9999 -9999 -9999 -9999 -9999 -9999 -9999 -9999 -9999 -9999 -9999 -9999 -9999 -9999 -9999 -9999 -9999 -9999 -9999 427 537 499 436 402 389 382 368 319 260 264 258 260 342 355 634 821 837 850 809 810 746 748 743 749 740 736 733 729 725 721 715 709 703 696 692 687 684 681 678 674 675 677 678 680 683 686 688 692 697 706 714 721 730 738 748 757 767 778
-9999 -9999 -9999 -9999 -9999 -9999 -9999 -9999 -9999 -9999 -9999 -9999 -9999 -9999 -9999 -9999 -9999 -9999 -9999 -9999 -9999 -9999 -9999 -9999 -9999 369 419 519 461 435 424 403 375 318 292 296 258 259 282 333 379 807 855 876 935 868 931 788 827 734 745 735 730 727 722 719 713 708 699 692 683 675 670 662 657 652 647 645 645 648 652 658 664 670 677 685 695 704 713 723 730 740 750 760 770
-9999 -9999 -9999 -9999 -9999 -9999 -9999 -9999 -9999 -9999 -9999 -9999 -9999 -9999 -9999 -9999 -9999 -9999 -9999 -9999 -9999 -9999 -9999 -9999 310 350 406 509 462 419 400 345 314 309 283 322 270 297 317 427 482 861 809 922 958 868 1041 971 772 726 735 730 724 721 717 712 707 699 691 683 673 662 654 644 635 629 621 619 618 621 628 635 644 655 665 675 684 695 705 714 723 733 742 751 762
-9999 -9999 -9999 -9999 -9999 -9999 -9999 -9999 -9999 -9999 -9999 -9999 -9999 -9999 -9999 -9999 -9999 -9999 -9999 -9999 -9999 -9999 -9999 268 298 338 396 481 480 447 383 332 325 281 318 267 314 273 283 476 754 838 805 911 918 948 1093 1045 803 721 732 728 719 715 712 706 700 693 684 674 662 652 640 630 618 608 600 597 597 602 611 620 632 643 654 665 675 686 696 707 716 726 734 743 754
-9999 -9999 -9999 -9999 -9999 -9999 -9999 -9999 -9999 -9999 -9999 -9999 -9999 -9999 -9999 -9999 -9999 -9999 -9999 -9999 186 213 244 279 313 353 419 513 523 476 396 387 337 268 240 275 332 294 395 432 729 818 807 864 986 993 1050 1011 778 715 729 722 716 711 708 702 695 687 677 666 656 644 631 619 607 596 588 583 584 590 599 609 621 632 644 656 667 679 690 701 710 718 727 736 745
-9999 -9999 -9999 -9999 -9999 -9999 -9999 -9999 -9999 -9999 -9999 -9999 -9999 -9999 -9999 -9999 -9999 -9999 -9999 -9999 181 222 260 299 347 432 558 614 499 433 384 336 337 299 236 299 319 318 410 699 726 681 787 911 929 982 926 802 725 713 721 728 710 706 703 697 690 681 672 662 649 638 625 612 600 590 582 577 578 582 591 602 614 625 636 649 661 672 683 695 704 713 722 730 739
-9999 -9999 -9999 -9999 -9999 -9999 -9999 -9999 -9999 -9999 -9999 -9999 -9999 -9999 -9999 -9999 -9999 -9999 129 152 195 250 306 363 445 547 693 665 523 446 426 364 318 295 306 312 487 405 357 723 725 618 772 900 868 867 781 752 725 712 706 720 711 704 700 694 687 678 668 657 646 633 621 609 597 587 579 575 574 579 587 597 608 620 632 644 655 666 678 688 699 708 717 725 731
-9999 -9999 -9999 -9999 -9999 -9999 -9999 -9999 -9999 -9999 -9999 -9999 -9999 -9999 -9999 -9999 -9999 130 145 179 236 299 396 484 544 595 698 757 703 577 423 400 336 298 337 321 568 548 622 749 708 647 851 840 766 849 781 729 720 713 706 707 745 704 698 692 685 676 666 654 643 631 620 608 596 588 581 577 577 580 587 595 605 616 627 639 650 663 673 685 695 705 712 718 724
-9999 -9999 -9999 -9999 -9999 -9999 -9999 -9999 -9999 -9999 -9999 -9999 -9999 -9999 -9999 100 132 174 172 223 301 371 447 558 725 698 794 820 745 689 450 408 372 350 343 313 481 653 684 724 700 749 901 829 730 847 756 761 749 720 706 707 774 707 698 690 683 674 664 654 643 631 620 609 599 590 583 581 581 583 588 595 605 614 625 636 647 659 670 682 692 700 707 713 717
-9999 -9999 -9999 -9999 -9999 -9999 -9999 -9999 -9999 -9999 -9999 -9999 -9999 -9999 93 111 162 198 227 328 436 524 606 737 812 815 834 803 777 768 504 420 379 352 328 320 450 643 669 653 733 833 877 779 693 788 776 743 732 730 707 711 775 709 699 690 681 673 664 653 643 631 621 611 602 594 589 586 585 587 591 598 606 614 624 633 645 655 665 677 687 696 702 708 712
-9999 -9999 -9999 -9999 -9999 -9999 -9999 -9999 -9999 -9999 -9999 -9999 -9999 -9999 114 152 187 250 326 531 604 663 721 792 867 892 833 802 736 605 502 439 402 361 369 380 478 624 655 690 788 838 784 824 698 767 822 822 777 726 710 708 722 723 701 692 681 674 665 654 644 634 623 614 605 599 593 591 590 590 594 600 607 615 623 632 643 652 662 672 682 690 696 702 708
-9999 -9999 -9999 -9999 -9999 -9999 -9999 -9999 -9999 -9999 -9999 -9999 82 104 145 194 233 323 410 483 591 660 828 944 922 851 778 702 616 547 504 403 419 371 381 436 453 607 659 678 735 795 784 794 787 752 796 832 833 735 714 712 712 757 704 692 683 674 665 655 645 636 626 618 610 603 598 596 595 595 598 602 608 616 623 631 641 649 659 668 677 684 692 697 703
-9999 -9999 -9999 -9999 -9999 -9999 -9999 -9999 -9999 -9999 -9999 -9999 84 116 161 210 294 375 441 547 583 683 849 914 845 802 809 754 630 528 476 386 432 423 400 430 523 590 621 687 713 759 779 763 856 784 802 758 796 732 716 715 716 770 705 696 686 675 666 657 648 638 629 621 614 607 603 601 599 599 602 605 610 617 623 631 639 647 656 664 673 680 687 693 699
-9999 -9999 -9999 -9999 -9999 -9999 -9999 -9999 -9999 -9999 -9999 71 90 124 171 292 466 406 440 526 579 652 757 835 816 806 776 670 619 531 505 442 439 455 405 427 519 479 530 633 714 741 756 758 816 781 819 797 747 727 723 720 721 762 707 698 687 676 668 658 649 641 633 624 617 612 608 606 604 604 606 609 612 617 623 630 637 644 653 661 669 676 683 689 696
-9999 -9999 -9999 -9999 -9999 -9999 -9999 -9999 -9999 -9999 59 78 89 119 210 370 432 356 410 472 527 567 656 697 748 769 705 670 624 557 606 535 428 457 408 417 493 467 597 659 709 729 750 744 762 763 813 787 750 731 729 723 737 741 707 698 687 678 669 660 651 643 635 627 621 616 611 609 607 607 609 611 614 618 624 629 635 643 650 658 665 673 679 687 693
-9999 -9999 -9999 -9999 -9999 -9999 -9999 -9999 -9999 49 57 71 94 132 234 339 296 304 357 413 451 474 501 586 695 750 692 713 632 598 551 552 494 467 425 429 446 482 571 666 700 719 735 743 764 757 788 773 761 738 734 726 737 736 711 701 689 679 670 661 653 647 641 634 625 620 615 612 611 610 611 612 615 620 623 629 635 641 648 655 662 669 676 683 690
-9999 -9999 -9999 -9999 -9999 -9999 -9999 -9999 -9999 42 48 62 83 126 240 227 230 249 292 324 358 387 427 520 500 617 669 702 609 633 492 528 513 497 458 476 472 532 571 665 691 716 739 748 759 757 768 775 760 744 737 731 733 733 711 701 689 679 670 665 661 654 648 641 633 624 618 615 614 613 613 615 617 620 624 628 634 639 646 653 660 667 674 681 688
-9999 -9999 -9999 -9999 -9999 -9999 -9999 -9999 35 36 43 53 73 127 157 164 180 201 233 255 285 316 345 458 419 540 616 626 598 573 517 526 438 463 485 484 485 517 597 620 686 718 739 756 760 770 771 774 759 750 741 733 736 723 705 697 689 678 674 670 666 661 655 649 640 631 621 618 617 615 615 617 617 621 623 628 632 638 644 650 657 664 671 678 685
-9999 -9999 -9999 -9999 -9999 -9999 -9999 -9999 -9999 28 37 56 97 108 113 128 148 165 185 211 235 269 313 375 445 596 586 665 631 557 553 529 474 469 506 496 485 516 521 574 641 721 746 734 774 779 780 776 762 753 743 740 736 717 704 694 686 679 677 674 670 666 662 655 647 638 628 621 618 617 617 617 618 620 623 626 630 636 642 649 654 661 668 676 683
-9999 -9999 -9999 -9999 -9999 -9999 -9999 -9999 18 23 34 66 113 113 88 103 123 140 161 182 198 240 352 358 428 552 621 635 617 637 609 459 459 517 542 503 492 486 467 524 658 710 752 723 760 785 784 777 765 754 748 740 729 715 703 691 683 679 678 676 674 672 667 662 655 643 632 622 620 618 618 618 619 620 622 625 629 634 639 645 653 660 667 675 682
-9999 -9999 -9999 -9999 -9999 -9999 -9999 -9999 17 22 30 47 61 67 74 87 102 121 143 162 181 207 267 414 556 544 581 565 579 609 435 359 437 514 581 515 475 468 524 565 617 716 703 729 774 793 788 777 770 754 736 727 722 708 698 687 680 679 677 677 675 675 673 669 661 649 637 624 622 620 619 619 618 620 621 623 627 632 638 644 650 658 665 673 678
-9999 -9999 -9999 -9999 -9999 -9999 -9999 -9999 -9999 22 30 38 48 58 65 73 83 98 122 150 174 199 295 460 554 514 548 542 539 569 421 388 504 525 598 538 459 453 513 541 616 698 671 748 800 802 789 779 762 752 709 726 716 701 692 682 676 676 675 675 674 676 677 675 665 652 638 625 622 621 620 619 619 618 620 621 625 630 635 642 649 656 662 670 677
-9999 -9999 -9999 -9999 -9999 -9999 -9999 -9999 -9999 -9999 28 35 41 49 56 62 70 79 107 140 168 190 286 496 540 428 517 505 496 485 504 412 489 477 616 572 473 458 523 566 618 694 661 758 789 789 785 770 755 743 691 708 703 694 682 674 670 669 669 670 671 673 674 674 665 651 639 626 623 622 621 620 618 619 618 619 622 627 633 640 647 654 662 668 675
-9999 -9999 -9999 -9999 -9999 -9999 -9999 -9999 -9999 -9999 -9999 33 38 44 49 56 61 76 100 133 162 184 228 429 539 471 422 503 477 491 339 437 428 473 595 559 485 431 499 531 571 661 661 753 749 740 757 760 743 723 669 673 682 679 672 665 660 660 661 663 664 666 666 664 657 646 636 624 624 624 622 621 619 617 616 618 620 625 631 638 646 653 661 667 673
-9999 -9999 -9999 -9999 -9999 -9999 -9999 -9999 -9999 -9999 -9999 30 35 38 42 47 55 71 96 123 149 171 201 298 461 528 493 462 430 373 300 372 392 407 530 559 532 441 511 425 466 577 692 756 762 638 661 724 708 608 591 614 634 649 657 653 647 649 652 653 656 657 657 654 648 641 632 626 626 625 624 622 621 618 616 615 618 623 630 638 645 653 660 668 672
-9999 -9999 -9999 -9999 -9999 -9999 -9999 -9999 -9999 -9999 24 27 30 33 37 41 49 66 91 117 138 158 184 213 289 428 485 438 435 335 363 391 408 379 451 456 521 441 486 406 477 528 607 712 733 697 637 676 694 641 570 576 612 612 610 635 635 636 640 642 644 647 647 643 640 633 627 626 627 626 627 625 624 620 616 613 615 622 630 638 646 654 660 667 672
-9999 -9999 -9999 -9999 -9999 -9999 -9999 -9999 -9999 20 25 28 31 30 32 36 42 58 85 110 128 148 172 198 217 263 371 420 410 366 396 358 345 363 349 375 442 473 488 405 429 465 621 695 708 657 634 597 578 618 580 543 590 579 580 583 606 613 625 630 632 633 635 633 629 626 625 627 629 630 631 630 628 625 619 613 615 623 632 640 648 656 663 669 674
-9999 -9999 -9999 -9999 -9999 -9999 -9999 -9999 -9999 -9999 -9999 27 27 26 28 31 38 53 77 101 119 137 155 181 199 272 250 306 396 344 339 367 348 325 357 357 375 418 472 427 390 425 585 593 595 552 507 528 472 511 500 504 550 520 537 560 557 564 588 609 620 621 624 623 621 621 624 627 630 631 634 635 635 633 627 623 623 629 635 644 651 658 665 670 676
-9999 -9999 -9999 -9999 -9999 -9999 -9999 -9999 -9999 -9999 -9999 -9999 23 25 25 28 35 48 68 90 110 126 138 152 194 220 255 309 376 370 344 335 358 325 356 355 360 399 445 454 408 411 517 448 446 437 452 445 419 445 452 454 485 477 492 531 549 546 546 551 573 606 612 614 615 619 622 626 629 634 637 641 644 643 639 634 632 636 640 648 655 662 668 674 680
-9999 -9999 -9999 -9999 -9999 -9999 -9999 -9999 -9999 -9999 -9999 -9999 -9999 23 24 26 32 44 61 79 99 115 126 137 176 239 270 273 370 348 364 318 375 353 325 362 369 370 382 427 424 421 446 396 368 390 407 419 397 407 411 422 440 443 449 471 513 528 526 542 536 542 596 606 610 616 620 625 631 636 641 645 649 654 648 642 640 642 646 652 660 667 674 680 685
-9999 -9999 -9999 -9999 -9999 -9999 -9999 -9999 -9999 -9999 -9999 -9999 -9999 22 24 27 31 40 53 70 88 101 116 131 170 246 303 273 354 349 413 327 377 365 341 331 347 349 346 346 408 438 371 355 354 363 362 362 377 377 389 400 419 414 428 452 470 473 489 507 510 508 543 603 610 616 623 629 635 641 646 650 654 656 653 647 646 648 652 657 665 673 679 686 690
-9999 -9999 -9999 -9999 -9999 -9999 -9999 -9999 -9999 -9999 -9999 -9999 -9999 -9999 25 27 30 39 48 60 77 89 104 117 133 146 219 286 343 409 388 313 367 366 313 334 330 340 319 343 385 399 357 337 336 355 356 343 354 350 363 374 393 401 413 427 434 444 462 473 491 492 496 584 610 618 626 634 639 645 650 654 656 656 654 652 651 653 658 664 672 680 686 692 698
-9999 -9999 -9999 -9999 -9999 -9999 -9999 -9999 -9999 -9999 -9999 -9999 -9999 -9999 23 26 30 36 43 53 65 79 90 102 115 128 164 279 396 438 401 325 372 375 321 311 329 324 295 318 338 346 358 311 304 320 350 326 331 333 345 353 369 400 426 440 440 463 472 483 467 470 491 563 608 618 628 636 644 649 654 656 657 655 653 652 653 657 663 670 678 687 695 702 708
-9999 -9999 -9999 -9999 -9999 -9999 -9999 -9999 -9999 -9999 -9999 -9999 -9999 21 24 25 29 34 40 48 57 67 77 88 109 115 141 217 350 419 350 306 357 361 334 298 322 324 278 282 275 276 282 293 299 280 325 341 316 319 350 338 360 360 396 431 456 466 473 484 488 469 460 518 583 617 627 639 646 654 659 659 658 653 651 652 654 658 665 674 683 693 703 712 722
-9999 -9999 -9999 -9999 -9999 -9999 -9999 -9999 -9999 -9999 20 28 20 20 23 26 28 32 37 42 50 59 68 78 91 105 121 162 248 340 417 327 317 308 329 284 287 287 255 253 278 295 295 277 238 228 270 317 302 319 323 380 348 346 361 405 449 467 473 464 472 458 440 508 552 591 626 642 651 657 664 664 660 657 655 655 658 662 667 676 687 698 711 723 733
-9999 -9999 -9999 -9999 -9999 -9999 -9999 -9999 -9999 -9999 21 37 27 22 23 25 27 30 34 39 46 53 61 69 83 130 144 149 246 320 406 366 327 284 309 308 296 261 280 238 234 288 295 300 290 256 275 297 289 356 364 378 396 388 353 370 429 464 471 466 443 451 427 457 486 546 630 647 656 661 670 673 670 665 662 661 663 667 673 682 691 703 716 729 744
