bio_clim/bio_19.asc
ncols         156
nrows         252
xllcorner     -82
yllcorner     -8
cellsize      0.083333337679505
NODATA_value  -9999
[rows 114 to 151 of 252, columns 0 to 85 of 156]
-9999 -9999 -9999 -9999 -9999 -9999 -9999 -9999 -9999 -9999 -9999 -9999 -9999 -9999 -9999 -9999 -9999 -9999 -9999 -9999 -9999 -9999 -9999 -9999 -9999 -9999 -9999 -9999 -9999 -9999 -9999 -9999 -9999 -9999 -9999 -9999 -9999 -9999 -9999 -9999 -9999 -9999 -9999 -9999 -9999 -9999 -9999 -9999 -9999 -9999 -9999 -9999 -9999 -9999 -9999 -9999 2144 2103 2016 1479 903 699 650 727 592 423 346 340 346 510 618 537 743 631 748 916 911 865 922 878 923 743 592 657 760 643
-9999 -9999 -9999 -9999 -9999 -9999 -9999 -9999 -9999 -9999 -9999 -9999 -9999 -9999 -9999 -9999 -9999 -9999 -9999 -9999 -9999 -9999 -9999 -9999 -9999 -9999 -9999 -9999 -9999 -9999 -9999 -9999 -9999 -9999 -9999 -9999 -9999 -9999 -9999 -9999 -9999 -9999 -9999 -9999 -9999 -9999 -9999 -9999 -9999 -9999 -9999 -9999 -9999 -9999 -9999 2129 2097 2028 1973 1336 879 810 796 836 707 463 391 367 386 517 661 395 531 688 760 915 906 952 972 871 773 616 556 653 714 610
-9999 -9999 -9999 -9999 -9999 -9999 -9999 -9999 -9999 -9999 -9999 -9999 -9999 -9999 -9999 -9999 -9999 -9999 -9999 -9999 -9999 -9999 -9999 -9999 -9999 -9999 -9999 -9999 -9999 -9999 -9999 -9999 -9999 -9999 -9999 -9999 -9999 -9999 -9999 -9999 -9999 -9999 -9999 -9999 -9999 -9999 -9999 -9999 -9999 -9999 -9999 -9999 -9999 -9999 2118 2139 2104 2029 1926 1375 911 891 883 848 754 525 453 420 434 557 659 391 379 656 781 834 893 929 951 842 642 569 517 478 502 559
-9999 -9999 -9999 -9999 -9999 -9999 -9999 -9999 -9999 -9999 -9999 -9999 -9999 -9999 -9999 -9999 -9999 -9999 -9999 -9999 -9999 -9999 -9999 -9999 -9999 -9999 -9999 -9999 -9999 -9999 -9999 -9999 -9999 -9999 -9999 -9999 -9999 -9999 -9999 -9999 -9999 -9999 -9999 -9999 -9999 -9999 -9999 -9999 -9999 -9999 -9999 -9999 -9999 2067 2153 2213 2207 2163 2048 1295 985 944 906 875 770 598 529 497 514 605 677 396 380 619 661 753 845 868 888 824 581 540 494 465 611 427
-9999 -9999 -9999 -9999 -9999 -9999 -9999 -9999 -9999 -9999 -9999 -9999 -9999 -9999 -9999 -9999 -9999 -9999 -9999 -9999 -9999 -9999 -9999 -9999 -9999 -9999 -9999 -9999 -9999 -9999 -9999 -9999 -9999 -9999 -9999 -9999 -9999 -9999 -9999 -9999 -9999 -9999 -9999 -9999 -9999 -9999 -9999 -9999 -9999 -9999 -9999 -9999 -9999 2071 2209 2341 2426 2414 1822 1237 1376 1017 948 887 767 662 606 585 627 637 412 414 413 363 625 726 794 806 853 716 552 522 493 535 318 359
-9999 -9999 -9999 -9999 -9999 -9999 -9999 -9999 -9999 -9999 -9999 -9999 -9999 -9999 -9999 -9999 -9999 -9999 -9999 -9999 -9999 -9999 -9999 -9999 -9999 -9999 -9999 -9999 -9999 -9999 -9999 -9999 -9999 -9999 -9999 -9999 -9999 -9999 -9999 -9999 -9999 -9999 -9999 -9999 -9999 -9999 -9999 -9999 -9999 -9999 -9999 -9999 1917 2083 2273 2474 2637 2690 1972 1162 1075 1023 973 913 811 734 667 652 659 619 429 436 386 591 662 699 316 737 757 621 533 520 538 614 332 328
-9999 -9999 -9999 -9999 -9999 -9999 -9999 -9999 -9999 -9999 -9999 -9999 -9999 -9999 -9999 -9999 -9999 -9999 -9999 -9999 -9999 -9999 -9999 -9999 -9999 -9999 -9999 -9999 -9999 -9999 -9999 -9999 -9999 -9999 -9999 -9999 -9999 -9999 -9999 -9999 -9999 -9999 -9999 -9999 -9999 -9999 -9999 -9999 -9999 -9999 -9999 -9999 1880 2079 2312 2564 2782 2818 1995 1677 1163 1038 1009 903 833 763 707 698 650 609 439 483 402 366 324 318 683 708 691 584 513 532 558 379 335 374
-9999 -9999 -9999 -9999 -9999 -9999 -9999 -9999 -9999 -9999 -9999 -9999 -9999 -9999 -9999 -9999 -9999 -9999 -9999 -9999 -9999 -9999 -9999 -9999 -9999 -9999 -9999 -9999 -9999 -9999 -9999 -9999 -9999 -9999 -9999 -9999 -9999 -9999 -9999 -9999 -9999 -9999 -9999 -9999 -9999 -9999 -9999 -9999 -9999 -9999 -9999 -9999 1846 2062 2296 2521 2754 2796 2249 1886 1219 1075 1022 882 807 736 708 697 622 429 458 417 341 406 371 321 649 669 649 599 547 547 578 331 376 403
-9999 -9999 -9999 -9999 -9999 -9999 -9999 -9999 -9999 -9999 -9999 -9999 -9999 -9999 -9999 -9999 -9999 -9999 -9999 -9999 -9999 -9999 -9999 -9999 -9999 -9999 -9999 -9999 -9999 -9999 -9999 -9999 -9999 -9999 -9999 -9999 -9999 -9999 -9999 -9999 -9999 -9999 -9999 -9999 -9999 -9999 -9999 -9999 -9999 -9999 -9999 -9999 1829 2025 2228 2386 2392 2091 1873 1521 1137 1106 1017 857 774 684 720 658 607 454 342 528 530 415 319 316 382 638 626 612 581 560 313 346 363 400
-9999 -9999 -9999 -9999 -9999 -9999 -9999 -9999 -9999 -9999 -9999 -9999 -9999 -9999 -9999 -9999 -9999 -9999 -9999 -9999 -9999 -9999 -9999 -9999 -9999 -9999 -9999 -9999 -9999 -9999 -9999 -9999 -9999 -9999 -9999 -9999 -9999 -9999 -9999 -9999 -9999 -9999 -9999 -9999 -9999 -9999 -9999 -9999 -9999 -9999 1391 1606 1781 1935 2086 2131 1678 1757 1639 1247 1090 1115 1008 866 794 745 747 626 472 462 307 513 515 339 547 421 584 615 608 603 558 308 361 366 376 395
-9999 -9999 -9999 -9999 -9999 -9999 -9999 -9999 -9999 -9999 -9999 -9999 -9999 -9999 -9999 -9999 -9999 -9999 -9999 -9999 -9999 -9999 -9999 -9999 -9999 -9999 -9999 -9999 -9999 -9999 -9999 -9999 -9999 -9999 -9999 -9999 -9999 -9999 -9999 -9999 -9999 -9999 -9999 869 911 941 967 997 916 986 1265 1532 1566 1791 1848 1511 1388 1377 1461 1247 1151 1189 967 880 822 784 735 608 497 533 410 504 488 511 521 556 591 584 576 561 520 315 384 434 406 413
-9999 -9999 -9999 -9999 -9999 -9999 -9999 -9999 -9999 -9999 -9999 -9999 -9999 -9999 -9999 -9999 -9999 -9999 -9999 -9999 -9999 -9999 -9999 -9999 -9999 -9999 -9999 -9999 -9999 -9999 -9999 -9999 -9999 -9999 -9999 -9999 -9999 -9999 -9999 -9999 -9999 -9999 799 840 876 909 938 886 905 972 1186 1442 1498 1459 1304 1360 1311 1310 1248 1175 1240 1165 914 876 832 790 751 312 495 538 369 469 483 500 524 154 152 538 513 482 476 407 426 406 391 390
-9999 -9999 -9999 -9999 -9999 -9999 -9999 -9999 -9999 -9999 -9999 -9999 -9999 -9999 -9999 -9999 -9999 -9999 -9999 -9999 -9999 -9999 -9999 -9999 -9999 -9999 -9999 -9999 -9999 -9999 -9999 -9999 -9999 -9999 -9999 -9999 -9999 -9999 -9999 -9999 -9999 726 891 811 853 890 875 902 940 1022 1160 1304 1367 1235 1275 1305 1289 1234 1226 1178 1293 1009 902 882 852 826 744 488 484 481 365 500 485 239 211 149 144 158 248 278 359 445 419 387 366 384
-9999 -9999 -9999 -9999 -9999 -9999 -9999 -9999 -9999 -9999 -9999 -9999 -9999 -9999 -9999 -9999 -9999 -9999 -9999 -9999 -9999 -9999 -9999 -9999 -9999 -9999 -9999 -9999 -9999 -9999 -9999 -9999 -9999 -9999 -9999 -9999 -9999 -9999 -9999 -9999 -9999 692 744 794 830 886 894 930 973 1042 1130 1208 1213 1067 1213 1238 1305 1213 1267 1263 1072 953 888 934 935 863 347 675 632 469 385 560 461 274 288 233 178 195 325 465 491 422 380 379 385 410
-9999 -9999 -9999 -9999 -9999 -9999 -9999 -9999 -9999 -9999 -9999 -9999 -9999 -9999 -9999 -9999 -9999 -9999 -9999 -9999 -9999 -9999 -9999 -9999 -9999 -9999 -9999 -9999 -9999 -9999 -9999 -9999 -9999 -9999 -9999 -9999 -9999 -9999 -9999 -9999 618 667 729 784 838 891 937 983 998 1046 1099 1141 1071 1166 1309 1150 1257 1238 1251 1080 821 779 856 955 988 241 480 717 510 411 452 425 485 394 278 193 173 291 443 582 448 410 371 409 428 445
-9999 -9999 -9999 -9999 -9999 -9999 -9999 -9999 -9999 -9999 -9999 -9999 -9999 -9999 -9999 -9999 -9999 -9999 -9999 -9999 -9999 -9999 -9999 -9999 -9999 -9999 -9999 -9999 -9999 -9999 -9999 -9999 -9999 -9999 -9999 -9999 -9999 -9999 -9999 -9999 579 645 714 778 843 907 952 1002 1018 1045 1067 1075 984 1160 1190 1222 1210 1244 1146 775 743 829 798 1068 871 390 328 537 393 437 457 427 412 384 233 187 210 367 550 566 433 401 398 443 470 492
-9999 -9999 -9999 -9999 -9999 -9999 -9999 -9999 -9999 -9999 -9999 -9999 -9999 -9999 -9999 -9999 -9999 -9999 -9999 -9999 -9999 -9999 -9999 -9999 -9999 -9999 -9999 -9999 -9999 -9999 -9999 -9999 -9999 -9999 -9999 -9999 -9999 -9999 -9999 -9999 548 707 699 777 852 937 976 1014 1035 1044 1044 999 927 890 1019 1138 1097 1173 772 670 666 799 918 1011 466 584 453 343 427 474 509 491 500 313 241 239 344 496 624 507 420 423 455 503 525 510
-9999 -9999 -9999 -9999 -9999 -9999 -9999 -9999 -9999 -9999 -9999 -9999 -9999 -9999 -9999 -9999 -9999 -9999 -9999 -9999 -9999 -9999 -9999 -9999 -9999 -9999 -9999 -9999 -9999 -9999 -9999 -9999 -9999 -9999 -9999 -9999 -9999 -9999 -9999 -9999 519 704 768 843 870 973 1010 1046 1053 1078 1010 934 884 812 964 1124 1055 910 598 598 759 1055 1011 353 416 435 360 379 472 480 474 455 346 301 292 352 506 563 536 523 459 479 552 604 646 592
-9999 -9999 -9999 -9999 -9999 -9999 -9999 -9999 -9999 -9999 -9999 -9999 -9999 -9999 -9999 -9999 -9999 -9999 -9999 -9999 -9999 -9999 -9999 -9999 -9999 -9999 -9999 -9999 -9999 -9999 -9999 -9999 -9999 -9999 -9999 -9999 -9999 -9999 -9999 -9999 -9999 589 690 791 897 1057 1065 1093 1075 1042 964 896 826 743 918 986 924 555 537 540 709 913 296 414 491 392 401 547 469 439 389 393 414 422 362 454 591 541 503 574 549 648 846 813 744 682
-9999 -9999 -9999 -9999 -9999 -9999 -9999 -9999 -9999 -9999 -9999 -9999 -9999 -9999 -9999 -9999 -9999 -9999 -9999 -9999 -9999 -9999 -9999 -9999 -9999 -9999 -9999 -9999 -9999 -9999 -9999 -9999 -9999 -9999 -9999 -9999 -9999 -9999 -9999 -9999 -9999 585 690 875 997 1099 1166 1136 1122 1032 942 865 772 697 799 849 567 515 512 507 785 774 766 324 537 578 403 495 434 401 368 445 509 485 471 625 602 519 557 566 620 921 929 877 820 759
-9999 -9999 -9999 -9999 -9999 -9999 -9999 -9999 -9999 -9999 -9999 -9999 -9999 -9999 -9999 -9999 -9999 -9999 -9999 -9999 -9999 -9999 -9999 -9999 -9999 -9999 -9999 -9999 -9999 -9999 -9999 -9999 -9999 -9999 -9999 -9999 -9999 -9999 290 -9999 472 555 749 896 1025 1154 1175 1181 1133 1014 914 822 748 670 787 816 498 624 617 687 780 732 261 385 442 480 445 494 597 592 551 567 562 559 651 668 586 637 621 627 792 1002 964 913 863 811
-9999 -9999 -9999 -9999 -9999 -9999 -9999 -9999 -9999 -9999 -9999 -9999 -9999 -9999 -9999 -9999 -9999 -9999 -9999 -9999 -9999 -9999 -9999 -9999 -9999 -9999 -9999 -9999 -9999 -9999 -9999 -9999 -9999 -9999 -9999 -9999 -9999 293 327 387 485 607 752 913 1057 1198 1260 1206 1134 998 963 840 860 631 738 704 481 610 620 785 722 384 527 454 349 407 510 564 596 689 671 648 647 687 672 658 802 878 777 697 915 1015 974 931 890 848
-9999 -9999 -9999 -9999 -9999 -9999 -9999 -9999 -9999 -9999 -9999 -9999 -9999 -9999 -9999 -9999 -9999 -9999 -9999 -9999 -9999 -9999 -9999 -9999 -9999 -9999 -9999 -9999 -9999 -9999 -9999 -9999 -9999 -9999 -9999 -9999 260 290 332 394 489 627 761 920 1052 1170 1206 1173 1100 1028 905 917 829 769 655 627 485 613 650 649 623 599 559 552 408 453 577 601 719 679 700 761 737 773 800 813 1087 1109 994 782 1018 1019 974 939 905 873
-9999 -9999 -9999 -9999 -9999 -9999 -9999 -9999 -9999 -9999 -9999 -9999 -9999 -9999 -9999 -9999 -9999 -9999 -9999 -9999 -9999 -9999 -9999 -9999 -9999 -9999 -9999 -9999 -9999 -9999 -9999 -9999 -9999 -9999 -9999 -9999 -9999 291 341 399 495 624 780 926 1049 1100 1119 1109 1074 965 1009 821 663 712 666 614 598 644 760 228 439 662 524 475 531 529 592 678 753 761 771 822 819 955 969 1053 1180 1199 1086 1028 1065 1022 980 948 917 890
-9999 -9999 -9999 -9999 -9999 -9999 -9999 -9999 -9999 -9999 -9999 -9999 -9999 -9999 -9999 -9999 -9999 -9999 -9999 -9999 -9999 -9999 -9999 -9999 -9999 -9999 -9999 -9999 -9999 -9999 -9999 -9999 -9999 -9999 -9999 -9999 -9999 -9999 339 428 518 639 792 898 1018 1095 1235 1152 1212 1113 1017 767 631 672 628 541 554 605 620 671 564 656 506 560 746 651 746 712 808 856 901 874 957 1040 1054 1110 1149 1164 1143 1094 1062 1024 987 955 926 903
-9999 -9999 -9999 -9999 -9999 -9999 -9999 -9999 -9999 -9999 -9999 -9999 -9999 -9999 -9999 -9999 -9999 -9999 -9999 -9999 -9999 -9999 -9999 -9999 -9999 -9999 -9999 -9999 -9999 -9999 -9999 -9999 -9999 -9999 -9999 -9999 -9999 -9999 346 424 508 608 747 863 1034 1211 1656 1339 1220 1111 917 606 581 612 621 679 566 612 605 257 663 649 625 601 760 1010 840 890 867 910 954 994 1088 1080 1062 1085 1113 1126 1114 1085 1052 1018 991 961 933 909
-9999 -9999 -9999 -9999 -9999 -9999 -9999 -9999 -9999 -9999 -9999 -9999 -9999 -9999 -9999 -9999 -9999 -9999 -9999 -9999 -9999 -9999 -9999 -9999 -9999 -9999 -9999 -9999 -9999 -9999 -9999 -9999 -9999 -9999 -9999 -9999 263 333 396 451 537 611 711 858 1077 1460 1444 949 818 847 635 537 521 524 477 157 166 257 380 421 649 914 688 704 909 1192 1185 893 987 1034 1098 1145 1142 1093 1064 1074 1092 1096 1086 1063 1037 1006 982 961 936 914
-9999 -9999 -9999 -9999 -9999 -9999 -9999 -9999 -9999 -9999 -9999 -9999 -9999 -9999 -9999 -9999 -9999 -9999 -9999 -9999 -9999 -9999 -9999 -9999 -9999 -9999 -9999 -9999 -9999 -9999 -9999 -9999 -9999 -9999 -9999 250 381 328 483 531 558 649 726 904 957 1161 1123 891 659 536 133 155 145 447 444 364 173 353 617 586 534 730 719 734 1234 1116 918 1020 1205 1198 1170 1152 1140 1110 1080 1075 1078 1072 1059 1041 1018 990 969 952 932 914
-9999 -9999 -9999 -9999 -9999 -9999 -9999 -9999 -9999 -9999 -9999 -9999 -9999 -9999 -9999 -9999 -9999 -9999 -9999 -9999 -9999 -9999 -9999 -9999 -9999 -9999 -9999 -9999 -9999 -9999 -9999 -9999 -9999 -9999 349 368 392 443 389 530 543 728 752 901 1072 1078 681 734 515 131 144 216 182 149 160 226 311 450 451 516 719 856 1040 1116 1383 1337 1090 1244 1195 1161 1150 1144 1132 1114 1095 1081 1068 1054 1034 1016 995 969 955 942 926 912
-9999 -9999 -9999 -9999 -9999 -9999 -9999 -9999 -9999 -9999 -9999 -9999 -9999 -9999 -9999 -9999 -9999 -9999 -9999 -9999 -9999 -9999 -9999 -9999 -9999 -9999 -9999 -9999 -9999 -9999 92 131 189 254 407 456 461 485 508 525 544 801 860 996 1036 889 721 531 444 128 164 163 157 154 186 278 392 450 456 685 762 784 874 1316 1469 1420 1355 1186 1312 1156 1146 1140 1123 1107 1091 1074 1059 1037 1014 989 969 947 933 928 917 912
-9999 -9999 -9999 -9999 -9999 -9999 -9999 -9999 -9999 -9999 -9999 -9999 -9999 -9999 -9999 -9999 -9999 -9999 -9999 -9999 -9999 -9999 -9999 -9999 -9999 -9999 -9999 63 55 67 95 141 261 364 481 582 597 556 535 515 670 901 921 765 760 663 504 108 139 234 178 141 187 192 202 401 437 487 519 720 829 853 917 1376 1366 1391 1363 1146 1147 1146 1141 1131 1114 1098 1081 1059 1040 1022 997 970 940 923 916 912 910 902
-9999 -9999 -9999 -9999 -9999 -9999 -9999 -9999 -9999 -9999 -9999 -9999 -9999 -9999 -9999 -9999 -9999 -9999 -9999 -9999 -9999 -9999 -9999 -9999 -9999 -9999 78 65 69 99 126 165 230 383 515 628 636 579 523 480 819 829 868 694 536 462 411 107 188 209 139 145 161 198 284 393 352 537 635 720 754 1090 1283 1271 1270 1307 1326 1302 1291 1140 1136 1125 1111 1089 1067 1047 1021 998 976 945 915 895 895 899 899 896
-9999 -9999 -9999 -9999 -9999 -9999 -9999 -9999 -9999 -9999 -9999 -9999 -9999 -9999 -9999 -9999 -9999 -9999 -9999 -9999 -9999 -9999 -9999 138 133 115 93 85 97 117 146 189 248 388 497 579 590 546 469 676 729 634 689 676 615 449 100 108 262 187 141 153 190 249 340 390 426 546 643 801 1086 1207 1145 1155 1185 1217 1252 1264 1274 1130 1126 1110 1097 1079 1058 1037 1011 981 953 923 890 866 873 884 892 892
-9999 -9999 -9999 -9999 -9999 -9999 -9999 -9999 -9999 -9999 -9999 -9999 -9999 -9999 -9999 -9999 -9999 -9999 -9999 -9999 -9999 -9999 -9999 157 164 136 114 109 122 154 168 211 259 319 380 483 511 465 497 639 639 592 582 486 424 414 309 174 212 245 202 197 259 302 347 422 499 621 845 1045 1074 1058 1065 1088 1105 1138 1187 1218 1232 1229 1094 1092 1080 1067 1047 1025 999 969 940 911 876 855 861 875 887 891
-9999 -9999 -9999 -9999 -9999 -9999 -9999 -9999 -9999 -9999 -9999 -9999 -9999 -9999 -9999 -9999 -9999 -9999 -9999 -9999 -9999 -9999 -9999 -9999 188 164 128 129 145 186 194 220 261 307 353 425 387 515 560 595 600 610 515 424 108 318 285 102 111 164 156 233 312 333 385 532 548 772 975 1052 1078 1044 1027 1054 1065 1096 1149 1176 1198 1195 1063 1065 1066 1051 1033 1010 987 963 941 917 882 863 865 876 888 893
-9999 -9999 -9999 -9999 -9999 -9999 -9999 -9999 -9999 -9999 -9999 -9999 -9999 -9999 -9999 -9999 -9999 -9999 -9999 -9999 -9999 -9999 -9999 -9999 200 176 141 141 156 176 201 223 261 305 337 365 399 567 598 572 548 465 89 109 105 69 221 73 102 127 169 267 364 352 443 512 697 918 931 997 1024 1011 1012 1041 1060 1094 1132 1151 1158 1165 1044 1044 1042 1035 1025 1003 980 954 929 912 892 872 870 879 892 897
-9999 -9999 -9999 -9999 -9999 -9999 -9999 -9999 -9999 -9999 -9999 -9999 -9999 -9999 -9999 -9999 -9999 -9999 -9999 -9999 -9999 -9999 -9999 168 168 153 137 148 154 167 189 214 244 288 312 296 511 585 557 541 462 441 91 138 136 64 167 157 97 155 234 249 315 396 471 612 863 853 872 941 955 970 998 1033 1062 1089 1110 1120 1120 997 1015 1027 1034 1027 1012 996 976 955 927 907 893 881 879 881 894 903
-9999 -9999 -9999 -9999 -9999 -9999 -9999 -9999 -9999 -9999 -9999 -9999 -9999 -9999 -9999 -9999 -9999 -9999 -9999 -9999 -9999 -9999 -9999 -9999 149 145 129 145 146 172 191 213 241 270 291 330 527 553 499 468 408 501 382 142 88 68 63 97 113 172 259 277 351 478 551 773 870 854 861 896 931 952 986 1024 1048 1071 1084 1100 965 978 992 1007 1020 1022 1008 990 966 945 927 910 896 891 889 889 897 911
