bio_clim/bio_19.asc
ncols         156
nrows         252
xllcorner     -82
yllcorner     -8
cellsize      0.083333337679505
NODATA_value  -9999
[rows 152 to 189 of 252, columns 0 to 85 of 156]
-9999 -9999 -9999 -9999 -9999 -9999 -9999 -9999 -9999 -9999 -9999 -9999 -9999 -9999 -9999 -9999 -9999 -9999 -9999 -9999 -9999 -9999 -9999 -9999 130 129 118 132 138 148 164 186 217 250 285 329 353 530 514 465 424 380 101 92 85 105 97 164 151 210 259 340 442 635 820 901 879 862 879 900 925 949 979 1013 1041 1066 1079 1086 1083 977 987 992 1008 1016 1003 985 963 940 920 905 896 897 897 897 904 919
-9999 -9999 -9999 -9999 -9999 -9999 -9999 -9999 -9999 -9999 -9999 -9999 -9999 -9999 -9999 -9999 -9999 -9999 -9999 -9999 -9999 -9999 -9999 -9999 -9999 108 106 112 118 127 143 166 198 246 323 362 325 283 447 428 387 400 97 88 91 107 114 213 243 239 258 399 709 822 823 935 937 880 918 939 957 973 999 1028 1037 1047 1055 1055 1051 955 979 988 994 1009 1001 985 961 940 918 900 891 889 894 905 913 924
-9999 -9999 -9999 -9999 -9999 -9999 -9999 -9999 -9999 -9999 -9999 -9999 -9999 -9999 -9999 -9999 -9999 -9999 -9999 -9999 -9999 -9999 -9999 75 83 94 102 100 100 108 127 156 194 237 353 401 323 480 454 401 348 302 280 78 177 130 131 202 291 268 307 456 666 985 887 1000 1053 932 939 961 982 1001 1024 1037 1043 1041 932 938 946 954 969 979 986 992 986 971 949 929 908 892 882 881 888 903 921 938
-9999 -9999 -9999 -9999 -9999 -9999 -9999 -9999 -9999 -9999 -9999 -9999 -9999 -9999 -9999 -9999 -9999 -9999 -9999 -9999 -9999 -9999 -9999 60 75 82 89 91 86 90 115 157 210 265 369 376 484 526 436 380 141 100 78 69 77 79 104 346 373 283 313 414 726 1010 1070 929 979 930 960 990 1012 1023 1028 1027 1031 1034 928 933 931 939 963 975 980 976 965 944 924 909 889 874 865 871 885 901 924 946
-9999 -9999 -9999 -9999 -9999 -9999 -9999 -9999 -9999 -9999 -9999 -9999 -9999 -9999 -9999 -9999 -9999 -9999 -9999 -9999 -9999 -9999 47 57 69 82 89 85 80 80 111 161 211 266 328 336 460 478 433 191 111 92 73 63 64 151 185 387 413 344 365 442 628 969 1134 939 979 967 996 1017 1037 1041 1029 1015 1012 1012 913 912 920 923 940 952 956 958 953 929 908 888 872 859 848 854 874 899 927 954
-9999 -9999 -9999 -9999 -9999 -9999 -9999 -9999 -9999 -9999 -9999 -9999 -9999 -9999 -9999 -9999 -9999 -9999 -9999 -9999 -9999 36 48 57 73 85 91 92 88 97 127 163 192 233 272 395 405 439 267 174 124 133 76 66 77 293 356 432 455 442 468 534 785 942 1129 1023 1047 995 1005 1030 1038 1027 1019 873 873 879 892 895 901 913 917 924 933 932 921 912 891 873 857 844 838 848 870 899 930 961
-9999 -9999 -9999 -9999 -9999 -9999 -9999 -9999 -9999 -9999 -9999 -9999 -9999 -9999 -9999 -9999 -9999 -9999 -9999 -9999 28 32 43 62 79 94 104 105 104 117 146 167 174 209 236 249 370 403 210 139 139 139 92 78 162 306 376 404 415 427 498 813 821 1018 1192 1151 999 988 993 1016 1016 1000 850 979 855 864 876 884 892 897 905 907 906 912 907 895 883 865 851 843 840 850 872 898 929 960
-9999 -9999 -9999 -9999 -9999 -9999 -9999 -9999 -9999 -9999 -9999 -9999 -9999 -9999 -9999 -9999 -9999 -9999 -9999 19 21 28 36 59 88 111 117 118 115 127 153 254 165 169 215 328 352 229 190 139 150 129 103 95 211 292 366 431 445 443 675 787 811 1069 1226 998 972 960 969 989 810 813 821 955 843 847 861 872 883 891 894 893 891 886 882 880 869 852 841 840 844 855 873 896 923 949
-9999 -9999 -9999 -9999 -9999 -9999 -9999 -9999 -9999 -9999 -9999 -9999 -9999 -9999 -9999 -9999 -9999 -9999 14 15 20 24 33 60 100 125 121 124 120 124 143 245 163 164 314 349 197 208 196 140 152 134 114 119 245 299 374 397 500 494 738 655 794 1051 1238 1073 969 953 944 936 765 781 797 814 827 840 851 861 868 877 885 886 875 870 863 855 852 843 834 834 843 855 872 892 915 937
-9999 -9999 -9999 -9999 -9999 -9999 -9999 -9999 -9999 -9999 -9999 -9999 -9999 -9999 -9999 -9999 -9999 -9999 12 15 18 29 37 60 92 111 120 118 114 120 137 153 160 154 344 167 201 200 162 136 147 138 164 180 231 247 311 381 423 611 678 697 1031 1229 1261 1059 966 934 920 894 874 759 784 795 811 828 839 850 855 860 864 864 862 856 850 842 834 832 830 826 836 854 869 888 906 921
-9999 -9999 -9999 -9999 -9999 -9999 -9999 -9999 -9999 -9999 -9999 -9999 -9999 -9999 -9999 -9999 -9999 -9999 -9999 13 18 25 37 54 77 94 105 106 108 115 213 137 146 209 186 159 142 131 126 126 137 142 174 170 207 251 313 403 482 638 636 898 905 1304 1264 1008 816 938 909 889 893 763 786 803 819 833 837 845 850 853 853 851 848 845 838 830 823 818 819 822 830 846 863 879 895 908
-9999 -9999 -9999 -9999 -9999 -9999 -9999 -9999 -9999 -9999 -9999 -9999 -9999 -9999 -9999 -9999 -9999 -9999 8 12 17 24 33 45 63 77 85 89 92 102 112 119 209 220 183 128 104 101 101 112 153 146 136 159 195 248 309 409 495 725 973 1229 1291 1374 1185 1144 1007 780 910 911 908 776 798 812 819 826 827 834 841 845 848 845 841 833 825 818 812 808 811 818 827 841 859 873 885 897
-9999 -9999 -9999 -9999 -9999 -9999 -9999 -9999 -9999 -9999 -9999 -9999 -9999 -9999 -9999 -9999 -9999 -9999 8 12 13 20 28 37 46 63 66 70 76 83 92 98 180 207 195 165 83 77 86 103 106 125 127 150 211 270 343 435 539 918 1163 1234 1303 1286 1172 1027 814 779 918 920 913 784 798 813 843 847 832 832 844 849 842 838 834 830 820 808 800 794 799 813 822 842 859 869 876 885
-9999 -9999 -9999 -9999 -9999 -9999 -9999 -9999 -9999 -9999 -9999 -9999 -9999 -9999 -9999 -9999 -9999 -9999 8 15 13 18 51 63 83 46 50 55 61 69 74 81 96 193 191 115 69 61 77 68 72 100 129 147 208 254 361 604 743 1096 1130 1178 1220 1261 1114 991 954 941 792 791 927 926 814 827 826 833 841 849 850 849 843 838 831 823 816 805 795 783 789 808 819 840 853 862 871 878
-9999 -9999 -9999 -9999 -9999 -9999 -9999 -9999 -9999 -9999 -9999 -9999 -9999 -9999 -9999 -9999 -9999 5 9 13 14 36 50 62 71 73 40 44 49 55 62 71 88 186 187 115 54 60 73 67 63 98 119 165 229 302 394 790 924 1124 1300 1164 1237 1294 1065 811 959 797 809 807 811 945 823 823 836 847 860 854 841 839 838 832 826 821 813 807 798 792 798 812 821 836 847 854 864 872
-9999 -9999 -9999 -9999 -9999 -9999 -9999 -9999 -9999 -9999 -9999 -9999 -9999 -9999 7 4 6 8 13 17 25 52 74 69 79 69 33 34 39 45 52 63 142 177 166 90 52 61 70 59 64 112 140 191 274 332 451 906 999 1158 1336 1179 1170 1187 1042 1008 994 824 821 829 834 838 838 826 848 845 880 872 852 841 839 831 825 819 813 809 807 806 809 818 821 827 836 848 853 866
-9999 -9999 -9999 -9999 -9999 -9999 -9999 -9999 -9999 -9999 -9999 -9999 -9999 15 18 14 14 17 14 18 23 57 89 111 78 59 52 49 29 64 44 99 132 158 136 74 52 56 75 75 75 110 203 239 317 414 688 940 1118 1183 1309 1255 1175 1110 917 884 1014 841 827 820 821 819 834 833 832 834 868 880 864 854 847 837 834 827 818 810 808 807 816 826 823 824 829 835 848 852
-9999 -9999 -9999 -9999 -9999 -9999 -9999 -9999 -9999 -9999 -9999 -9999 -9999 16 19 15 16 15 16 18 47 54 65 77 56 48 43 41 43 48 62 82 110 152 153 87 50 67 72 105 103 126 211 276 343 388 683 882 1150 1192 1165 1239 1168 963 1099 1041 850 848 850 837 830 945 834 828 833 834 863 875 873 859 857 844 834 826 823 817 812 811 819 824 824 827 833 833 835 844
-9999 -9999 -9999 -9999 -9999 -9999 -9999 -9999 -9999 -9999 -9999 -9999 -9999 -9999 16 16 19 31 28 36 47 50 50 47 42 38 36 35 36 39 49 68 99 137 117 86 58 65 90 137 111 141 232 270 348 420 567 964 1163 1192 1180 1092 1027 995 960 907 877 856 845 870 866 857 845 836 836 836 843 849 857 847 847 841 839 831 820 817 815 816 821 821 814 822 822 828 828 835
-9999 -9999 -9999 -9999 -9999 -9999 -9999 -9999 -9999 -9999 -9999 -9999 -9999 -9999 -9999 17 41 43 47 49 56 56 52 44 35 29 30 32 34 37 46 60 101 126 105 49 64 79 123 128 120 172 262 329 399 573 598 1068 1171 1208 1224 1149 1042 956 933 928 894 869 857 845 865 868 860 850 848 841 843 845 844 841 837 833 834 830 832 825 816 813 815 820 812 812 814 821 825 829
-9999 -9999 -9999 -9999 -9999 -9999 -9999 -9999 -9999 -9999 -9999 -9999 -9999 -9999 -9999 20 23 62 76 66 57 56 51 43 33 25 28 32 34 36 42 63 96 113 77 57 53 73 83 149 158 218 299 405 514 822 801 1143 1207 1224 1265 1234 1079 1059 986 936 914 891 869 856 851 874 868 857 855 861 866 859 858 857 849 843 834 828 827 835 818 809 810 812 806 803 807 811 820 826
-9999 -9999 -9999 -9999 -9999 -9999 -9999 -9999 -9999 -9999 -9999 -9999 -9999 -9999 -9999 23 29 74 76 58 53 53 49 45 36 32 33 34 34 37 40 57 80 101 85 58 67 60 77 162 194 242 259 368 481 847 1047 1148 1166 1188 1213 1106 1090 1006 957 939 926 897 886 874 866 859 855 855 855 859 860 859 860 857 850 843 837 835 827 818 819 811 804 802 800 795 803 805 812 820
-9999 -9999 -9999 -9999 -9999 -9999 -9999 -9999 -9999 -9999 -9999 -9999 -9999 -9999 25 25 30 64 55 48 48 45 44 45 39 34 33 33 34 36 40 52 75 90 79 50 69 68 119 161 179 210 298 396 459 788 1040 1092 1129 1138 1064 1035 1074 1037 980 946 941 936 915 894 878 880 875 869 859 853 853 856 856 853 852 846 840 833 825 823 814 805 800 793 790 786 795 801 806 816
-9999 -9999 -9999 -9999 -9999 -9999 -9999 -9999 -9999 -9999 -9999 -9999 -9999 -9999 30 26 26 51 38 40 37 35 35 32 29 28 28 32 33 34 14 23 69 80 68 47 64 76 116 115 105 206 232 333 477 792 1008 1028 1059 1139 1052 989 964 1006 1003 956 925 920 909 889 872 870 864 864 867 862 861 859 854 851 847 842 836 831 824 818 815 811 801 795 789 784 788 798 805 810
-9999 -9999 -9999 -9999 -9999 -9999 -9999 -9999 -9999 -9999 -9999 -9999 -9999 -9999 35 31 23 40 37 30 25 26 25 21 18 20 23 24 28 12 14 21 34 72 57 49 66 60 121 145 111 206 182 324 494 718 962 987 1018 1062 1027 988 938 941 938 929 922 903 898 908 898 886 869 860 855 854 857 861 858 857 853 850 845 837 833 827 823 831 815 804 802 798 789 797 805 810
-9999 -9999 -9999 -9999 -9999 -9999 -9999 -9999 -9999 -9999 -9999 -9999 -9999 -9999 -9999 32 19 30 26 16 17 19 20 19 19 18 18 18 10 13 14 22 33 71 57 50 68 73 101 164 186 209 195 394 589 787 938 976 986 998 1007 937 936 945 921 905 906 911 900 881 888 872 864 865 861 856 851 858 857 856 850 851 846 841 837 830 826 818 822 806 806 803 793 798 809 812
-9999 -9999 -9999 -9999 -9999 -9999 -9999 -9999 -9999 -9999 -9999 -9999 -9999 -9999 -9999 25 18 13 20 6 12 16 18 18 19 17 17 19 9 13 15 23 35 68 56 51 60 68 90 139 191 211 207 301 565 798 925 948 945 946 961 930 901 906 904 892 883 887 886 883 875 867 856 853 856 858 849 850 851 849 845 847 846 836 835 826 820 812 812 805 803 800 800 797 807 817
-9999 -9999 -9999 -9999 -9999 -9999 -9999 -9999 -9999 -9999 -9999 -9999 -9999 -9999 -9999 16 14 10 9 7 4 12 14 14 14 15 17 7 9 12 17 26 37 64 68 61 62 64 64 117 144 143 211 405 605 817 920 926 924 936 951 902 899 883 879 883 873 866 864 864 873 874 871 854 850 846 847 848 846 845 840 842 843 838 828 826 819 813 806 804 802 806 810 801 802 814
-9999 -9999 -9999 -9999 -9999 -9999 -9999 -9999 -9999 -9999 -9999 -9999 -9999 -9999 -9999 11 9 8 7 6 6 11 11 11 12 15 5 6 8 12 20 29 43 67 45 79 95 59 73 82 119 110 190 325 662 836 913 891 906 979 975 880 874 864 851 851 852 849 848 845 850 861 861 841 846 841 837 839 842 845 842 837 841 839 829 822 814 809 810 807 807 800 803 806 806 807
-9999 -9999 -9999 -9999 -9999 -9999 -9999 -9999 -9999 -9999 -9999 -9999 -9999 -9999 -9999 6 6 6 8 7 8 6 6 4 3 5 5 6 8 15 23 35 49 72 85 132 76 63 84 69 94 143 252 579 754 850 886 893 924 947 965 850 847 841 814 813 820 823 825 830 840 840 849 843 840 841 836 838 839 835 834 830 833 832 830 821 816 809 804 801 803 806 797 798 802 806
-9999 -9999 -9999 -9999 -9999 -9999 -9999 -9999 -9999 -9999 -9999 -9999 2 3 3 3 3 6 10 12 12 10 6 4 2 2 4 5 9 17 28 41 57 79 115 106 55 64 80 70 72 139 392 663 803 855 814 839 915 1015 1076 812 831 809 785 787 786 797 799 801 819 823 830 837 841 846 836 838 835 835 835 827 824 824 820 817 811 803 798 794 793 801 804 798 799 807
-9999 -9999 -9999 -9999 -9999 -9999 -9999 -9999 -9999 -9999 -9999 -9999 -9999 3 3 3 6 9 15 23 21 14 10 5 3 2 3 6 12 21 34 47 63 88 114 110 95 81 84 81 81 145 395 699 870 876 746 870 965 1170 991 768 807 781 745 754 762 765 771 779 793 801 811 814 822 831 836 837 830 832 825 822 814 811 812 806 805 799 792 789 785 790 799 794 796 804
-9999 -9999 -9999 -9999 -9999 -9999 -9999 -9999 -9999 -9999 -9999 -9999 -9999 -9999 3 3 6 13 25 42 31 19 12 7 5 4 6 10 17 26 39 51 73 97 73 58 79 81 72 92 115 219 434 690 920 785 671 946 896 1104 991 708 730 760 715 724 733 743 752 757 770 783 798 802 803 815 817 825 829 824 819 815 809 800 797 797 793 786 782 776 775 778 791 788 793 801
-9999 -9999 -9999 -9999 -9999 -9999 -9999 -9999 -9999 -9999 -9999 -9999 -9999 -9999 -9999 -9999 -9999 12 28 36 29 19 12 10 8 8 9 12 21 31 42 57 85 107 73 74 103 85 94 141 240 350 308 650 857 690 663 1020 878 893 868 665 681 697 688 698 711 720 731 738 748 761 769 778 782 810 811 817 814 820 811 804 798 790 782 779 777 774 769 768 770 764 774 774 782 795
-9999 -9999 -9999 -9999 -9999 -9999 -9999 -9999 -9999 -9999 -9999 -9999 -9999 -9999 -9999 -9999 -9999 -9999 17 17 18 14 14 -9999 12 12 14 18 24 33 47 72 83 71 80 101 123 148 171 233 358 595 622 814 868 679 724 1022 916 750 736 640 659 658 665 676 689 699 710 719 727 735 741 750 760 782 784 799 808 802 800 790 786 772 765 758 757 753 753 756 761 753 761 761 773 782
-9999 -9999 -9999 -9999 -9999 -9999 -9999 -9999 -9999 -9999 -9999 -9999 -9999 -9999 -9999 -9999 -9999 -9999 -9999 8 10 -9999 -9999 -9999 15 16 19 24 31 45 63 70 44 99 106 112 159 184 207 246 439 575 708 735 752 647 834 1100 842 790 657 624 642 647 644 657 669 680 689 699 708 715 721 725 733 747 756 763 772 774 767 763 761 754 745 737 731 731 736 739 740 745 739 746 761 770
-9999 -9999 -9999 -9999 -9999 -9999 -9999 -9999 -9999 -9999 -9999 -9999 -9999 -9999 -9999 -9999 -9999 -9999 -9999 -9999 10 -9999 14 16 -9999 -9999 -9999 31 46 63 34 29 93 102 119 168 175 151 197 257 390 393 692 631 636 680 924 1024 798 783 625 610 636 625 629 640 651 663 671 678 685 692 698 702 705 715 722 730 734 742 736 729 726 730 720 716 713 707 710 717 721 727 725 731 743 753
-9999 -9999 -9999 -9999 -9999 -9999 -9999 -9999 -9999 -9999 -9999 -9999 -9999 -9999 -9999 -9999 -9999 -9999 -9999 -9999 -9999 12 10 13 12 -9999 34 46 62 39 37 95 112 130 167 182 129 128 188 261 330 463 727 731 635 798 1090 869 717 758 618 592 600 605 614 627 635 643 651 658 662 669 675 683 687 684 686 694 699 699 703 700 694 699 700 697 691 685 684 688 698 703 706 714 725 735
