bio_clim/bio_9.asc
ncols         156
nrows         252
xllcorner     -82
yllcorner     -8
cellsize      0.083333337679505
NODATA_value  -9999
[rows 117 to 155 of 252, columns 0 to 88 of 156]
-9999 -9999 -9999 -9999 -9999 -9999 -9999 -9999 -9999 -9999 -9999 -9999 -9999 -9999 -9999 -9999 -9999 -9999 -9999 -9999 -9999 -9999 -9999 -9999 -9999 -9999 -9999 -9999 -9999 -9999 -9999 -9999 -9999 -9999 -9999 -9999 -9999 -9999 -9999 -9999 -9999 -9999 -9999 -9999 -9999 -9999 -9999 -9999 -9999 -9999 -9999 -9999 -9999 264 264 265 264 264 262 237 221 219 161 183 223 238 240 240 239 215 115 73 105 155 152 168 217 198 222 232 277 278 272 258 215 201 162 155 197
-9999 -9999 -9999 -9999 -9999 -9999 -9999 -9999 -9999 -9999 -9999 -9999 -9999 -9999 -9999 -9999 -9999 -9999 -9999 -9999 -9999 -9999 -9999 -9999 -9999 -9999 -9999 -9999 -9999 -9999 -9999 -9999 -9999 -9999 -9999 -9999 -9999 -9999 -9999 -9999 -9999 -9999 -9999 -9999 -9999 -9999 -9999 -9999 -9999 -9999 -9999 -9999 -9999 264 264 265 265 265 253 227 249 223 177 217 232 238 239 238 224 189 95 65 81 109 125 168 188 190 223 249 278 275 269 244 176 171 149 179 225
-9999 -9999 -9999 -9999 -9999 -9999 -9999 -9999 -9999 -9999 -9999 -9999 -9999 -9999 -9999 -9999 -9999 -9999 -9999 -9999 -9999 -9999 -9999 -9999 -9999 -9999 -9999 -9999 -9999 -9999 -9999 -9999 -9999 -9999 -9999 -9999 -9999 -9999 -9999 -9999 -9999 -9999 -9999 -9999 -9999 -9999 -9999 -9999 -9999 -9999 -9999 -9999 264 265 264 265 264 265 254 217 215 208 180 214 231 234 234 223 200 162 77 62 85 127 159 169 142 166 229 264 274 271 253 218 177 153 157 173 185
-9999 -9999 -9999 -9999 -9999 -9999 -9999 -9999 -9999 -9999 -9999 -9999 -9999 -9999 -9999 -9999 -9999 -9999 -9999 -9999 -9999 -9999 -9999 -9999 -9999 -9999 -9999 -9999 -9999 -9999 -9999 -9999 -9999 -9999 -9999 -9999 -9999 -9999 -9999 -9999 -9999 -9999 -9999 -9999 -9999 -9999 -9999 -9999 -9999 -9999 -9999 -9999 264 264 265 266 265 264 254 250 210 154 176 212 214 217 208 187 192 130 81 50 79 106 124 127 173 202 246 266 273 264 244 199 158 130 120 152 189
-9999 -9999 -9999 -9999 -9999 -9999 -9999 -9999 -9999 -9999 -9999 -9999 -9999 -9999 -9999 -9999 -9999 -9999 -9999 -9999 -9999 -9999 -9999 -9999 -9999 -9999 -9999 -9999 -9999 -9999 -9999 -9999 -9999 -9999 -9999 -9999 -9999 -9999 -9999 -9999 -9999 -9999 -9999 -9999 -9999 -9999 -9999 -9999 -9999 -9999 -9999 -9999 264 264 265 265 266 268 259 256 220 157 177 208 205 207 191 167 150 92 89 94 113 79 98 121 161 221 250 263 270 255 216 154 131 130 132 153 200
-9999 -9999 -9999 -9999 -9999 -9999 -9999 -9999 -9999 -9999 -9999 -9999 -9999 -9999 -9999 -9999 -9999 -9999 -9999 -9999 -9999 -9999 -9999 -9999 -9999 -9999 -9999 -9999 -9999 -9999 -9999 -9999 -9999 -9999 -9999 -9999 -9999 -9999 -9999 -9999 -9999 -9999 -9999 -9999 -9999 -9999 -9999 -9999 -9999 -9999 -9999 -9999 264 264 266 265 263 255 253 246 195 163 173 207 194 195 179 139 113 93 115 152 142 97 135 144 167 231 238 255 261 219 166 151 153 172 149 184 185
-9999 -9999 -9999 -9999 -9999 -9999 -9999 -9999 -9999 -9999 -9999 -9999 -9999 -9999 -9999 -9999 -9999 -9999 -9999 -9999 -9999 -9999 -9999 -9999 -9999 -9999 -9999 -9999 -9999 -9999 -9999 -9999 -9999 -9999 -9999 -9999 -9999 -9999 -9999 -9999 -9999 -9999 -9999 -9999 -9999 -9999 -9999 -9999 -9999 -9999 264 265 263 264 265 263 244 252 249 224 201 150 187 198 189 182 159 125 89 90 126 164 164 127 168 158 208 241 255 263 250 165 139 150 172 198 191 207 185
-9999 -9999 -9999 -9999 -9999 -9999 -9999 -9999 -9999 -9999 -9999 -9999 -9999 -9999 -9999 -9999 -9999 -9999 -9999 -9999 -9999 -9999 -9999 -9999 -9999 -9999 -9999 -9999 -9999 -9999 -9999 -9999 -9999 -9999 -9999 -9999 -9999 -9999 -9999 -9999 -9999 -9999 -9999 258 257 258 259 259 262 263 264 264 262 262 262 254 233 235 246 231 192 158 189 184 182 176 147 124 88 82 109 161 177 170 194 204 231 251 255 255 213 166 145 130 160 189 222 225 198
-9999 -9999 -9999 -9999 -9999 -9999 -9999 -9999 -9999 -9999 -9999 -9999 -9999 -9999 -9999 -9999 -9999 -9999 -9999 -9999 -9999 -9999 -9999 -9999 -9999 -9999 -9999 -9999 -9999 -9999 -9999 -9999 -9999 -9999 -9999 -9999 -9999 -9999 -9999 -9999 -9999 -9999 254 254 258 259 259 259 260 263 264 264 262 258 250 232 195 236 213 220 168 173 189 187 180 175 152 114 89 85 141 187 197 199 199 227 227 243 239 221 210 142 139 156 185 215 234 230 244
-9999 -9999 -9999 -9999 -9999 -9999 -9999 -9999 -9999 -9999 -9999 -9999 -9999 -9999 -9999 -9999 -9999 -9999 -9999 -9999 -9999 -9999 -9999 -9999 -9999 -9999 -9999 -9999 -9999 -9999 -9999 -9999 -9999 -9999 -9999 -9999 -9999 -9999 -9999 -9999 -9999 254 254 255 255 256 256 259 260 260 261 262 261 250 220 191 191 221 204 199 159 183 184 182 178 169 142 97 92 93 125 169 190 214 219 231 233 237 199 190 161 138 155 182 217 238 240 248 256
-9999 -9999 -9999 -9999 -9999 -9999 -9999 -9999 -9999 -9999 -9999 -9999 -9999 -9999 -9999 -9999 -9999 -9999 -9999 -9999 -9999 -9999 -9999 -9999 -9999 -9999 -9999 -9999 -9999 -9999 -9999 -9999 -9999 -9999 -9999 -9999 -9999 -9999 -9999 -9999 -9999 254 254 255 255 256 256 256 260 260 261 261 258 237 159 130 174 201 156 175 196 222 205 177 169 144 117 78 82 94 130 154 181 205 196 212 228 225 179 136 130 159 185 202 232 246 253 255 259
-9999 -9999 -9999 -9999 -9999 -9999 -9999 -9999 -9999 -9999 -9999 -9999 -9999 -9999 -9999 -9999 -9999 -9999 -9999 -9999 -9999 -9999 -9999 -9999 -9999 -9999 -9999 -9999 -9999 -9999 -9999 -9999 -9999 -9999 -9999 -9999 -9999 -9999 -9999 -9999 253 253 254 255 256 256 257 257 257 260 260 261 251 224 161 120 171 178 154 200 233 238 209 183 150 109 88 48 91 129 151 174 190 174 206 228 234 209 153 111 159 178 210 204 231 245 251 256 258
-9999 -9999 -9999 -9999 -9999 -9999 -9999 -9999 -9999 -9999 -9999 -9999 -9999 -9999 -9999 -9999 -9999 -9999 -9999 -9999 -9999 -9999 -9999 -9999 -9999 -9999 -9999 -9999 -9999 -9999 -9999 -9999 -9999 -9999 -9999 -9999 -9999 -9999 -9999 -9999 253 253 253 255 256 256 257 257 256 259 259 260 248 206 189 152 149 151 192 241 241 230 215 168 130 87 91 87 112 137 156 179 178 182 226 233 227 193 134 131 177 202 221 208 230 244 257 258 258
-9999 -9999 -9999 -9999 -9999 -9999 -9999 -9999 -9999 -9999 -9999 -9999 -9999 -9999 -9999 -9999 -9999 -9999 -9999 -9999 -9999 -9999 -9999 -9999 -9999 -9999 -9999 -9999 -9999 -9999 -9999 -9999 -9999 -9999 -9999 -9999 -9999 -9999 -9999 -9999 254 253 254 255 256 256 257 256 258 258 260 256 246 229 222 186 128 174 225 253 239 216 194 151 88 80 91 107 129 151 150 162 161 207 228 225 205 164 125 164 206 222 217 196 233 257 259 259 257
-9999 -9999 -9999 -9999 -9999 -9999 -9999 -9999 -9999 -9999 -9999 -9999 -9999 -9999 -9999 -9999 -9999 -9999 -9999 -9999 -9999 -9999 -9999 -9999 -9999 -9999 -9999 -9999 -9999 -9999 -9999 -9999 -9999 -9999 -9999 -9999 -9999 -9999 -9999 -9999 253 253 255 255 256 256 257 258 258 258 258 245 233 241 220 170 182 216 253 252 227 174 149 103 94 94 108 130 153 167 173 179 208 219 218 212 173 159 169 176 212 219 229 236 257 260 260 258 257
-9999 -9999 -9999 -9999 -9999 -9999 -9999 -9999 -9999 -9999 -9999 -9999 -9999 -9999 -9999 -9999 -9999 -9999 -9999 -9999 -9999 -9999 -9999 -9999 -9999 -9999 -9999 -9999 -9999 -9999 -9999 -9999 -9999 -9999 -9999 -9999 -9999 -9999 -9999 -9999 -9999 253 254 255 255 256 257 257 256 257 247 238 238 244 215 191 200 250 253 248 225 158 114 95 89 110 142 156 174 177 198 204 201 199 222 198 165 181 198 176 191 225 257 263 262 261 262 260 259
-9999 -9999 -9999 -9999 -9999 -9999 -9999 -9999 -9999 -9999 -9999 -9999 -9999 -9999 -9999 -9999 -9999 -9999 -9999 -9999 -9999 -9999 -9999 -9999 -9999 -9999 -9999 -9999 -9999 -9999 -9999 -9999 -9999 -9999 -9999 -9999 -9999 -9999 -9999 -9999 -9999 254 253 255 256 256 257 257 256 254 247 248 248 245 231 207 237 245 243 238 201 196 150 104 87 86 137 168 181 192 203 206 189 200 210 170 178 214 202 203 217 259 265 265 262 262 262 261 259
-9999 -9999 -9999 -9999 -9999 -9999 -9999 -9999 -9999 -9999 -9999 -9999 -9999 -9999 -9999 -9999 -9999 -9999 -9999 -9999 -9999 -9999 -9999 -9999 -9999 -9999 -9999 -9999 -9999 -9999 -9999 -9999 -9999 -9999 -9999 -9999 -9999 -9999 253 -9999 254 254 254 254 256 256 256 255 254 248 247 243 242 239 218 193 243 238 234 216 180 160 136 111 113 112 128 136 158 183 194 191 195 202 178 175 209 234 225 209 233 263 265 265 263 263 263 262 260
-9999 -9999 -9999 -9999 -9999 -9999 -9999 -9999 -9999 -9999 -9999 -9999 -9999 -9999 -9999 -9999 -9999 -9999 -9999 -9999 -9999 -9999 -9999 -9999 -9999 -9999 -9999 -9999 -9999 -9999 -9999 -9999 -9999 -9999 -9999 -9999 -9999 252 253 253 253 253 253 253 254 255 255 255 253 245 248 228 201 234 217 209 240 232 220 178 141 112 99 114 145 162 131 126 136 170 184 190 193 185 201 206 241 245 235 213 247 264 264 264 263 263 264 262 261
-9999 -9999 -9999 -9999 -9999 -9999 -9999 -9999 -9999 -9999 -9999 -9999 -9999 -9999 -9999 -9999 -9999 -9999 -9999 -9999 -9999 -9999 -9999 -9999 -9999 -9999 -9999 -9999 -9999 -9999 -9999 -9999 -9999 -9999 -9999 -9999 252 252 252 253 252 251 251 251 252 253 252 254 250 249 241 213 166 180 227 229 233 219 202 163 146 90 104 112 147 172 156 143 155 152 163 179 210 230 235 233 259 259 250 218 256 263 263 264 264 263 263 263 262
-9999 -9999 -9999 -9999 -9999 -9999 -9999 -9999 -9999 -9999 -9999 -9999 -9999 -9999 -9999 -9999 -9999 -9999 -9999 -9999 -9999 -9999 -9999 -9999 -9999 -9999 -9999 -9999 -9999 -9999 -9999 -9999 -9999 -9999 -9999 -9999 -9999 252 252 252 252 251 249 247 246 248 245 246 244 244 231 199 148 159 226 225 203 160 152 143 110 89 123 141 184 199 177 172 172 144 155 184 222 249 248 256 264 264 256 252 263 263 263 263 264 263 264 262 262
-9999 -9999 -9999 -9999 -9999 -9999 -9999 -9999 -9999 -9999 -9999 -9999 -9999 -9999 -9999 -9999 -9999 -9999 -9999 -9999 -9999 -9999 -9999 -9999 -9999 -9999 -9999 -9999 -9999 -9999 -9999 -9999 -9999 -9999 -9999 -9999 -9999 -9999 253 253 252 250 246 242 238 238 234 238 232 234 225 197 154 194 210 181 206 191 190 157 104 105 141 194 223 198 204 194 175 176 173 199 233 253 257 263 264 264 264 262 263 263 262 263 264 263 264 262 261
-9999 -9999 -9999 -9999 -9999 -9999 -9999 -9999 -9999 -9999 -9999 -9999 -9999 -9999 -9999 -9999 -9999 -9999 -9999 -9999 -9999 -9999 -9999 -9999 -9999 -9999 -9999 -9999 -9999 -9999 -9999 -9999 -9999 -9999 -9999 -9999 -9999 -9999 254 253 251 250 247 241 234 228 220 223 214 213 217 189 157 188 198 155 179 164 159 154 99 120 140 158 210 230 206 207 179 193 184 220 249 260 262 263 264 263 264 263 263 263 261 262 263 264 264 262 262
-9999 -9999 -9999 -9999 -9999 -9999 -9999 -9999 -9999 -9999 -9999 -9999 -9999 -9999 -9999 -9999 -9999 -9999 -9999 -9999 -9999 -9999 -9999 -9999 -9999 -9999 -9999 -9999 -9999 -9999 -9999 -9999 -9999 -9999 -9999 -9999 256 256 255 252 249 250 247 244 229 221 213 192 190 195 185 159 161 176 178 141 141 119 115 120 115 92 141 160 210 233 228 203 209 216 228 242 258 260 261 262 262 263 262 262 262 263 262 261 262 263 264 263 262
-9999 -9999 -9999 -9999 -9999 -9999 -9999 -9999 -9999 -9999 -9999 -9999 -9999 -9999 -9999 -9999 -9999 -9999 -9999 -9999 -9999 -9999 -9999 -9999 -9999 -9999 -9999 -9999 -9999 -9999 -9999 -9999 -9999 -9999 -9999 256 256 257 255 254 248 245 244 235 234 221 200 194 183 168 138 122 133 151 168 83 122 112 89 113 148 137 164 195 226 216 192 199 234 243 256 260 260 260 261 261 262 262 263 262 262 263 262 261 262 263 264 263 262
-9999 -9999 -9999 -9999 -9999 -9999 -9999 -9999 -9999 -9999 -9999 -9999 -9999 -9999 -9999 -9999 -9999 -9999 -9999 -9999 -9999 -9999 -9999 -9999 -9999 -9999 -9999 -9999 -9999 -9999 -9999 -9999 -9999 -9999 256 256 257 257 256 254 249 240 241 233 223 212 184 193 174 151 115 85 99 124 161 113 111 104 115 132 158 134 125 208 231 225 202 241 255 258 260 261 260 260 260 261 261 262 262 262 262 263 262 261 261 262 264 263 262
-9999 -9999 -9999 -9999 -9999 -9999 -9999 -9999 -9999 -9999 -9999 -9999 -9999 -9999 -9999 -9999 -9999 -9999 -9999 -9999 -9999 -9999 -9999 -9999 -9999 -9999 -9999 -9999 -9999 -9999 250 250 252 253 254 256 257 257 256 253 246 236 233 221 211 202 195 180 164 113 96 97 106 122 161 115 101 106 119 109 132 172 185 218 243 243 251 256 258 259 260 260 261 261 260 260 261 261 262 262 262 263 263 261 261 261 263 264 263
-9999 -9999 -9999 -9999 -9999 -9999 -9999 -9999 -9999 -9999 -9999 -9999 -9999 -9999 -9999 -9999 -9999 -9999 -9999 -9999 -9999 -9999 -9999 -9999 -9999 -9999 -9999 246 249 245 246 248 250 251 253 255 255 254 252 248 240 227 215 197 199 195 183 144 108 67 87 101 94 105 133 89 96 106 116 112 152 177 192 236 250 251 253 257 258 258 259 260 260 260 260 261 261 261 261 261 262 262 261 261 260 262 262 264 263
-9999 -9999 -9999 -9999 -9999 -9999 -9999 -9999 -9999 -9999 -9999 -9999 -9999 -9999 -9999 -9999 -9999 -9999 -9999 -9999 -9999 -9999 -9999 -9999 -9999 -9999 245 245 246 238 243 248 246 249 254 255 255 251 249 239 225 215 218 199 182 170 167 154 80 73 99 102 109 122 107 95 128 104 129 158 194 216 232 248 251 251 252 254 255 257 257 258 259 259 261 261 261 261 261 261 262 262 261 260 260 261 262 264 264
-9999 -9999 -9999 -9999 -9999 -9999 -9999 -9999 -9999 -9999 -9999 -9999 -9999 -9999 -9999 -9999 -9999 -9999 -9999 -9999 -9999 -9999 -9999 241 244 244 239 240 244 244 244 247 244 248 251 252 253 252 243 225 209 193 206 207 205 187 154 113 54 80 101 105 108 105 95 123 163 139 182 203 223 237 248 251 251 252 252 254 254 255 256 257 258 259 260 260 260 261 261 262 262 262 261 261 260 261 262 263 265
-9999 -9999 -9999 -9999 -9999 -9999 -9999 -9999 -9999 -9999 -9999 -9999 -9999 -9999 -9999 -9999 -9999 -9999 -9999 -9999 -9999 -9999 -9999 240 243 242 238 239 236 247 240 245 244 247 246 247 251 247 236 222 203 194 195 185 170 195 157 75 69 67 83 95 90 114 120 121 140 188 208 227 239 247 250 252 252 252 252 253 254 255 256 257 258 258 259 260 260 261 261 261 263 262 262 261 261 262 263 263 263
-9999 -9999 -9999 -9999 -9999 -9999 -9999 -9999 -9999 -9999 -9999 -9999 -9999 -9999 -9999 -9999 -9999 -9999 -9999 -9999 -9999 -9999 -9999 -9999 245 243 236 235 237 247 242 242 242 239 244 247 239 230 223 218 208 190 164 144 145 162 179 104 103 89 110 95 94 116 130 93 168 202 227 233 239 246 251 251 252 252 252 253 253 255 256 257 257 258 259 260 260 260 260 260 262 262 262 262 261 262 263 264 264
-9999 -9999 -9999 -9999 -9999 -9999 -9999 -9999 -9999 -9999 -9999 -9999 -9999 -9999 -9999 -9999 -9999 -9999 -9999 -9999 -9999 -9999 -9999 -9999 245 245 238 237 240 242 245 240 236 238 238 233 224 208 193 203 191 154 110 84 91 140 178 150 120 118 114 89 82 137 115 147 196 227 238 239 242 247 250 250 251 252 252 253 254 254 255 257 257 258 258 259 260 261 261 261 262 263 263 262 262 262 263 263 264
-9999 -9999 -9999 -9999 -9999 -9999 -9999 -9999 -9999 -9999 -9999 -9999 -9999 -9999 -9999 -9999 -9999 -9999 -9999 -9999 -9999 -9999 -9999 244 243 243 234 230 236 240 243 244 241 240 239 231 213 181 169 183 148 150 124 74 76 152 181 183 166 125 86 125 124 169 146 182 219 240 245 243 246 248 250 250 250 251 252 253 254 255 256 256 257 258 258 259 260 260 262 262 262 263 264 264 263 263 264 264 264
-9999 -9999 -9999 -9999 -9999 -9999 -9999 -9999 -9999 -9999 -9999 -9999 -9999 -9999 -9999 -9999 -9999 -9999 -9999 -9999 -9999 -9999 -9999 -9999 244 241 231 228 236 244 245 244 243 242 240 231 203 181 157 154 136 170 155 81 116 156 160 136 154 126 85 131 159 168 176 204 234 242 247 247 248 249 249 250 250 251 252 253 254 255 256 256 257 257 258 258 260 261 261 261 262 262 263 264 265 264 264 265 264
-9999 -9999 -9999 -9999 -9999 -9999 -9999 -9999 -9999 -9999 -9999 -9999 -9999 -9999 -9999 -9999 -9999 -9999 -9999 -9999 -9999 -9999 -9999 -9999 245 243 231 231 241 243 244 244 242 240 236 231 216 196 190 182 178 176 129 98 138 124 133 86 117 97 102 159 176 192 216 225 236 243 246 248 249 250 250 250 250 251 251 252 253 254 255 257 257 257 258 258 259 260 261 262 262 261 262 264 265 264 265 265 265
-9999 -9999 -9999 -9999 -9999 -9999 -9999 -9999 -9999 -9999 -9999 -9999 -9999 -9999 -9999 -9999 -9999 -9999 -9999 -9999 -9999 -9999 -9999 -9999 -9999 239 231 237 241 243 243 244 243 238 232 228 223 215 202 202 195 174 134 124 122 123 101 78 73 90 145 178 206 217 229 229 234 244 245 247 248 249 249 249 251 251 252 253 254 255 255 257 258 257 258 258 259 260 260 262 262 263 263 263 264 265 265 266 264
-9999 -9999 -9999 -9999 -9999 -9999 -9999 -9999 -9999 -9999 -9999 -9999 -9999 -9999 -9999 -9999 -9999 -9999 -9999 -9999 -9999 -9999 -9999 245 241 235 231 238 241 242 242 242 241 238 230 222 217 200 185 187 184 173 167 150 76 94 98 80 73 89 114 182 193 213 231 227 228 241 245 247 248 248 248 249 249 251 251 252 253 254 256 257 258 258 259 259 259 260 260 262 262 263 264 265 265 265 265 266 265
-9999 -9999 -9999 -9999 -9999 -9999 -9999 -9999 -9999 -9999 -9999 -9999 -9999 -9999 -9999 -9999 -9999 -9999 -9999 -9999 -9999 -9999 -9999 240 234 236 235 237 241 241 241 239 236 232 227 219 210 201 181 171 161 145 148 152 127 130 117 50 46 108 140 155 194 209 222 235 236 244 245 246 247 248 248 249 250 250 251 252 254 255 255 255 256 258 259 260 261 260 261 262 263 264 264 266 266 266 266 266 264
