bio_clim/bio_3.asc
ncols         156
nrows         252
xllcorner     -82
yllcorner     -8
cellsize      0.083333337679505
NODATA_value  -9999
[rows 176 to 219 of 252, columns 0 to 95 of 156]
-9999 -9999 -9999 -9999 -9999 -9999 -9999 -9999 -9999 -9999 -9999 -9999 -9999 -9999 70 73 76 78 79 80 81 81 82 82 80 80 79 78 77 76 75 74 74 82 81 81 85 90 88 86 83 86 87 86 84 82 85 86 87 86 87 88 88 88 89 88 87 88 87 88 87 88 88 88 88 86 86 86 86 86 86 86 86 85 86 86 86 86 85 85 85 86 85 85 85 86 85 85 85 86 87 87 86 86 86 86
-9999 -9999 -9999 -9999 -9999 -9999 -9999 -9999 -9999 -9999 -9999 -9999 -9999 -9999 -9999 71 75 78 78 80 80 81 81 80 79 79 79 78 76 74 73 74 74 83 81 82 87 90 90 90 87 88 87 86 83 83 85 86 86 87 88 88 89 88 89 89 88 87 88 87 87 87 87 88 87 87 86 86 86 87 86 86 86 86 86 86 85 86 85 85 85 85 86 84 85 85 86 86 87 86 86 87 87 87 86 86
-9999 -9999 -9999 -9999 -9999 -9999 -9999 -9999 -9999 -9999 -9999 -9999 -9999 -9999 -9999 68 72 76 77 78 79 80 81 80 79 79 79 77 76 74 73 74 74 84 81 81 84 90 90 89 88 88 89 87 86 84 85 86 87 88 88 89 88 88 89 88 87 88 87 87 87 87 87 88 87 87 86 86 86 86 86 86 86 86 85 86 86 86 85 85 85 86 86 86 85 86 86 86 87 87 86 87 87 87 87 87
-9999 -9999 -9999 -9999 -9999 -9999 -9999 -9999 -9999 -9999 -9999 -9999 -9999 -9999 -9999 65 70 73 76 78 79 80 80 81 80 79 78 77 76 74 73 74 74 80 83 81 82 91 90 89 89 89 89 89 86 84 84 85 86 87 87 88 89 88 88 87 88 87 87 87 88 87 87 87 87 87 87 87 86 86 86 86 86 87 85 86 86 86 86 86 85 85 86 87 87 87 87 87 87 87 87 87 87 87 87 87
-9999 -9999 -9999 -9999 -9999 -9999 -9999 -9999 -9999 -9999 -9999 -9999 -9999 -9999 -9999 63 66 70 74 76 78 80 79 81 80 79 77 77 76 75 74 73 73 79 82 83 84 91 91 90 90 88 88 88 86 84 84 85 85 86 86 87 88 87 87 87 87 87 87 86 88 86 87 87 87 87 86 87 86 86 86 87 86 86 86 86 86 86 86 86 86 86 86 86 87 87 87 88 88 87 87 87 87 87 88 87
-9999 -9999 -9999 -9999 -9999 -9999 -9999 -9999 -9999 -9999 -9999 -9999 -9999 -9999 -9999 61 65 68 72 75 77 78 80 79 78 77 78 77 76 75 73 73 73 75 86 86 85 90 90 90 89 89 89 88 86 84 84 85 85 86 86 87 87 87 87 86 86 86 86 87 88 87 87 87 87 87 87 87 86 86 86 86 87 86 86 85 86 86 86 86 87 86 87 86 86 87 87 88 87 88 87 87 87 88 88 88
-9999 -9999 -9999 -9999 -9999 -9999 -9999 -9999 -9999 -9999 -9999 -9999 48 53 55 60 63 67 70 72 75 75 77 77 77 77 76 77 76 75 73 73 74 75 79 86 87 87 90 89 88 89 89 88 85 84 85 85 85 85 85 88 87 87 86 86 86 86 86 86 87 86 87 87 86 86 87 87 86 87 86 87 86 86 87 86 86 86 85 85 86 86 86 86 87 87 86 87 87 87 88 87 87 87 88 88
-9999 -9999 -9999 -9999 -9999 -9999 -9999 -9999 -9999 -9999 -9999 -9999 -9999 50 54 58 62 65 68 71 72 74 75 75 76 76 77 77 76 75 74 73 75 77 85 86 86 88 90 88 88 88 89 87 86 84 84 85 84 85 85 86 86 86 85 86 86 86 86 86 86 86 86 86 86 86 86 87 86 86 86 86 86 87 86 86 86 85 85 85 86 86 86 87 86 86 87 87 87 87 88 88 88 88 88 87
-9999 -9999 -9999 -9999 -9999 -9999 -9999 -9999 -9999 -9999 -9999 -9999 -9999 -9999 54 57 61 65 67 69 71 72 73 74 75 76 76 76 76 75 75 74 76 84 86 84 87 89 88 88 88 88 88 89 85 84 84 84 85 84 85 85 85 85 85 85 86 86 86 86 86 86 86 86 86 87 86 87 87 87 86 86 86 86 86 86 86 86 85 86 86 86 86 86 87 87 88 88 87 87 87 88 88 88 88 88
-9999 -9999 -9999 -9999 -9999 -9999 -9999 -9999 -9999 -9999 -9999 -9999 -9999 -9999 -9999 -9999 -9999 63 66 67 69 70 73 74 75 75 76 76 76 75 74 75 78 89 87 85 88 88 88 88 88 88 88 88 86 84 83 84 84 85 84 85 85 85 85 86 86 86 86 86 86 87 86 86 86 86 87 86 87 86 87 86 86 86 86 86 86 86 86 86 87 86 86 86 87 87 87 88 87 87 87 88 88 88 88 88
-9999 -9999 -9999 -9999 -9999 -9999 -9999 -9999 -9999 -9999 -9999 -9999 -9999 -9999 -9999 -9999 -9999 -9999 65 67 68 70 71 -9999 74 75 76 76 76 75 75 77 87 87 86 87 87 87 88 88 89 87 88 87 85 83 84 84 83 85 86 85 86 85 86 85 86 86 86 86 86 86 86 86 86 86 87 86 86 86 87 86 86 86 86 87 86 86 86 86 86 86 87 86 86 87 86 87 87 88 87 87 88 87 88 88
-9999 -9999 -9999 -9999 -9999 -9999 -9999 -9999 -9999 -9999 -9999 -9999 -9999 -9999 -9999 -9999 -9999 -9999 -9999 66 67 -9999 -9999 -9999 73 75 75 75 76 76 82 90 86 84 87 88 87 87 87 87 87 87 85 84 84 83 83 84 84 84 85 85 85 85 86 86 86 86 86 86 86 86 86 86 86 86 86 86 86 86 86 86 85 86 85 86 86 85 85 86 85 85 86 86 86 86 87 86 86 87 87 87 88 88 87 88
-9999 -9999 -9999 -9999 -9999 -9999 -9999 -9999 -9999 -9999 -9999 -9999 -9999 -9999 -9999 -9999 -9999 -9999 -9999 -9999 67 -9999 70 72 -9999 -9999 -9999 75 77 82 88 88 85 86 87 86 85 85 85 86 87 87 87 83 82 82 84 84 83 84 85 85 86 85 86 86 86 86 86 86 86 86 86 86 86 86 86 86 86 86 86 85 85 86 85 85 85 86 85 85 85 85 86 86 86 86 87 87 86 86 87 87 87 87 88 88
-9999 -9999 -9999 -9999 -9999 -9999 -9999 -9999 -9999 -9999 -9999 -9999 -9999 -9999 -9999 -9999 -9999 -9999 -9999 -9999 -9999 68 70 70 72 -9999 75 75 81 88 85 82 85 86 85 83 82 84 85 86 86 87 86 84 82 84 85 83 84 84 84 85 85 85 85 86 86 86 86 86 86 86 86 86 86 86 86 87 86 86 86 86 86 85 86 85 85 85 85 85 86 86 86 86 86 86 86 86 87 87 87 88 87 87 87 87
-9999 -9999 -9999 -9999 -9999 -9999 -9999 -9999 -9999 -9999 -9999 -9999 -9999 -9999 -9999 -9999 -9999 -9999 -9999 -9999 -9999 68 69 70 -9999 -9999 74 75 76 86 89 83 85 85 82 82 83 84 85 85 86 86 86 84 83 84 84 83 84 84 85 85 85 85 85 85 85 86 86 86 86 87 86 86 87 86 87 86 86 86 86 86 86 86 86 86 85 86 86 85 85 86 86 86 85 86 86 86 86 86 86 86 87 88 86 87
-9999 -9999 -9999 -9999 -9999 -9999 -9999 -9999 -9999 -9999 -9999 -9999 -9999 -9999 -9999 -9999 -9999 -9999 -9999 -9999 -9999 68 68 -9999 -9999 -9999 73 75 79 89 87 83 83 81 80 82 82 83 85 85 85 85 85 85 84 83 84 82 83 84 85 84 85 85 85 85 85 85 85 85 85 86 85 86 87 86 86 86 86 85 86 85 86 86 85 86 86 86 85 86 86 85 85 86 86 85 86 85 86 85 85 86 86 87 86 87
-9999 -9999 -9999 -9999 -9999 -9999 -9999 -9999 -9999 -9999 -9999 -9999 -9999 -9999 -9999 -9999 -9999 -9999 -9999 -9999 -9999 -9999 -9999 -9999 -9999 -9999 72 80 91 89 85 84 83 83 81 82 83 84 85 84 85 86 84 84 83 82 83 83 84 85 84 85 85 85 85 85 85 85 86 86 85 85 86 85 86 85 85 85 86 85 85 85 86 86 86 86 86 86 85 85 86 85 85 86 86 86 86 85 86 85 86 86 86 87 87 87
-9999 -9999 -9999 -9999 -9999 -9999 -9999 -9999 -9999 -9999 -9999 -9999 -9999 -9999 -9999 -9999 -9999 -9999 -9999 -9999 -9999 -9999 -9999 -9999 -9999 69 70 81 89 84 82 81 82 83 83 81 82 84 83 84 86 86 85 84 84 83 83 83 84 84 84 85 85 85 85 86 85 85 85 86 85 85 85 86 86 85 86 86 86 86 86 86 86 86 86 85 85 85 85 85 85 85 85 85 85 86 86 85 86 86 86 86 87 86 86 87
-9999 -9999 -9999 -9999 -9999 -9999 -9999 -9999 -9999 -9999 -9999 -9999 -9999 -9999 -9999 -9999 -9999 -9999 -9999 -9999 -9999 -9999 -9999 -9999 66 67 69 91 89 88 85 85 89 90 84 82 83 83 85 86 86 86 84 85 84 82 83 83 84 84 84 85 85 85 85 85 85 85 86 86 85 85 86 86 85 85 86 85 86 85 85 85 86 86 85 85 85 85 85 84 84 85 85 85 85 86 86 86 86 86 86 86 85 85 85 86
-9999 -9999 -9999 -9999 -9999 -9999 -9999 -9999 -9999 -9999 -9999 -9999 -9999 -9999 -9999 -9999 -9999 -9999 -9999 -9999 -9999 -9999 -9999 65 65 67 69 79 88 90 89 89 90 90 82 83 83 84 85 86 86 85 84 85 84 83 83 83 84 85 84 84 85 85 86 86 85 85 86 86 85 85 86 86 86 86 86 86 86 85 85 85 84 85 86 85 85 84 84 84 84 84 84 84 85 85 85 86 86 85 86 86 86 86 86 86
-9999 -9999 -9999 -9999 -9999 -9999 -9999 -9999 -9999 -9999 -9999 -9999 -9999 -9999 -9999 -9999 -9999 -9999 -9999 -9999 68 69 69 68 68 70 72 84 90 89 88 90 90 87 87 84 84 84 86 86 85 85 84 84 84 84 83 82 84 84 85 85 85 85 85 85 85 85 85 85 85 85 85 85 85 85 86 85 86 85 85 85 86 86 86 84 84 84 84 84 84 84 84 84 84 84 86 86 85 86 85 86 86 86 86 86
-9999 -9999 -9999 -9999 -9999 -9999 -9999 -9999 -9999 -9999 -9999 -9999 -9999 -9999 -9999 -9999 -9999 -9999 -9999 -9999 70 72 72 72 72 75 85 91 90 91 88 90 90 90 88 85 85 86 86 86 84 83 83 85 83 83 83 82 84 84 84 84 85 85 85 85 85 85 85 85 85 85 86 86 85 85 85 85 85 85 85 85 86 85 86 85 84 84 84 84 84 84 84 84 84 84 84 85 86 86 85 85 86 86 86 86
-9999 -9999 -9999 -9999 -9999 -9999 -9999 -9999 -9999 -9999 -9999 -9999 -9999 -9999 -9999 -9999 -9999 -9999 69 70 72 74 75 76 77 82 90 88 90 87 84 87 90 87 86 85 89 87 85 85 84 84 82 84 82 83 83 82 84 84 84 84 85 85 85 85 85 85 85 86 85 85 85 85 85 85 85 85 85 85 85 85 84 85 85 85 84 83 84 84 84 84 84 84 84 84 85 85 85 86 85 85 86 86 86 86
-9999 -9999 -9999 -9999 -9999 -9999 -9999 -9999 -9999 -9999 -9999 -9999 -9999 -9999 -9999 -9999 -9999 71 71 73 75 75 78 79 80 83 93 87 88 88 90 86 87 89 86 86 87 87 86 84 83 82 83 83 82 82 83 84 84 84 85 85 84 85 85 85 85 85 85 85 85 85 85 86 85 85 86 86 85 85 85 85 85 85 85 84 84 83 84 84 83 83 83 84 84 84 85 85 84 86 85 85 85 85 85 86
-9999 -9999 -9999 -9999 -9999 -9999 -9999 -9999 -9999 -9999 -9999 -9999 -9999 -9999 -9999 68 72 75 74 76 77 78 79 82 89 89 91 89 91 89 90 86 87 87 86 88 86 85 84 84 83 83 84 83 82 82 83 82 84 85 85 85 84 85 85 85 85 84 84 84 85 84 85 85 86 86 85 86 85 85 86 85 85 85 85 84 84 84 84 84 83 83 83 84 84 85 84 85 84 85 85 86 85 86 85 86
-9999 -9999 -9999 -9999 -9999 -9999 -9999 -9999 -9999 -9999 -9999 -9999 -9999 -9999 67 69 74 77 77 80 82 83 84 88 91 92 91 91 91 89 88 89 88 88 88 87 86 84 83 82 82 83 84 82 83 82 82 83 83 84 85 85 84 85 85 86 85 84 85 85 85 84 85 85 86 86 85 85 85 85 85 85 85 85 85 85 84 83 84 84 83 83 84 83 84 84 84 85 84 84 85 86 86 85 85 86
-9999 -9999 -9999 -9999 -9999 -9999 -9999 -9999 -9999 -9999 -9999 -9999 -9999 -9999 69 72 74 77 79 86 87 87 87 90 92 90 91 90 89 89 88 89 89 86 85 85 86 82 82 82 83 83 84 82 82 82 82 82 82 85 85 85 85 85 84 85 85 85 85 85 85 85 85 84 85 84 84 85 85 85 85 85 85 85 85 85 85 84 84 84 84 84 83 84 84 84 85 84 85 85 86 85 86 84 85 85
-9999 -9999 -9999 -9999 -9999 -9999 -9999 -9999 -9999 -9999 -9999 -9999 65 67 70 73 74 79 82 82 85 86 90 90 89 89 89 88 88 89 88 87 87 84 87 84 85 82 82 82 82 83 83 82 82 82 81 81 82 84 85 85 85 84 84 85 84 85 84 85 85 85 85 85 85 85 85 84 86 86 85 85 85 85 85 85 85 84 84 84 84 84 84 84 84 84 85 85 84 85 85 86 86 85 84 84
-9999 -9999 -9999 -9999 -9999 -9999 -9999 -9999 -9999 -9999 -9999 -9999 65 67 70 73 77 80 80 84 83 87 90 90 89 90 90 90 88 88 88 87 86 86 87 86 83 82 84 82 81 82 81 82 82 82 82 83 82 85 85 85 85 84 85 85 85 84 84 85 86 85 85 86 86 86 85 86 86 86 86 85 85 85 85 85 86 85 84 84 84 84 84 84 84 85 84 85 85 85 85 85 85 86 85 85
-9999 -9999 -9999 -9999 -9999 -9999 -9999 -9999 -9999 -9999 -9999 64 66 68 71 77 84 80 80 85 86 88 89 89 89 90 91 90 89 89 89 89 87 88 87 86 84 85 85 84 82 82 81 81 82 82 82 82 84 85 85 85 85 84 85 85 84 85 86 86 85 85 85 85 85 85 85 86 85 85 85 86 85 85 85 85 86 85 85 85 85 84 84 85 85 85 85 84 85 85 85 85 86 85 85 85
-9999 -9999 -9999 -9999 -9999 -9999 -9999 -9999 -9999 -9999 63 65 66 68 74 80 84 79 80 81 83 84 87 88 89 89 90 89 89 91 89 88 89 88 87 87 85 85 84 82 81 82 81 82 82 82 82 83 83 85 86 85 85 84 86 84 84 84 85 86 86 85 85 85 85 85 85 85 86 85 85 86 86 85 85 85 85 86 85 85 85 85 85 85 85 84 85 85 85 85 85 85 85 85 85 84
-9999 -9999 -9999 -9999 -9999 -9999 -9999 -9999 -9999 62 64 65 67 70 76 80 78 77 78 79 80 81 82 86 89 90 90 89 89 90 90 89 89 88 87 87 86 85 84 82 81 82 82 82 82 83 82 82 84 85 85 85 85 84 86 85 85 85 84 84 85 84 84 84 86 85 85 85 85 86 86 86 86 86 86 85 86 86 86 85 86 86 85 85 85 85 84 84 85 85 85 84 84 85 85 84
-9999 -9999 -9999 -9999 -9999 -9999 -9999 -9999 -9999 62 63 65 67 71 77 76 75 74 75 76 77 78 82 85 85 87 90 89 90 90 89 89 88 88 88 87 87 85 84 82 82 83 82 83 83 84 83 83 85 86 85 86 84 84 85 84 85 85 85 84 85 84 84 84 85 84 85 85 84 85 86 86 86 87 87 86 86 85 86 86 85 86 86 85 85 85 85 85 86 85 84 85 84 84 85 84
-9999 -9999 -9999 -9999 -9999 -9999 -9999 -9999 61 61 63 64 66 71 73 73 73 73 74 74 76 78 81 85 84 87 90 90 89 90 89 90 88 88 88 87 86 86 84 84 83 83 84 83 84 85 85 84 85 86 86 85 85 84 85 85 85 85 85 85 84 84 84 84 85 84 84 86 85 85 85 86 87 86 87 87 86 86 86 86 86 85 85 85 85 85 84 85 85 85 85 85 84 84 84 84
-9999 -9999 -9999 -9999 -9999 -9999 -9999 -9999 -9999 62 63 66 69 71 71 71 72 72 72 73 75 78 81 84 86 90 90 91 90 90 90 90 89 88 87 87 87 86 85 84 84 83 84 83 83 85 85 86 85 85 86 84 84 85 85 85 85 84 83 83 84 84 83 85 85 84 84 84 85 85 86 85 86 87 87 87 86 86 86 86 85 86 85 85 84 86 85 85 85 85 85 86 85 84 84 84
-9999 -9999 -9999 -9999 -9999 -9999 -9999 -9999 61 62 64 67 71 71 69 69 71 70 71 73 74 77 83 84 86 90 91 90 90 91 91 89 89 90 87 88 87 87 86 85 83 82 84 83 83 84 85 86 85 85 85 84 84 84 84 84 83 83 84 84 84 83 84 84 84 85 85 85 85 85 86 86 86 87 86 87 86 85 86 86 86 86 86 85 86 85 85 85 85 84 85 85 84 85 85 84
-9999 -9999 -9999 -9999 -9999 -9999 -9999 -9999 61 61 63 65 67 67 67 68 70 70 71 72 73 74 79 86 92 90 91 92 92 91 89 88 88 89 87 88 87 87 86 85 85 83 83 82 83 86 86 86 85 85 84 82 84 83 84 84 83 84 84 85 84 84 83 84 84 84 85 85 85 86 87 86 86 87 87 87 86 87 86 86 86 85 85 86 85 84 84 84 84 84 84 84 84 84 84 83
-9999 -9999 -9999 -9999 -9999 -9999 -9999 -9999 -9999 61 63 64 65 65 66 67 68 69 71 72 72 74 81 88 90 89 90 91 91 90 89 88 90 89 87 87 87 87 86 85 84 84 83 84 86 86 85 86 85 85 82 83 84 83 84 83 83 84 84 83 82 83 83 83 84 83 85 85 86 86 86 86 87 87 86 87 85 86 86 85 86 86 84 85 85 85 85 84 84 85 84 84 84 84 84 82
-9999 -9999 -9999 -9999 -9999 -9999 -9999 -9999 -9999 -9999 62 63 64 65 66 67 68 70 70 70 71 72 80 89 89 89 89 90 92 88 91 89 90 90 88 87 88 87 86 85 84 84 83 84 85 86 85 86 85 85 82 82 82 83 83 83 83 84 82 82 82 82 83 83 83 83 85 85 85 86 86 87 87 87 86 86 87 86 86 86 85 84 85 85 85 84 84 85 85 85 85 84 85 84 84 84
-9999 -9999 -9999 -9999 -9999 -9999 -9999 -9999 -9999 -9999 -9999 64 65 65 66 67 68 69 70 70 71 72 75 87 90 88 88 88 88 89 88 90 89 89 87 88 88 87 86 85 85 85 84 86 85 85 85 86 85 84 81 82 82 82 83 83 82 82 82 82 82 82 82 82 83 83 85 85 86 86 86 87 87 86 86 86 86 86 86 86 85 85 85 85 84 85 85 85 85 84 84 84 83 84 83 83
-9999 -9999 -9999 -9999 -9999 -9999 -9999 -9999 -9999 -9999 -9999 64 64 65 67 67 68 69 70 70 71 71 73 80 87 90 88 89 89 89 88 90 90 90 88 87 87 88 86 87 86 84 85 86 86 83 83 84 84 81 81 80 80 80 81 82 82 82 82 82 82 83 83 82 83 84 84 84 86 85 86 87 86 86 87 85 86 86 86 85 85 85 85 85 85 85 85 85 84 84 84 84 83 83 83 82
-9999 -9999 -9999 -9999 -9999 -9999 -9999 -9999 -9999 -9999 63 64 65 65 67 67 69 69 71 71 72 71 72 73 79 87 90 89 88 89 89 89 89 88 88 88 87 87 87 87 85 85 85 85 86 85 84 83 83 83 80 79 79 79 77 81 82 81 81 81 82 82 82 82 83 84 84 86 86 85 87 86 87 87 85 86 86 86 86 85 84 84 85 84 85 85 84 85 85 84 84 84 84 84 83 83
-9999 -9999 -9999 -9999 -9999 -9999 -9999 -9999 -9999 62 64 64 65 65 66 67 68 69 71 71 71 71 72 72 74 77 84 86 89 89 87 89 89 89 88 87 87 87 87 87 86 85 86 86 85 85 84 83 81 82 80 79 79 77 77 77 79 80 80 81 81 82 82 82 82 83 84 84 85 86 86 87 86 85 87 86 86 86 85 85 84 85 85 85 83 84 83 85 84 84 83 84 84 83 83 82
-9999 -9999 -9999 -9999 -9999 -9999 -9999 -9999 -9999 -9999 -9999 65 65 65 66 67 68 68 70 71 71 71 72 72 74 78 77 81 89 89 87 89 89 87 88 88 88 87 87 87 86 86 86 85 85 84 83 82 81 80 79 78 78 77 76 76 75 75 76 79 80 81 81 82 82 83 84 84 85 86 87 86 87 86 86 86 86 85 85 85 85 85 85 85 84 84 84 83 84 83 83 83 83 82 83 82
