bio_clim/bio_15.asc
ncols         156
nrows         252
xllcorner     -82
yllcorner     -8
cellsize      0.083333337679505
NODATA_value  -9999
[rows 132 to 175 of 252, columns 0 to 95 of 156]
-9999 -9999 -9999 -9999 -9999 -9999 -9999 -9999 -9999 -9999 -9999 -9999 -9999 -9999 -9999 -9999 -9999 -9999 -9999 -9999 -9999 -9999 -9999 -9999 -9999 -9999 -9999 -9999 -9999 -9999 -9999 -9999 -9999 -9999 -9999 -9999 -9999 -9999 -9999 -9999 -9999 33 30 28 26 24 22 20 18 17 20 27 31 34 44 52 52 49 49 48 50 50 34 18 19 18 20 17 15 15 18 19 19 20 21 21 22 22 23 23 24 29 33 32 32 31 32 32 33 33 34 35 36 37 39 40
-9999 -9999 -9999 -9999 -9999 -9999 -9999 -9999 -9999 -9999 -9999 -9999 -9999 -9999 -9999 -9999 -9999 -9999 -9999 -9999 -9999 -9999 -9999 -9999 -9999 -9999 -9999 -9999 -9999 -9999 -9999 -9999 -9999 -9999 -9999 -9999 -9999 -9999 -9999 -9999 -9999 33 31 28 26 24 22 20 19 18 20 23 28 34 42 49 48 49 48 47 56 53 45 21 22 26 17 17 19 19 21 24 22 24 24 23 24 26 25 27 28 34 34 33 33 32 32 33 33 34 35 36 37 37 39 40
-9999 -9999 -9999 -9999 -9999 -9999 -9999 -9999 -9999 -9999 -9999 -9999 -9999 -9999 -9999 -9999 -9999 -9999 -9999 -9999 -9999 -9999 -9999 -9999 -9999 -9999 -9999 -9999 -9999 -9999 -9999 -9999 -9999 -9999 -9999 -9999 -9999 -9999 46 -9999 39 34 31 28 26 24 22 21 19 18 20 25 30 36 42 52 48 46 45 51 54 51 34 17 17 19 17 19 20 23 25 26 27 29 26 26 28 28 29 29 32 36 35 34 34 33 33 33 34 34 35 36 37 38 39 40
-9999 -9999 -9999 -9999 -9999 -9999 -9999 -9999 -9999 -9999 -9999 -9999 -9999 -9999 -9999 -9999 -9999 -9999 -9999 -9999 -9999 -9999 -9999 -9999 -9999 -9999 -9999 -9999 -9999 -9999 -9999 -9999 -9999 -9999 -9999 -9999 -9999 46 45 42 39 35 31 28 26 24 23 21 19 18 20 28 40 36 42 47 45 43 45 56 43 21 18 16 19 17 20 26 26 25 28 29 30 29 29 30 29 32 31 31 35 36 35 35 34 34 34 34 35 35 36 36 37 38 39 40
-9999 -9999 -9999 -9999 -9999 -9999 -9999 -9999 -9999 -9999 -9999 -9999 -9999 -9999 -9999 -9999 -9999 -9999 -9999 -9999 -9999 -9999 -9999 -9999 -9999 -9999 -9999 -9999 -9999 -9999 -9999 -9999 -9999 -9999 -9999 -9999 47 45 44 41 38 33 30 27 25 24 22 21 19 18 20 30 51 46 40 40 41 42 47 50 42 20 19 19 15 16 19 24 26 27 28 30 29 28 29 30 34 36 35 33 37 37 36 35 35 35 35 35 35 36 36 37 37 38 39 40
-9999 -9999 -9999 -9999 -9999 -9999 -9999 -9999 -9999 -9999 -9999 -9999 -9999 -9999 -9999 -9999 -9999 -9999 -9999 -9999 -9999 -9999 -9999 -9999 -9999 -9999 -9999 -9999 -9999 -9999 -9999 -9999 -9999 -9999 -9999 -9999 -9999 45 43 40 37 33 29 26 24 22 20 19 18 18 20 36 50 47 35 37 43 52 51 42 18 23 16 15 17 17 20 24 28 33 32 32 30 27 29 32 36 37 36 36 37 37 36 36 35 35 35 35 36 36 37 37 38 38 39 40
-9999 -9999 -9999 -9999 -9999 -9999 -9999 -9999 -9999 -9999 -9999 -9999 -9999 -9999 -9999 -9999 -9999 -9999 -9999 -9999 -9999 -9999 -9999 -9999 -9999 -9999 -9999 -9999 -9999 -9999 -9999 -9999 -9999 -9999 -9999 -9999 -9999 -9999 42 38 35 31 27 23 21 19 17 17 16 17 20 36 50 40 37 47 41 44 45 41 17 21 15 17 18 18 20 24 29 32 33 33 28 27 30 32 35 38 39 38 37 37 37 36 36 36 36 36 36 37 37 37 38 38 39 40
-9999 -9999 -9999 -9999 -9999 -9999 -9999 -9999 -9999 -9999 -9999 -9999 -9999 -9999 -9999 -9999 -9999 -9999 -9999 -9999 -9999 -9999 -9999 -9999 -9999 -9999 -9999 -9999 -9999 -9999 -9999 -9999 -9999 -9999 -9999 -9999 -9999 -9999 40 36 33 29 26 23 20 18 14 15 18 20 21 39 50 43 38 50 47 46 40 32 22 20 20 17 17 21 22 25 31 31 34 30 26 28 30 32 34 37 39 38 37 37 37 36 36 36 36 36 37 37 37 38 38 39 39 40
-9999 -9999 -9999 -9999 -9999 -9999 -9999 -9999 -9999 -9999 -9999 -9999 -9999 -9999 -9999 -9999 -9999 -9999 -9999 -9999 -9999 -9999 -9999 -9999 -9999 -9999 -9999 -9999 -9999 -9999 -9999 -9999 -9999 -9999 -9999 -9999 45 42 38 33 30 27 25 22 20 15 16 29 29 30 35 48 48 42 43 46 42 28 18 16 21 35 25 23 19 22 23 26 28 29 27 26 25 27 29 30 32 35 36 37 37 36 36 36 36 36 36 37 37 37 38 38 38 39 39 40
-9999 -9999 -9999 -9999 -9999 -9999 -9999 -9999 -9999 -9999 -9999 -9999 -9999 -9999 -9999 -9999 -9999 -9999 -9999 -9999 -9999 -9999 -9999 -9999 -9999 -9999 -9999 -9999 -9999 -9999 -9999 -9999 -9999 -9999 -9999 45 43 39 35 31 27 24 22 20 19 17 21 26 36 43 46 44 45 41 42 18 33 17 24 21 19 28 24 19 22 23 28 29 25 24 23 24 25 27 28 29 31 33 34 35 36 36 36 36 36 36 37 37 37 37 38 38 38 39 39 40
-9999 -9999 -9999 -9999 -9999 -9999 -9999 -9999 -9999 -9999 -9999 -9999 -9999 -9999 -9999 -9999 -9999 -9999 -9999 -9999 -9999 -9999 -9999 -9999 -9999 -9999 -9999 -9999 -9999 -9999 -9999 -9999 -9999 -9999 42 40 38 35 32 28 25 22 21 20 18 19 35 30 42 46 41 30 34 40 39 25 18 19 19 20 29 36 42 22 24 24 28 23 22 22 23 24 25 26 27 29 30 32 33 34 35 35 36 36 36 36 37 37 37 38 38 38 38 39 39 40
-9999 -9999 -9999 -9999 -9999 -9999 -9999 -9999 -9999 -9999 -9999 -9999 -9999 -9999 -9999 -9999 -9999 -9999 -9999 -9999 -9999 -9999 -9999 -9999 -9999 -9999 -9999 -9999 -9999 -9999 70 61 51 44 39 35 34 32 29 26 24 22 21 21 21 25 31 38 44 42 36 34 34 35 33 20 18 20 20 30 34 28 25 23 21 21 21 21 21 22 23 24 25 26 27 28 29 31 32 33 34 34 35 36 36 36 37 37 37 38 38 38 39 39 39 40
-9999 -9999 -9999 -9999 -9999 -9999 -9999 -9999 -9999 -9999 -9999 -9999 -9999 -9999 -9999 -9999 -9999 -9999 -9999 -9999 -9999 -9999 -9999 -9999 -9999 -9999 -9999 81 79 83 75 62 51 42 36 32 30 29 28 26 24 25 26 35 32 34 39 46 39 27 31 34 27 25 26 18 20 23 25 34 34 29 25 21 19 20 20 20 21 22 23 24 25 26 27 28 29 30 31 32 33 34 34 35 36 36 36 37 37 38 38 38 39 39 39 39
-9999 -9999 -9999 -9999 -9999 -9999 -9999 -9999 -9999 -9999 -9999 -9999 -9999 -9999 -9999 -9999 -9999 -9999 -9999 -9999 -9999 -9999 -9999 -9999 -9999 -9999 73 77 75 76 68 58 51 42 35 31 29 29 28 27 29 31 29 36 42 43 43 45 31 28 34 32 28 24 16 18 17 26 29 30 20 19 20 19 19 19 20 21 21 22 23 23 24 25 26 27 28 29 30 31 32 33 34 35 35 36 36 37 37 37 38 38 39 39 39 39
-9999 -9999 -9999 -9999 -9999 -9999 -9999 -9999 -9999 -9999 -9999 -9999 -9999 -9999 -9999 -9999 -9999 -9999 -9999 -9999 -9999 -9999 -9999 64 64 67 74 75 70 68 63 56 51 44 37 33 31 30 30 33 37 44 37 35 35 41 44 42 23 28 32 30 23 16 16 17 17 25 20 18 18 19 18 18 19 19 20 21 21 22 23 23 24 25 26 27 28 28 29 30 31 32 33 34 35 36 36 37 37 37 38 38 38 39 39 39
-9999 -9999 -9999 -9999 -9999 -9999 -9999 -9999 -9999 -9999 -9999 -9999 -9999 -9999 -9999 -9999 -9999 -9999 -9999 -9999 -9999 -9999 -9999 62 62 66 71 72 72 59 64 56 52 46 42 38 35 34 34 36 42 45 45 46 45 41 44 30 24 21 24 23 17 15 15 20 22 17 16 17 17 17 18 18 19 20 20 21 21 22 22 23 24 25 25 26 27 28 29 30 30 31 32 34 34 35 36 36 37 37 38 38 38 39 39 39
-9999 -9999 -9999 -9999 -9999 -9999 -9999 -9999 -9999 -9999 -9999 -9999 -9999 -9999 -9999 -9999 -9999 -9999 -9999 -9999 -9999 -9999 -9999 -9999 59 63 72 72 69 57 60 59 55 53 47 42 42 42 40 40 42 48 49 48 47 45 42 40 38 27 31 20 15 15 18 25 21 15 16 17 17 17 18 19 20 20 21 21 21 22 22 23 23 24 25 26 27 28 29 29 30 31 32 33 34 35 36 36 37 37 37 38 38 38 38 38
-9999 -9999 -9999 -9999 -9999 -9999 -9999 -9999 -9999 -9999 -9999 -9999 -9999 -9999 -9999 -9999 -9999 -9999 -9999 -9999 -9999 -9999 -9999 -9999 59 62 70 70 68 65 61 62 61 57 52 51 48 48 50 46 50 50 49 44 42 47 43 43 39 34 28 17 17 16 21 22 16 16 16 17 17 17 18 19 20 21 22 21 21 21 22 22 23 24 25 26 27 27 28 29 30 31 32 33 34 35 35 36 36 37 37 37 38 38 38 38
-9999 -9999 -9999 -9999 -9999 -9999 -9999 -9999 -9999 -9999 -9999 -9999 -9999 -9999 -9999 -9999 -9999 -9999 -9999 -9999 -9999 -9999 -9999 63 64 66 73 74 72 70 67 64 63 60 57 55 51 52 52 52 51 50 49 40 38 47 45 40 33 27 18 17 16 15 20 17 15 16 16 16 17 17 18 19 20 21 22 21 21 21 21 22 23 24 25 25 26 27 28 29 30 30 32 33 34 34 35 36 36 37 37 37 38 38 38 38
-9999 -9999 -9999 -9999 -9999 -9999 -9999 -9999 -9999 -9999 -9999 -9999 -9999 -9999 -9999 -9999 -9999 -9999 -9999 -9999 -9999 -9999 -9999 -9999 69 71 77 77 76 72 70 69 67 65 61 58 53 53 53 52 51 51 49 39 44 46 44 38 31 24 17 16 15 15 18 15 17 16 16 16 17 17 18 19 20 20 21 21 21 21 21 22 23 24 25 26 26 27 28 29 29 30 31 32 33 34 35 36 36 37 37 37 37 37 38 38
-9999 -9999 -9999 -9999 -9999 -9999 -9999 -9999 -9999 -9999 -9999 -9999 -9999 -9999 -9999 -9999 -9999 -9999 -9999 -9999 -9999 -9999 -9999 -9999 74 75 80 79 78 77 75 73 71 69 65 61 57 53 53 54 54 52 48 47 44 39 39 28 29 20 17 13 14 13 16 18 17 16 16 17 17 17 18 18 19 20 20 20 20 20 21 22 23 24 25 26 26 27 28 28 29 30 31 32 33 34 35 35 36 37 37 37 37 37 37 37
-9999 -9999 -9999 -9999 -9999 -9999 -9999 -9999 -9999 -9999 -9999 -9999 -9999 -9999 -9999 -9999 -9999 -9999 -9999 -9999 -9999 -9999 -9999 -9999 -9999 81 83 84 83 82 80 77 74 71 67 63 61 59 54 55 56 52 48 46 44 39 39 22 18 17 17 13 11 15 20 19 18 17 17 17 17 17 18 18 19 19 19 19 20 20 21 22 23 24 25 26 27 27 28 29 29 30 31 32 33 34 35 35 36 36 37 37 37 37 37 37
-9999 -9999 -9999 -9999 -9999 -9999 -9999 -9999 -9999 -9999 -9999 -9999 -9999 -9999 -9999 -9999 -9999 -9999 -9999 -9999 -9999 -9999 -9999 85 85 85 86 87 88 87 85 81 77 73 67 63 63 57 54 56 56 52 48 44 32 37 35 22 16 15 16 14 12 12 19 19 19 17 17 18 18 18 18 18 18 18 19 19 19 20 20 21 23 24 25 26 27 27 28 28 29 30 31 32 33 34 35 35 36 36 36 37 37 37 36 36
-9999 -9999 -9999 -9999 -9999 -9999 -9999 -9999 -9999 -9999 -9999 -9999 -9999 -9999 -9999 -9999 -9999 -9999 -9999 -9999 -9999 -9999 -9999 89 88 89 89 91 93 93 89 83 78 73 67 65 64 61 55 53 52 51 49 45 44 43 38 17 17 15 17 18 14 12 17 18 18 17 18 18 18 19 18 18 18 18 18 18 19 19 20 21 23 24 25 26 26 27 28 28 29 30 31 32 33 34 34 35 36 36 36 36 36 36 36 36
-9999 -9999 -9999 -9999 -9999 -9999 -9999 -9999 -9999 -9999 -9999 -9999 -9999 -9999 -9999 -9999 -9999 -9999 -9999 -9999 -9999 -9999 93 91 90 90 90 93 95 96 90 83 78 74 70 68 66 60 58 53 52 49 48 46 45 29 22 19 20 16 18 19 21 16 15 18 18 18 18 19 19 19 18 18 17 17 17 18 18 19 20 21 22 24 25 25 26 27 27 28 29 30 31 31 32 33 34 35 36 36 36 36 35 36 35 35
-9999 -9999 -9999 -9999 -9999 -9999 -9999 -9999 -9999 -9999 -9999 -9999 -9999 -9999 -9999 -9999 -9999 -9999 -9999 -9999 -9999 97 93 91 90 89 91 92 94 93 88 82 79 76 73 70 69 61 57 53 45 40 48 47 44 17 17 21 23 23 18 21 19 21 17 18 18 18 18 19 19 19 18 17 17 17 17 17 18 19 19 20 22 23 24 25 25 26 27 28 29 30 30 31 32 33 34 34 35 35 35 35 35 35 35 34
-9999 -9999 -9999 -9999 -9999 -9999 -9999 -9999 -9999 -9999 -9999 -9999 -9999 -9999 -9999 -9999 -9999 -9999 -9999 -9999 104 99 95 91 89 88 88 90 91 89 85 81 80 78 75 73 71 65 56 51 42 39 46 47 29 16 17 20 21 21 20 19 24 23 20 18 18 18 19 19 18 18 17 16 16 16 16 17 17 18 19 20 21 22 23 24 25 26 27 28 29 30 30 31 32 33 33 34 34 34 34 34 34 34 34 34
-9999 -9999 -9999 -9999 -9999 -9999 -9999 -9999 -9999 -9999 -9999 -9999 -9999 -9999 -9999 -9999 -9999 -9999 -9999 108 106 101 97 92 88 86 87 88 89 88 84 80 80 79 76 76 72 63 56 47 40 43 47 46 22 16 16 21 23 19 21 22 25 25 23 18 18 19 19 19 18 17 16 15 15 15 16 16 17 18 19 20 21 22 23 24 25 25 26 27 28 29 30 31 31 32 33 33 33 33 33 34 33 33 33 33
-9999 -9999 -9999 -9999 -9999 -9999 -9999 -9999 -9999 -9999 -9999 -9999 -9999 -9999 -9999 -9999 -9999 -9999 117 112 107 102 101 93 86 84 86 87 89 88 84 81 79 79 77 73 69 64 58 47 36 41 45 40 18 14 16 17 27 21 24 24 27 28 22 18 18 18 18 18 17 16 15 15 15 15 15 16 17 18 19 20 20 21 22 23 24 25 26 27 28 29 29 30 31 31 32 32 32 32 33 33 33 32 32 32
-9999 -9999 -9999 -9999 -9999 -9999 -9999 -9999 -9999 -9999 -9999 -9999 -9999 -9999 -9999 -9999 -9999 -9999 120 114 110 103 100 95 89 87 87 89 90 89 85 81 79 79 74 66 65 61 56 47 37 38 30 24 18 18 14 16 19 23 25 28 27 27 22 19 18 18 18 17 17 16 15 14 14 15 15 16 17 17 18 19 20 21 22 23 24 25 26 26 27 28 29 30 30 31 31 31 31 32 32 32 32 32 31 31
-9999 -9999 -9999 -9999 -9999 -9999 -9999 -9999 -9999 -9999 -9999 -9999 -9999 -9999 -9999 -9999 -9999 -9999 -9999 118 115 109 103 98 92 91 90 91 91 89 86 83 81 80 78 68 63 57 52 39 35 32 28 27 21 16 13 18 23 25 26 28 31 27 22 20 19 18 18 17 17 16 15 14 14 15 15 16 17 17 18 19 20 21 22 23 24 25 25 26 27 28 28 29 29 30 30 30 31 31 31 31 31 31 31 31
-9999 -9999 -9999 -9999 -9999 -9999 -9999 -9999 -9999 -9999 -9999 -9999 -9999 -9999 -9999 -9999 -9999 -9999 128 122 117 111 108 103 97 95 94 94 93 91 88 86 83 81 78 69 61 55 43 39 32 32 34 29 22 15 13 20 23 27 26 26 28 26 22 21 20 19 18 18 17 16 15 15 15 15 15 16 17 17 18 19 20 21 22 23 23 25 25 26 27 27 28 28 29 29 29 29 30 30 30 30 30 30 29 29
-9999 -9999 -9999 -9999 -9999 -9999 -9999 -9999 -9999 -9999 -9999 -9999 -9999 -9999 -9999 -9999 -9999 -9999 126 121 119 113 110 105 103 98 99 98 96 94 92 90 86 82 79 74 59 53 43 38 35 32 34 28 19 13 15 21 24 25 23 23 24 24 22 22 21 20 19 18 17 17 16 16 15 16 16 16 17 18 18 19 20 21 21 22 23 24 25 26 26 27 27 28 28 28 28 29 29 29 29 29 29 29 29 28
-9999 -9999 -9999 -9999 -9999 -9999 -9999 -9999 -9999 -9999 -9999 -9999 -9999 -9999 -9999 -9999 -9999 -9999 124 116 116 114 110 107 101 103 102 102 100 97 95 93 89 84 79 74 61 51 44 43 38 33 31 27 18 14 18 22 25 24 23 23 23 24 23 23 22 21 20 19 18 17 17 16 16 16 16 17 17 18 18 19 20 20 21 22 23 24 25 26 26 26 27 27 27 27 27 28 28 28 28 28 28 27 27 27
-9999 -9999 -9999 -9999 -9999 -9999 -9999 -9999 -9999 -9999 -9999 -9999 -9999 -9999 -9999 -9999 -9999 129 119 116 115 111 110 108 105 104 105 105 103 100 97 95 90 86 80 77 56 51 45 43 39 31 32 23 16 16 21 22 25 23 23 24 24 25 23 24 23 22 21 20 19 18 17 17 16 16 17 17 17 18 18 19 20 20 21 22 23 24 24 25 25 26 26 26 27 27 27 27 27 27 27 27 27 26 26 26
-9999 -9999 -9999 -9999 -9999 -9999 -9999 -9999 -9999 -9999 -9999 -9999 -9999 -9999 118 121 126 127 114 113 110 107 103 106 104 107 108 108 105 102 99 96 91 86 81 78 57 50 45 43 38 28 27 19 16 20 24 22 24 22 22 24 24 23 23 24 24 23 22 21 19 19 18 17 17 17 17 17 17 18 18 19 19 20 21 22 22 23 24 24 25 25 25 25 26 26 26 26 26 26 26 26 26 25 25 25
-9999 -9999 -9999 -9999 -9999 -9999 -9999 -9999 -9999 -9999 -9999 -9999 -9999 105 107 115 116 114 114 111 110 106 101 99 105 110 111 110 108 104 101 97 92 84 83 79 57 50 44 37 34 25 18 16 19 24 23 22 21 21 22 22 22 23 24 24 23 23 21 20 20 19 18 18 17 17 17 18 18 18 18 19 19 20 21 21 22 22 23 24 24 24 24 24 25 25 25 25 25 25 25 25 25 24 24 24
-9999 -9999 -9999 -9999 -9999 -9999 -9999 -9999 -9999 -9999 -9999 -9999 -9999 103 102 108 113 116 113 111 107 106 105 104 110 113 113 113 109 105 102 99 95 86 82 82 66 48 44 34 27 21 18 18 23 26 27 26 20 21 22 22 23 23 23 23 22 22 21 20 19 19 18 18 17 17 18 18 18 18 18 19 19 20 20 21 21 22 22 23 23 23 24 24 24 24 24 24 24 24 24 24 24 23 23 23
-9999 -9999 -9999 -9999 -9999 -9999 -9999 -9999 -9999 -9999 -9999 -9999 -9999 -9999 97 105 110 110 112 109 106 107 108 110 113 115 115 114 110 107 104 101 97 90 83 82 63 49 41 25 24 19 18 18 24 31 35 24 19 20 22 23 23 23 23 22 22 21 21 21 20 19 18 18 18 17 17 17 18 18 18 19 19 19 20 20 21 21 22 22 22 23 23 23 23 23 23 23 23 23 23 23 22 22 22 22
-9999 -9999 -9999 -9999 -9999 -9999 -9999 -9999 -9999 -9999 -9999 -9999 -9999 -9999 -9999 101 101 102 103 104 104 105 107 111 114 116 116 113 112 109 106 104 95 87 84 74 58 46 33 25 23 21 25 29 32 34 38 21 18 19 20 22 22 21 21 22 21 21 20 20 19 19 18 18 18 17 17 17 17 18 18 18 19 19 20 20 20 21 21 22 22 22 22 22 22 22 22 22 22 22 22 22 21 21 21 21
-9999 -9999 -9999 -9999 -9999 -9999 -9999 -9999 -9999 -9999 -9999 -9999 -9999 -9999 -9999 95 99 99 99 101 103 104 107 110 114 116 115 114 112 111 109 104 96 88 84 62 54 49 42 26 21 23 26 29 31 26 32 18 16 17 19 20 21 21 21 21 21 20 20 19 19 19 18 18 18 18 18 18 18 18 18 18 18 19 19 20 20 20 21 21 21 21 21 22 22 22 21 21 21 21 21 21 21 20 20 20
-9999 -9999 -9999 -9999 -9999 -9999 -9999 -9999 -9999 -9999 -9999 -9999 -9999 -9999 -9999 95 94 91 97 103 104 106 106 107 110 113 113 113 112 112 111 107 100 91 84 63 53 49 43 26 21 24 23 31 35 26 19 16 14 16 18 19 20 20 20 20 20 19 19 19 18 18 18 18 17 17 17 17 18 18 18 18 18 19 19 19 19 20 20 20 21 21 21 21 21 21 21 21 20 20 20 20 20 19 19 19
-9999 -9999 -9999 -9999 -9999 -9999 -9999 -9999 -9999 -9999 -9999 -9999 -9999 -9999 85 98 99 99 104 108 107 108 107 106 108 110 111 112 112 112 111 109 100 89 85 68 55 49 35 25 22 22 25 31 37 29 18 13 13 15 17 18 18 19 19 19 19 19 19 18 18 18 18 18 17 17 17 17 17 17 18 18 18 18 18 19 19 19 19 20 20 20 21 21 20 20 20 20 20 20 19 19 19 18 18 18
-9999 -9999 -9999 -9999 -9999 -9999 -9999 -9999 -9999 -9999 -9999 -9999 -9999 -9999 85 101 106 105 112 111 111 111 109 108 110 110 111 112 112 112 112 109 104 93 83 72 59 47 36 30 27 21 20 24 34 27 14 13 14 14 16 16 17 18 18 18 18 18 18 18 18 18 17 17 17 17 17 17 17 17 17 17 18 18 18 18 19 19 19 19 20 20 20 20 20 19 19 19 19 19 18 18 18 17 17 17
