bio_clim/bio_17.asc
ncols         156
nrows         252
xllcorner     -82
yllcorner     -8
cellsize      0.083333337679505
NODATA_value  -9999
[rows 39 to 77 of 252, columns 0 to 88 of 156]
-9999 -9999 -9999 -9999 -9999 -9999 -9999 -9999 -9999 -9999 -9999 -9999 -9999 -9999 -9999 -9999 -9999 -9999 -9999 -9999 -9999 -9999 -9999 -9999 -9999 -9999 -9999 -9999 -9999 -9999 -9999 -9999 -9999 -9999 -9999 -9999 -9999 -9999 -9999 -9999 -9999 -9999 -9999 -9999 -9999 -9999 -9999 -9999 -9999 -9999 -9999 -9999 -9999 -9999 -9999 -9999 -9999 -9999 -9999 -9999 -9999 -9999 -9999 -9999 -9999 -9999 -9999 -9999 -9999 -9999 -9999 -9999 -9999 -9999 -9999 -9999 28 35 50 77 100 110 110 102 83 67 66 66 71
-9999 -9999 -9999 -9999 -9999 -9999 -9999 -9999 -9999 -9999 -9999 -9999 -9999 -9999 -9999 -9999 -9999 -9999 -9999 -9999 -9999 -9999 -9999 -9999 -9999 -9999 -9999 -9999 -9999 -9999 -9999 -9999 -9999 -9999 -9999 -9999 -9999 -9999 -9999 -9999 -9999 -9999 -9999 -9999 -9999 -9999 -9999 -9999 -9999 -9999 -9999 -9999 -9999 -9999 -9999 -9999 -9999 -9999 -9999 -9999 -9999 -9999 -9999 -9999 -9999 -9999 -9999 -9999 -9999 -9999 -9999 -9999 -9999 -9999 -9999 -9999 -9999 31 42 69 97 103 104 94 70 58 57 63 68
-9999 -9999 -9999 -9999 -9999 -9999 -9999 -9999 -9999 -9999 -9999 -9999 -9999 -9999 -9999 -9999 -9999 -9999 -9999 -9999 -9999 -9999 -9999 -9999 -9999 -9999 -9999 -9999 240 223 199 195 179 165 162 153 -9999 -9999 -9999 -9999 -9999 -9999 -9999 -9999 -9999 -9999 -9999 -9999 -9999 -9999 -9999 -9999 -9999 -9999 -9999 -9999 -9999 -9999 -9999 -9999 -9999 -9999 -9999 -9999 -9999 -9999 -9999 -9999 -9999 -9999 -9999 -9999 -9999 -9999 -9999 -9999 -9999 28 38 74 91 96 95 79 65 51 49 60 68
-9999 -9999 -9999 -9999 -9999 -9999 -9999 -9999 -9999 -9999 -9999 -9999 -9999 -9999 -9999 -9999 -9999 -9999 -9999 -9999 -9999 -9999 -9999 -9999 -9999 -9999 -9999 242 254 249 243 227 219 180 141 -9999 127 -9999 -9999 -9999 -9999 -9999 -9999 -9999 -9999 -9999 -9999 -9999 -9999 -9999 -9999 -9999 -9999 -9999 -9999 -9999 -9999 -9999 -9999 -9999 -9999 -9999 -9999 -9999 -9999 -9999 -9999 -9999 -9999 -9999 -9999 -9999 -9999 -9999 -9999 -9999 -9999 28 33 56 78 87 79 70 56 47 45 51 62
-9999 -9999 -9999 -9999 -9999 -9999 -9999 -9999 -9999 -9999 -9999 -9999 -9999 -9999 -9999 -9999 -9999 -9999 -9999 -9999 -9999 -9999 -9999 -9999 -9999 183 193 196 207 209 224 223 210 166 137 126 129 140 151 149 142 136 125 -9999 -9999 -9999 -9999 -9999 -9999 -9999 -9999 -9999 -9999 -9999 -9999 -9999 -9999 -9999 -9999 -9999 -9999 -9999 -9999 -9999 -9999 -9999 -9999 -9999 -9999 -9999 -9999 -9999 31 31 33 34 32 33 40 56 73 76 70 60 53 45 43 45 51
-9999 -9999 -9999 -9999 -9999 -9999 -9999 -9999 -9999 -9999 -9999 -9999 -9999 -9999 -9999 -9999 -9999 -9999 -9999 -9999 -9999 -9999 -9999 -9999 202 182 168 147 130 137 157 159 160 137 123 124 126 126 128 130 128 128 119 110 103 -9999 -9999 -9999 -9999 -9999 -9999 -9999 -9999 -9999 -9999 -9999 -9999 -9999 -9999 -9999 -9999 -9999 -9999 -9999 -9999 -9999 -9999 -9999 -9999 -9999 -9999 34 34 38 42 45 44 47 54 69 71 67 60 53 49 46 43 46 45
-9999 -9999 -9999 -9999 -9999 -9999 -9999 -9999 -9999 -9999 -9999 -9999 -9999 -9999 -9999 -9999 -9999 -9999 -9999 -9999 -9999 -9999 255 214 183 162 135 102 77 79 116 127 104 94 79 62 68 81 94 99 97 95 104 112 107 97 85 59 -9999 -9999 -9999 -9999 -9999 -9999 -9999 -9999 -9999 -9999 -9999 -9999 -9999 -9999 -9999 -9999 -9999 -9999 -9999 -9999 -9999 -9999 36 40 42 46 52 55 56 61 67 72 70 63 54 47 46 48 51 52 48
-9999 617 -9999 -9999 -9999 -9999 -9999 -9999 -9999 -9999 -9999 -9999 -9999 -9999 -9999 -9999 -9999 -9999 439 388 346 294 241 190 152 132 110 83 59 60 70 65 52 44 32 30 47 68 79 84 76 65 69 93 102 98 99 88 65 -9999 -9999 -9999 -9999 -9999 -9999 -9999 -9999 -9999 -9999 -9999 -9999 -9999 -9999 -9999 -9999 -9999 -9999 -9999 -9999 -9999 38 43 48 57 65 65 63 65 67 70 69 62 54 47 49 53 56 60 58
-9999 -9999 612 -9999 -9999 -9999 -9999 -9999 -9999 -9999 -9999 -9999 -9999 -9999 -9999 -9999 440 454 411 365 330 275 223 171 131 108 92 72 64 61 56 43 27 22 21 23 46 63 72 78 68 51 52 80 93 87 84 85 84 71 -9999 -9999 -9999 -9999 -9999 -9999 -9999 -9999 -9999 -9999 -9999 -9999 -9999 -9999 -9999 -9999 -9999 -9999 -9999 39 40 45 52 64 73 70 68 68 70 69 68 64 57 55 56 57 57 62 68
-9999 621 -9999 581 -9999 -9999 -9999 -9999 -9999 -9999 -9999 -9999 -9999 -9999 -9999 403 407 440 392 348 300 251 203 159 116 84 75 70 64 71 -9999 -9999 -9999 -9999 -9999 -9999 27 39 60 68 83 57 60 65 74 74 73 72 81 83 82 -9999 -9999 -9999 -9999 -9999 -9999 -9999 -9999 -9999 -9999 -9999 -9999 -9999 -9999 -9999 -9999 -9999 51 43 41 47 53 59 63 61 67 71 73 70 66 64 59 56 60 62 66 71 72
579 609 589 555 508 -9999 -9999 -9999 -9999 -9999 -9999 -9999 -9999 308 320 331 351 374 348 303 262 220 181 140 101 73 58 -9999 -9999 -9999 -9999 -9999 -9999 -9999 -9999 -9999 -9999 28 34 39 49 68 83 59 62 62 63 63 71 80 90 90 -9999 -9999 -9999 -9999 -9999 -9999 -9999 -9999 -9999 -9999 -9999 -9999 -9999 -9999 -9999 71 55 44 45 49 50 49 50 57 69 72 73 69 64 61 56 55 57 63 71 76 75
474 446 446 402 391 354 306 289 -9999 -9999 242 242 246 249 256 255 271 281 257 241 215 180 138 110 78 67 53 -9999 -9999 -9999 -9999 -9999 -9999 -9999 -9999 -9999 -9999 -9999 -9999 25 25 39 72 51 57 50 54 58 64 74 87 96 95 -9999 -9999 -9999 -9999 -9999 -9999 -9999 -9999 -9999 -9999 -9999 -9999 -9999 90 78 64 54 54 55 53 48 53 66 74 74 72 67 62 56 52 49 51 56 61 65 71
383 356 348 322 293 264 238 210 192 198 176 174 171 168 155 158 161 161 163 159 166 134 75 58 49 60 53 -9999 -9999 -9999 -9999 -9999 -9999 -9999 -9999 -9999 -9999 -9999 -9999 -9999 19 24 38 44 49 45 47 53 60 69 80 97 104 103 -9999 -9999 -9999 -9999 -9999 -9999 -9999 -9999 -9999 -9999 119 110 100 87 76 69 68 67 66 62 65 74 79 75 70 64 56 51 47 43 45 50 53 55 67
341 230 303 279 278 245 215 203 155 141 161 154 142 136 129 115 100 107 123 115 116 88 51 40 46 49 -9999 -9999 -9999 -9999 -9999 -9999 -9999 -9999 -9999 13 -9999 -9999 -9999 -9999 -9999 -9999 26 32 44 42 42 49 56 67 77 91 110 117 119 133 -9999 -9999 -9999 -9999 -9999 -9999 151 143 133 123 111 98 89 83 80 79 79 74 75 77 80 74 65 55 52 50 46 43 47 52 56 56 68
294 274 257 241 234 232 219 198 192 148 143 127 130 125 111 87 68 70 72 75 74 61 38 32 32 -9999 -9999 -9999 -9999 -9999 -9999 -9999 -9999 -9999 -9999 -9999 -9999 -9999 -9999 -9999 -9999 -9999 23 28 34 39 41 50 57 66 77 89 108 123 133 145 167 -9999 -9999 -9999 -9999 170 167 160 150 138 124 112 102 93 88 84 83 79 78 76 73 68 61 56 55 56 58 61 65 67 70 70 77
239 238 221 226 171 163 96 71 107 95 99 91 102 79 71 45 34 31 36 43 47 42 33 25 -9999 -9999 -9999 -9999 -9999 -9999 -9999 -9999 -9999 -9999 -9999 -9999 16 -9999 -9999 -9999 -9999 -9999 26 28 33 38 45 53 62 68 79 90 106 125 141 148 174 -9999 -9999 -9999 -9999 -9999 183 178 168 154 140 126 112 102 94 87 85 84 79 75 72 67 65 63 62 66 77 91 91 90 95 102 113
166 168 159 128 103 78 63 52 55 58 65 69 68 62 46 27 16 16 18 26 34 31 24 -9999 -9999 -9999 -9999 -9999 -9999 -9999 -9999 -9999 -9999 -9999 -9999 -9999 15 16 -9999 -9999 -9999 -9999 -9999 -9999 -9999 41 48 55 64 75 81 93 107 126 140 152 167 186 192 -9999 -9999 -9999 -9999 200 187 174 157 140 124 112 95 89 88 88 83 78 77 75 71 70 71 78 90 102 108 112 126 141 156
142 138 121 104 87 69 63 59 62 62 67 62 59 50 38 24 15 14 15 -9999 -9999 -9999 -9999 -9999 -9999 -9999 -9999 -9999 -9999 -9999 -9999 -9999 -9999 -9999 13 -9999 15 -9999 -9999 -9999 -9999 -9999 -9999 -9999 -9999 -9999 55 59 66 78 83 95 110 126 142 161 164 180 198 -9999 -9999 -9999 -9999 223 205 191 174 155 138 120 100 92 93 91 87 84 84 82 80 80 81 88 98 111 121 131 150 166 180
125 120 115 97 81 74 60 68 73 76 70 61 54 51 46 29 18 14 -9999 -9999 -9999 -9999 -9999 -9999 -9999 -9999 -9999 -9999 -9999 -9999 -9999 -9999 -9999 -9999 -9999 -9999 -9999 -9999 -9999 -9999 -9999 -9999 -9999 -9999 -9999 54 62 69 72 77 85 95 111 129 145 158 176 175 199 214 -9999 -9999 -9999 241 220 205 190 169 153 135 118 109 104 100 96 92 89 90 90 87 90 97 109 122 137 153 170 182 199
-9999 -9999 -9999 93 80 71 72 87 87 82 71 61 52 46 38 26 17 14 -9999 -9999 -9999 -9999 -9999 -9999 -9999 -9999 -9999 -9999 -9999 -9999 -9999 -9999 -9999 -9999 -9999 -9999 -9999 -9999 -9999 -9999 -9999 -9999 -9999 -9999 -9999 61 68 76 79 83 87 97 117 133 146 165 182 181 198 215 230 249 -9999 274 247 209 201 183 168 153 139 129 119 114 107 100 97 96 95 94 96 106 121 136 153 177 199 210 222
-9999 -9999 -9999 97 94 87 80 99 98 84 66 55 47 37 26 19 15 13 -9999 -9999 -9999 -9999 -9999 -9999 -9999 -9999 -9999 -9999 -9999 -9999 -9999 -9999 -9999 -9999 -9999 -9999 -9999 -9999 -9999 -9999 -9999 -9999 -9999 41 54 67 75 83 89 92 97 112 123 136 147 160 175 184 197 215 231 250 -9999 279 269 230 204 198 184 169 156 152 139 127 116 110 107 104 103 102 104 117 132 150 168 201 241 250 259
-9999 -9999 -9999 -9999 -9999 95 88 106 98 78 61 55 50 32 15 14 15 14 16 18 -9999 -9999 -9999 -9999 -9999 -9999 -9999 -9999 -9999 -9999 -9999 -9999 -9999 -9999 -9999 -9999 -9999 -9999 -9999 -9999 -9999 -9999 -9999 53 60 69 77 87 96 101 107 134 126 135 144 156 172 181 193 210 226 -9999 -9999 274 274 223 203 205 201 182 172 176 158 141 130 122 117 114 113 114 120 131 145 167 190 223 260 281 285
-9999 -9999 -9999 -9999 -9999 94 93 95 88 69 60 61 58 40 24 18 16 16 17 17 -9999 -9999 -9999 -9999 -9999 -9999 -9999 -9999 -9999 -9999 -9999 -9999 -9999 -9999 -9999 -9999 -9999 -9999 -9999 -9999 -9999 -9999 -9999 -9999 65 69 78 87 97 103 114 145 134 134 143 154 168 179 189 203 219 235 252 268 271 230 205 215 214 196 179 173 164 152 144 136 130 126 124 128 136 153 169 190 215 243 271 308 290
-9999 -9999 -9999 -9999 -9999 92 90 87 73 60 -9999 60 56 51 48 38 28 23 22 20 19 18 -9999 -9999 -9999 -9999 -9999 -9999 -9999 -9999 -9999 -9999 -9999 -9999 -9999 -9999 -9999 -9999 -9999 -9999 -9999 -9999 -9999 -9999 82 77 90 85 100 104 122 158 147 136 146 155 162 174 184 196 209 223 238 254 264 247 222 235 224 210 190 184 175 169 161 153 147 141 138 140 152 176 194 218 246 277 300 335 315
-9999 -9999 -9999 -9999 -9999 -9999 87 80 67 60 -9999 59 57 56 54 51 41 34 29 24 20 19 18 -9999 -9999 -9999 -9999 -9999 -9999 -9999 -9999 -9999 -9999 -9999 -9999 -9999 -9999 -9999 -9999 -9999 -9999 -9999 -9999 -9999 64 94 118 95 104 106 125 172 156 140 150 155 160 170 179 189 200 211 221 235 254 252 222 223 236 230 215 203 188 186 178 175 177 173 153 156 166 184 216 246 277 308 327 360 343
-9999 -9999 -9999 -9999 -9999 -9999 -9999 -9999 -9999 -9999 -9999 -9999 58 56 55 51 47 40 32 24 17 13 14 -9999 -9999 -9999 -9999 -9999 -9999 -9999 -9999 -9999 -9999 -9999 -9999 -9999 -9999 -9999 -9999 -9999 -9999 -9999 -9999 -9999 -9999 71 93 103 136 111 118 150 172 160 160 153 159 167 177 182 194 203 210 220 253 249 226 217 236 236 235 221 201 198 209 212 212 203 182 183 204 222 253 277 307 334 354 374 351
-9999 -9999 85 -9999 -9999 -9999 -9999 -9999 -9999 -9999 -9999 -9999 -9999 54 53 50 44 39 32 26 18 13 10 7 -9999 -9999 -9999 -9999 -9999 -9999 -9999 -9999 -9999 -9999 -9999 -9999 -9999 -9999 -9999 -9999 -9999 -9999 -9999 -9999 -9999 -9999 64 91 141 138 119 137 161 186 170 156 161 165 170 178 191 205 217 233 268 283 225 219 223 235 233 226 208 200 209 218 231 242 246 252 280 292 306 316 335 362 378 382 364
-9999 -9999 83 -9999 -9999 -9999 -9999 -9999 -9999 -9999 -9999 -9999 -9999 47 44 49 37 35 31 28 22 15 12 7 -9999 -9999 -9999 -9999 -9999 -9999 -9999 -9999 -9999 -9999 -9999 -9999 -9999 -9999 -9999 -9999 -9999 -9999 -9999 -9999 -9999 -9999 -9999 86 115 139 136 142 163 176 163 162 166 167 168 179 199 224 242 268 302 329 241 223 214 217 214 204 201 212 238 238 238 276 323 314 356 352 342 353 364 380 389 382 359
-9999 -9999 -9999 83 80 -9999 -9999 -9999 -9999 -9999 -9999 -9999 -9999 43 42 50 47 34 29 27 -9999 -9999 -9999 -9999 -9999 -9999 -9999 -9999 -9999 -9999 -9999 -9999 -9999 -9999 -9999 -9999 -9999 -9999 -9999 -9999 -9999 -9999 -9999 -9999 -9999 -9999 -9999 -9999 130 132 143 149 168 173 174 178 182 181 185 198 221 246 273 303 340 376 291 234 219 216 191 190 181 294 304 287 304 353 377 345 381 383 374 376 382 391 389 377 354
-9999 -9999 80 -9999 -9999 -9999 -9999 -9999 -9999 -9999 -9999 -9999 -9999 44 53 55 41 33 24 -9999 -9999 -9999 -9999 -9999 -9999 -9999 -9999 -9999 -9999 -9999 -9999 -9999 -9999 -9999 -9999 -9999 -9999 -9999 -9999 -9999 -9999 -9999 -9999 -9999 -9999 -9999 -9999 -9999 128 154 144 168 176 197 196 213 209 208 217 232 253 278 306 337 370 397 376 258 269 246 218 204 234 314 321 322 329 345 386 379 399 400 402 379 383 382 374 363 342
-9999 -9999 -9999 -9999 -9999 -9999 -9999 -9999 -9999 -9999 -9999 -9999 -9999 43 39 -9999 -9999 -9999 -9999 -9999 -9999 -9999 -9999 -9999 -9999 -9999 -9999 -9999 -9999 -9999 -9999 -9999 -9999 -9999 -9999 -9999 -9999 -9999 -9999 -9999 -9999 -9999 -9999 -9999 -9999 -9999 -9999 -9999 -9999 154 156 181 205 226 229 234 232 243 255 272 294 318 344 369 394 402 389 291 267 294 273 275 308 316 275 263 313 315 345 379 402 406 394 394 373 358 350 338 332
-9999 -9999 -9999 -9999 -9999 -9999 -9999 -9999 -9999 -9999 -9999 -9999 -9999 -9999 -9999 -9999 -9999 -9999 -9999 -9999 -9999 -9999 -9999 -9999 -9999 -9999 -9999 -9999 -9999 -9999 -9999 -9999 -9999 -9999 -9999 -9999 -9999 -9999 -9999 -9999 -9999 -9999 -9999 -9999 -9999 -9999 -9999 -9999 -9999 -9999 -9999 189 215 233 253 254 268 284 301 318 339 360 383 400 413 373 349 295 280 323 334 319 385 320 264 243 274 341 375 378 373 352 339 377 357 339 326 309 313
-9999 -9999 -9999 -9999 -9999 -9999 -9999 -9999 -9999 -9999 -9999 -9999 -9999 -9999 -9999 -9999 -9999 -9999 -9999 -9999 -9999 -9999 -9999 -9999 -9999 -9999 -9999 -9999 -9999 -9999 -9999 -9999 -9999 -9999 -9999 -9999 -9999 -9999 -9999 -9999 -9999 -9999 -9999 -9999 -9999 -9999 -9999 -9999 -9999 -9999 -9999 -9999 238 254 276 296 310 333 350 370 389 409 427 428 430 351 343 315 261 242 247 292 317 248 186 224 287 331 323 340 341 334 310 349 332 318 297 279 283
-9999 -9999 -9999 -9999 -9999 -9999 -9999 -9999 -9999 -9999 -9999 -9999 -9999 -9999 -9999 -9999 -9999 -9999 -9999 -9999 -9999 -9999 -9999 -9999 -9999 -9999 -9999 -9999 -9999 -9999 -9999 -9999 -9999 -9999 -9999 -9999 -9999 -9999 -9999 -9999 -9999 -9999 -9999 -9999 -9999 -9999 -9999 -9999 -9999 -9999 -9999 -9999 266 295 315 341 359 384 405 428 446 464 478 480 463 375 340 299 267 255 255 254 308 241 201 274 293 322 298 319 301 313 316 338 314 293 286 269 266
-9999 -9999 -9999 -9999 -9999 -9999 -9999 -9999 -9999 -9999 -9999 -9999 -9999 -9999 -9999 -9999 -9999 -9999 -9999 -9999 -9999 -9999 -9999 -9999 -9999 -9999 -9999 -9999 -9999 -9999 -9999 -9999 -9999 -9999 -9999 -9999 -9999 -9999 -9999 -9999 -9999 -9999 -9999 -9999 -9999 -9999 -9999 -9999 -9999 -9999 -9999 -9999 298 332 357 387 412 441 468 492 511 525 534 530 449 386 349 310 295 256 230 235 269 192 211 296 333 368 283 292 292 291 309 336 318 282 277 272 267
-9999 -9999 -9999 -9999 -9999 -9999 -9999 -9999 -9999 -9999 -9999 -9999 -9999 -9999 -9999 -9999 -9999 -9999 -9999 -9999 -9999 -9999 -9999 -9999 -9999 -9999 -9999 -9999 -9999 -9999 -9999 -9999 -9999 -9999 -9999 -9999 -9999 -9999 -9999 -9999 -9999 -9999 -9999 -9999 -9999 -9999 -9999 -9999 -9999 -9999 -9999 -9999 -9999 364 398 431 460 501 540 567 584 595 601 588 494 410 370 336 321 279 250 235 254 163 262 362 313 322 301 264 288 282 275 305 307 290 274 270 267
-9999 -9999 -9999 -9999 -9999 -9999 -9999 -9999 -9999 -9999 -9999 -9999 -9999 -9999 -9999 -9999 -9999 -9999 -9999 -9999 -9999 -9999 -9999 -9999 -9999 -9999 -9999 -9999 -9999 -9999 -9999 -9999 -9999 -9999 -9999 -9999 -9999 -9999 -9999 -9999 -9999 -9999 -9999 -9999 -9999 -9999 -9999 -9999 -9999 -9999 -9999 -9999 -9999 -9999 427 479 521 572 620 657 674 681 680 662 530 447 415 375 332 322 278 260 254 173 189 338 300 263 249 242 281 286 261 288 290 284 281 273 265
-9999 -9999 -9999 -9999 -9999 -9999 -9999 -9999 -9999 -9999 -9999 -9999 -9999 -9999 -9999 -9999 -9999 -9999 -9999 -9999 -9999 -9999 -9999 -9999 -9999 -9999 -9999 -9999 -9999 -9999 -9999 -9999 -9999 -9999 -9999 -9999 -9999 -9999 -9999 -9999 -9999 -9999 -9999 -9999 -9999 -9999 -9999 -9999 -9999 -9999 -9999 -9999 -9999 -9999 -9999 529 581 644 707 763 788 786 770 741 641 530 482 430 351 362 344 313 261 189 154 293 306 227 212 217 262 272 268 283 294 294 294 286 264
-9999 -9999 -9999 -9999 -9999 -9999 -9999 -9999 -9999 -9999 -9999 -9999 -9999 -9999 -9999 -9999 -9999 -9999 -9999 -9999 -9999 -9999 -9999 -9999 -9999 -9999 -9999 -9999 -9999 -9999 -9999 -9999 -9999 -9999 -9999 -9999 -9999 -9999 -9999 -9999 -9999 -9999 -9999 -9999 -9999 -9999 -9999 -9999 -9999 -9999 -9999 -9999 -9999 -9999 -9999 -9999 630 696 784 877 918 897 866 817 709 620 566 475 392 370 369 364 254 180 118 203 283 224 207 242 261 268 308 296 292 300 301 294 277
