bio_clim/bio_1.asc
ncols         156
nrows         252
xllcorner     -82
yllcorner     -8
cellsize      0.083333337679505
NODATA_value  -9999
[rows 156 to 194 of 252, columns 0 to 88 of 156]
-9999 -9999 -9999 -9999 -9999 -9999 -9999 -9999 -9999 -9999 -9999 -9999 -9999 -9999 -9999 -9999 -9999 -9999 -9999 -9999 -9999 -9999 246 243 243 241 241 245 248 247 246 245 241 237 232 225 215 192 186 165 146 127 143 164 152 108 100 63 63 99 163 144 170 198 212 230 237 241 242 244 245 245 247 248 248 249 249 250 251 252 252 253 253 253 254 255 256 257 257 258 259 259 259 260 261 261 261 260 260
-9999 -9999 -9999 -9999 -9999 -9999 -9999 -9999 -9999 -9999 -9999 -9999 -9999 -9999 -9999 -9999 -9999 -9999 -9999 -9999 -9999 245 237 241 239 241 243 245 247 247 246 243 241 237 231 225 219 187 171 157 107 88 145 163 142 70 65 62 61 85 166 162 179 188 206 226 234 240 243 243 245 246 246 247 248 249 249 250 252 252 253 254 253 254 255 255 256 257 258 258 259 259 260 261 262 262 262 261 260
-9999 -9999 -9999 -9999 -9999 -9999 -9999 -9999 -9999 -9999 -9999 -9999 -9999 -9999 -9999 -9999 -9999 -9999 -9999 -9999 247 241 237 235 240 242 242 244 246 246 245 243 239 234 227 218 212 190 161 149 101 98 149 159 114 49 60 80 93 110 161 188 180 188 200 217 238 242 244 244 245 246 247 248 248 249 250 250 251 252 253 254 254 254 254 255 255 257 258 258 258 259 259 261 263 263 263 262 260
-9999 -9999 -9999 -9999 -9999 -9999 -9999 -9999 -9999 -9999 -9999 -9999 -9999 -9999 -9999 -9999 -9999 -9999 -9999 243 240 237 238 239 241 244 243 243 246 246 245 242 239 233 225 211 198 179 160 137 100 126 151 147 93 47 56 61 95 147 177 178 169 184 195 228 241 244 246 246 246 247 247 247 248 249 250 251 251 251 252 253 254 255 255 255 255 257 258 258 258 259 260 261 262 263 263 263 261
-9999 -9999 -9999 -9999 -9999 -9999 -9999 -9999 -9999 -9999 -9999 -9999 -9999 -9999 -9999 -9999 -9999 -9999 245 241 237 237 242 242 242 243 242 243 246 246 245 243 239 229 211 189 186 181 164 134 84 125 143 129 58 55 79 92 83 149 177 150 153 174 204 233 242 244 246 247 247 247 247 248 248 248 249 250 251 251 252 252 254 255 256 256 256 257 258 259 259 259 260 261 261 262 262 262 262
-9999 -9999 -9999 -9999 -9999 -9999 -9999 -9999 -9999 -9999 -9999 -9999 -9999 -9999 -9999 -9999 -9999 -9999 246 241 238 234 239 243 241 239 242 246 247 247 245 243 239 222 182 155 169 166 156 137 111 123 88 90 54 38 40 111 136 167 158 134 173 184 207 235 242 245 246 246 247 247 247 248 248 249 250 250 252 252 253 253 254 255 256 256 257 257 258 260 260 258 259 260 261 262 262 261 261
-9999 -9999 -9999 -9999 -9999 -9999 -9999 -9999 -9999 -9999 -9999 -9999 -9999 -9999 -9999 -9999 -9999 -9999 -9999 244 245 242 244 244 235 240 243 246 247 247 245 243 235 220 202 159 149 141 141 95 85 98 76 45 47 48 51 68 102 162 138 160 147 188 210 229 241 244 246 246 246 247 247 247 248 248 249 250 251 252 253 254 254 255 256 256 257 258 258 259 259 259 259 260 260 261 262 261 261
-9999 -9999 -9999 -9999 -9999 -9999 -9999 -9999 -9999 -9999 -9999 -9999 -9999 -9999 -9999 -9999 -9999 -9999 248 247 248 247 251 251 243 242 245 247 249 248 246 244 233 232 202 149 134 127 105 58 88 73 52 51 47 52 55 69 116 163 173 187 182 193 217 231 239 244 246 245 245 246 246 246 248 249 250 251 251 252 253 253 254 255 256 256 257 257 257 258 259 258 258 259 260 260 261 261 261
-9999 -9999 -9999 -9999 -9999 -9999 -9999 -9999 -9999 -9999 -9999 -9999 -9999 -9999 -9999 -9999 -9999 -9999 246 246 253 255 256 251 248 242 248 250 250 249 247 244 238 232 213 179 115 119 96 73 103 96 33 47 67 70 91 112 139 173 198 201 202 208 230 238 241 244 245 245 246 247 247 247 246 247 250 251 251 251 253 253 254 255 255 256 257 257 257 257 258 257 257 258 259 260 260 261 261
-9999 -9999 -9999 -9999 -9999 -9999 -9999 -9999 -9999 -9999 -9999 -9999 -9999 -9999 -9999 -9999 -9999 -9999 247 243 253 257 256 250 240 246 249 252 252 250 248 246 241 232 210 151 114 104 71 103 120 106 71 51 61 59 106 163 167 189 211 213 213 212 234 241 243 244 244 245 245 246 246 246 248 248 249 249 250 251 252 253 254 254 255 256 257 257 257 257 257 256 257 257 258 259 260 261 261
-9999 -9999 -9999 -9999 -9999 -9999 -9999 -9999 -9999 -9999 -9999 -9999 -9999 -9999 -9999 -9999 -9999 253 253 251 251 254 252 250 246 247 253 254 252 251 249 247 243 234 211 156 90 85 66 100 127 104 57 61 66 87 124 178 178 203 223 220 213 210 238 242 243 244 243 244 245 245 246 248 248 248 248 249 251 252 253 253 254 254 255 255 256 256 256 256 257 256 256 257 258 258 259 259 260
-9999 -9999 -9999 -9999 -9999 -9999 -9999 -9999 -9999 -9999 -9999 -9999 -9999 -9999 246 250 252 249 254 248 242 244 240 247 246 251 255 255 253 251 250 248 244 233 200 146 85 72 61 112 130 100 55 61 85 105 127 186 184 221 230 221 222 232 241 242 242 243 244 244 244 245 246 248 247 248 246 247 250 252 252 253 254 255 255 255 255 255 255 255 256 257 257 257 258 258 258 259 259
-9999 -9999 -9999 -9999 -9999 -9999 -9999 -9999 -9999 -9999 -9999 -9999 -9999 239 237 242 243 243 252 250 248 242 234 234 247 254 256 256 254 252 251 248 239 210 183 140 81 43 56 108 131 123 86 62 72 134 168 189 207 229 233 234 238 240 239 240 242 243 245 246 247 248 247 249 250 250 248 247 249 250 251 253 253 253 254 255 255 255 254 253 255 256 257 258 257 258 258 258 259
-9999 -9999 -9999 -9999 -9999 -9999 -9999 -9999 -9999 -9999 -9999 -9999 -9999 240 240 244 241 242 246 248 242 241 241 242 253 256 257 256 254 252 251 249 244 222 194 152 114 67 48 70 118 129 79 63 84 102 169 178 215 229 232 236 238 238 238 242 244 244 244 246 247 248 248 250 250 251 249 248 248 250 250 252 253 254 254 254 254 255 254 253 254 255 255 257 258 258 258 258 259
-9999 -9999 -9999 -9999 -9999 -9999 -9999 -9999 -9999 -9999 -9999 -9999 -9999 -9999 247 244 236 237 244 249 244 246 249 253 255 256 257 256 254 253 251 249 242 226 176 154 109 51 60 91 131 142 84 63 79 113 157 185 215 226 225 232 234 235 237 241 243 245 246 244 245 247 249 250 251 251 251 251 250 252 252 253 252 253 254 254 254 254 253 254 255 255 256 257 258 259 258 258 258
-9999 -9999 -9999 -9999 -9999 -9999 -9999 -9999 -9999 -9999 -9999 -9999 -9999 -9999 -9999 242 230 235 237 240 242 244 249 253 256 257 256 256 255 254 252 250 230 206 171 119 91 61 84 114 136 149 117 110 100 164 155 195 215 217 218 226 234 240 241 241 243 245 246 248 246 247 248 249 250 251 252 252 252 253 253 254 253 254 253 254 254 254 254 253 255 256 256 257 257 259 259 258 258
-9999 -9999 -9999 -9999 -9999 -9999 -9999 -9999 -9999 -9999 -9999 -9999 -9999 -9999 -9999 241 236 228 230 237 244 248 250 253 255 256 256 255 255 254 253 244 222 202 156 91 47 56 48 74 123 131 154 152 160 183 174 202 208 212 212 217 231 232 237 241 242 244 246 248 248 247 248 249 250 250 250 251 251 251 252 253 254 254 254 252 254 255 255 254 255 256 256 257 257 258 259 260 259
-9999 -9999 -9999 -9999 -9999 -9999 -9999 -9999 -9999 -9999 -9999 -9999 -9999 -9999 -9999 233 235 230 234 241 245 246 250 252 254 255 255 254 254 254 254 245 227 208 165 105 66 36 19 75 87 117 109 115 147 184 197 203 211 215 217 229 230 236 240 241 242 245 245 247 248 249 250 250 251 251 251 251 251 252 253 253 254 253 254 255 254 255 256 256 255 257 256 257 258 258 259 259 260
-9999 -9999 -9999 -9999 -9999 -9999 -9999 -9999 -9999 -9999 -9999 -9999 -9999 -9999 242 232 231 230 239 242 243 248 250 251 252 253 253 254 254 254 254 247 218 193 166 119 105 55 73 99 83 129 106 105 147 180 198 211 213 218 230 233 230 233 238 241 241 242 244 246 247 248 249 250 251 252 252 252 252 253 253 253 254 254 255 254 255 256 256 257 256 257 257 257 258 258 259 259 260
-9999 -9999 -9999 -9999 -9999 -9999 -9999 -9999 -9999 -9999 -9999 -9999 -9999 -9999 240 230 228 231 241 242 244 248 251 251 252 252 253 253 254 254 254 247 231 203 157 127 117 66 91 124 140 131 66 79 117 180 204 214 218 214 227 235 238 235 235 240 242 243 244 246 248 249 250 250 251 251 252 252 253 253 254 254 254 255 255 255 255 255 256 256 256 257 258 257 258 259 259 260 260
-9999 -9999 -9999 -9999 -9999 -9999 -9999 -9999 -9999 -9999 -9999 -9999 -9999 -9999 243 236 229 226 234 239 243 248 251 252 252 253 253 253 254 254 253 251 243 194 149 135 107 52 91 110 140 85 53 81 119 165 201 213 216 217 226 232 238 239 240 241 242 244 245 245 246 248 250 251 252 253 253 252 253 253 253 253 254 254 254 254 254 252 254 255 255 255 258 258 258 259 259 260 260
-9999 -9999 -9999 -9999 -9999 -9999 -9999 -9999 -9999 -9999 -9999 -9999 -9999 -9999 -9999 242 227 219 232 244 249 251 253 253 253 253 254 254 253 253 253 252 248 204 156 133 106 68 75 98 124 85 61 109 158 180 196 209 215 220 224 234 236 237 240 242 243 243 245 247 247 249 250 251 251 253 254 253 253 253 254 253 253 254 254 254 254 254 253 255 254 255 257 258 257 258 259 260 260
-9999 -9999 -9999 -9999 -9999 -9999 -9999 -9999 -9999 -9999 -9999 -9999 -9999 -9999 -9999 244 239 225 230 241 248 252 254 254 253 253 254 254 253 253 253 252 249 197 161 142 128 78 77 104 112 88 70 79 131 180 197 208 216 222 225 232 237 238 240 242 244 245 245 246 248 249 251 252 252 252 254 254 254 254 254 254 254 254 254 255 255 255 255 256 256 256 257 258 258 257 258 258 260
-9999 -9999 -9999 -9999 -9999 -9999 -9999 -9999 -9999 -9999 -9999 -9999 -9999 -9999 -9999 244 244 240 232 235 245 249 251 254 254 254 254 254 253 253 252 252 250 221 174 151 148 88 66 101 90 69 76 98 136 180 193 208 215 220 224 232 235 239 241 242 244 246 247 248 247 248 249 251 252 253 254 254 254 255 255 255 254 254 255 255 255 256 256 256 256 256 256 258 259 258 257 258 259
-9999 -9999 -9999 -9999 -9999 -9999 -9999 -9999 -9999 -9999 -9999 -9999 -9999 -9999 -9999 245 246 244 243 239 240 244 248 253 255 255 255 255 254 252 251 251 250 227 157 169 167 98 88 87 80 60 75 82 141 177 193 210 215 213 219 232 235 239 242 243 244 246 247 248 249 248 249 252 252 253 255 255 255 254 255 255 254 254 255 256 256 256 256 256 256 257 257 257 258 259 259 259 259
-9999 -9999 -9999 -9999 -9999 -9999 -9999 -9999 -9999 -9999 -9999 -9999 -9999 -9999 -9999 243 242 242 241 240 240 243 244 248 253 257 256 255 253 252 251 250 248 243 200 201 157 107 105 80 69 77 85 119 151 188 199 208 211 214 218 233 236 239 244 245 246 247 248 249 249 250 250 251 252 253 254 255 255 256 256 256 255 255 255 256 256 256 256 256 256 255 258 258 259 259 259 260 260
-9999 -9999 -9999 -9999 -9999 -9999 -9999 -9999 -9999 -9999 -9999 -9999 242 242 242 241 240 244 244 244 245 248 251 253 255 257 257 255 254 252 251 250 248 244 233 186 129 136 109 71 66 69 100 135 168 190 208 212 211 207 206 235 236 240 245 246 248 249 250 251 250 250 251 251 251 251 253 254 255 255 256 256 256 256 256 255 256 256 257 257 257 255 256 258 258 258 259 259 260
-9999 -9999 -9999 -9999 -9999 -9999 -9999 -9999 -9999 -9999 -9999 -9999 -9999 240 240 240 242 243 244 244 246 249 251 253 256 256 256 255 254 253 252 250 249 242 217 187 166 123 87 69 57 67 102 137 163 187 215 209 206 192 214 238 237 241 248 248 249 251 251 252 251 251 251 252 252 252 253 253 255 255 256 256 257 257 256 256 256 256 257 257 257 257 255 257 258 258 258 259 260
-9999 -9999 -9999 -9999 -9999 -9999 -9999 -9999 -9999 -9999 -9999 -9999 -9999 -9999 239 241 242 241 243 243 246 250 252 253 255 255 256 253 253 253 252 251 245 222 182 151 122 72 51 67 69 81 105 131 169 204 223 202 212 199 214 244 244 242 249 250 251 251 252 253 252 252 251 252 253 253 253 254 254 256 256 256 256 257 257 256 256 256 257 257 258 257 255 257 257 257 258 259 260
-9999 -9999 -9999 -9999 -9999 -9999 -9999 -9999 -9999 -9999 -9999 -9999 -9999 -9999 -9999 -9999 -9999 243 239 243 246 249 251 253 254 255 255 255 254 252 252 250 242 212 181 134 97 64 64 82 100 107 86 125 183 216 225 197 215 218 224 248 248 249 252 252 252 252 253 253 253 253 253 253 254 252 253 253 255 255 256 256 256 256 257 257 257 257 257 257 256 258 257 258 257 257 258 259 259
-9999 -9999 -9999 -9999 -9999 -9999 -9999 -9999 -9999 -9999 -9999 -9999 -9999 -9999 -9999 -9999 -9999 -9999 241 244 246 249 251 -9999 253 254 255 255 255 254 252 243 218 183 136 116 108 100 96 111 123 146 145 156 191 220 222 199 212 232 237 251 250 252 253 254 253 253 253 254 254 254 254 254 254 253 253 253 254 255 255 255 255 256 257 258 257 257 257 256 255 257 257 258 257 257 258 259 260
-9999 -9999 -9999 -9999 -9999 -9999 -9999 -9999 -9999 -9999 -9999 -9999 -9999 -9999 -9999 -9999 -9999 -9999 -9999 244 246 -9999 -9999 -9999 253 254 254 255 255 252 234 211 170 104 68 61 83 96 97 112 143 148 182 201 209 231 213 194 220 228 246 252 252 253 254 255 254 254 254 254 254 254 255 255 255 254 254 255 255 255 255 255 255 255 257 257 258 258 256 256 256 256 258 258 257 257 257 258 259
-9999 -9999 -9999 -9999 -9999 -9999 -9999 -9999 -9999 -9999 -9999 -9999 -9999 -9999 -9999 -9999 -9999 -9999 -9999 -9999 246 -9999 250 251 -9999 -9999 -9999 255 250 233 169 171 87 55 57 76 103 130 123 117 139 112 155 224 231 229 206 202 226 230 250 253 251 254 255 255 255 255 255 255 255 255 255 256 256 255 255 255 255 254 255 256 256 255 256 257 257 258 257 257 256 256 257 258 257 257 257 257 258
-9999 -9999 -9999 -9999 -9999 -9999 -9999 -9999 -9999 -9999 -9999 -9999 -9999 -9999 -9999 -9999 -9999 -9999 -9999 -9999 -9999 248 249 250 251 -9999 254 253 238 206 141 102 57 58 69 89 131 146 141 139 128 134 181 210 234 216 188 217 235 233 250 255 255 256 256 256 256 256 256 256 256 256 256 255 255 256 257 256 256 256 255 255 256 255 255 255 256 258 258 258 257 257 257 258 258 257 257 257 257
-9999 -9999 -9999 -9999 -9999 -9999 -9999 -9999 -9999 -9999 -9999 -9999 -9999 -9999 -9999 -9999 -9999 -9999 -9999 -9999 -9999 248 250 251 -9999 -9999 253 252 249 229 185 97 55 64 85 131 148 143 149 117 111 128 178 221 218 217 203 229 244 250 246 256 257 257 256 257 257 257 257 257 257 256 257 256 255 256 257 257 255 256 256 255 255 257 255 255 256 257 258 258 257 258 258 257 258 257 258 257 258
-9999 -9999 -9999 -9999 -9999 -9999 -9999 -9999 -9999 -9999 -9999 -9999 -9999 -9999 -9999 -9999 -9999 -9999 -9999 -9999 -9999 247 250 -9999 -9999 -9999 253 252 244 209 151 111 67 77 101 133 135 121 147 106 105 151 198 210 216 227 212 232 237 251 248 257 257 257 257 257 257 257 257 257 257 257 257 257 257 257 257 257 256 256 256 256 256 256 257 256 255 256 256 258 258 258 258 257 258 257 258 257 258
-9999 -9999 -9999 -9999 -9999 -9999 -9999 -9999 -9999 -9999 -9999 -9999 -9999 -9999 -9999 -9999 -9999 -9999 -9999 -9999 -9999 -9999 -9999 -9999 -9999 -9999 252 240 212 196 130 62 67 73 106 131 123 128 138 95 125 177 218 222 224 233 235 248 250 255 251 256 257 258 258 258 258 258 258 258 258 258 258 258 257 257 258 257 256 256 257 256 257 257 257 257 255 256 255 257 258 257 258 258 258 258 258 258 258
-9999 -9999 -9999 -9999 -9999 -9999 -9999 -9999 -9999 -9999 -9999 -9999 -9999 -9999 -9999 -9999 -9999 -9999 -9999 -9999 -9999 -9999 -9999 -9999 -9999 252 252 237 180 107 96 89 89 113 129 109 122 125 119 100 135 201 214 216 208 225 220 239 236 256 250 256 258 258 259 258 258 258 259 259 258 259 258 259 258 258 258 258 258 258 258 257 257 256 257 258 256 256 256 256 258 258 258 258 258 259 259 259 259
-9999 -9999 -9999 -9999 -9999 -9999 -9999 -9999 -9999 -9999 -9999 -9999 -9999 -9999 -9999 -9999 -9999 -9999 -9999 -9999 -9999 -9999 -9999 -9999 252 251 250 218 173 143 116 133 155 175 129 101 117 108 128 164 162 202 220 196 203 224 200 216 242 256 253 256 259 259 259 259 259 259 259 259 259 259 259 259 259 258 259 259 258 258 258 258 257 257 257 257 257 256 256 256 257 258 258 258 258 257 258 259 259
