bio_clim/bio_17.asc
ncols         156
nrows         252
xllcorner     -82
yllcorner     -8
cellsize      0.083333337679505
NODATA_value  -9999
[rows 156 to 194 of 252, columns 0 to 88 of 156]
-9999 -9999 -9999 -9999 -9999 -9999 -9999 -9999 -9999 -9999 -9999 -9999 -9999 -9999 -9999 -9999 -9999 -9999 -9999 -9999 -9999 -9999 37 45 55 68 74 68 62 62 95 150 208 255 302 288 252 267 254 191 111 92 73 63 64 151 182 283 277 253 257 281 383 688 820 637 626 644 673 699 724 732 723 710 696 683 669 649 631 610 592 572 551 529 509 486 464 445 428 413 400 393 390 391 392 392 389 383 377
-9999 -9999 -9999 -9999 -9999 -9999 -9999 -9999 -9999 -9999 -9999 -9999 -9999 -9999 -9999 -9999 -9999 -9999 -9999 -9999 -9999 30 44 48 62 71 75 78 75 85 118 160 192 217 245 249 230 252 253 174 124 133 76 66 77 276 282 282 277 259 326 329 503 573 776 700 667 667 691 719 741 744 735 718 699 682 665 645 625 606 586 564 545 524 503 483 464 444 428 413 401 394 395 396 400 405 404 395 389
-9999 -9999 -9999 -9999 -9999 -9999 -9999 -9999 -9999 -9999 -9999 -9999 -9999 -9999 -9999 -9999 -9999 -9999 -9999 -9999 23 30 40 56 67 79 90 89 87 107 146 167 174 187 206 204 193 216 210 139 139 139 92 78 162 288 287 257 253 260 332 530 464 591 766 777 668 681 702 729 747 750 739 720 699 679 662 641 622 601 582 561 539 520 500 481 462 444 429 415 405 399 400 404 409 414 415 406 398
-9999 -9999 -9999 -9999 -9999 -9999 -9999 -9999 -9999 -9999 -9999 -9999 -9999 -9999 -9999 -9999 -9999 -9999 -9999 19 21 28 35 53 75 93 102 102 97 117 153 165 165 169 182 166 168 212 190 139 150 129 103 95 211 275 284 274 254 300 424 473 444 595 733 714 675 689 710 735 744 748 743 723 698 675 656 637 619 599 579 557 537 516 496 478 460 445 430 420 410 407 408 410 414 416 417 413 406
-9999 -9999 -9999 -9999 -9999 -9999 -9999 -9999 -9999 -9999 -9999 -9999 -9999 -9999 -9999 -9999 -9999 -9999 14 15 20 24 33 54 85 105 109 111 104 115 143 158 163 164 163 164 178 191 192 140 152 134 114 119 236 278 265 270 255 322 446 363 412 545 763 694 683 702 703 707 712 724 734 720 692 671 653 634 614 594 575 554 532 513 493 475 459 445 432 423 416 414 413 415 417 419 418 416 412
-9999 -9999 -9999 -9999 -9999 -9999 -9999 -9999 -9999 -9999 -9999 -9999 -9999 -9999 -9999 -9999 -9999 -9999 12 15 18 29 36 55 81 99 110 108 106 118 137 153 160 154 160 167 190 192 162 136 147 138 164 180 222 240 281 269 284 389 386 338 547 662 773 691 686 696 693 689 688 707 722 714 687 667 648 629 609 589 570 549 530 510 491 473 457 444 433 425 422 418 418 420 421 421 421 419 415
-9999 -9999 -9999 -9999 -9999 -9999 -9999 -9999 -9999 -9999 -9999 -9999 -9999 -9999 -9999 -9999 -9999 -9999 -9999 13 18 25 36 50 72 86 98 103 108 115 128 137 146 146 144 155 142 131 126 126 137 142 174 170 203 239 270 263 271 374 323 461 417 702 764 708 682 697 685 684 701 706 722 711 688 666 645 626 606 587 566 546 527 508 489 470 455 443 433 428 426 425 424 423 424 425 424 422 420
-9999 -9999 -9999 -9999 -9999 -9999 -9999 -9999 -9999 -9999 -9999 -9999 -9999 -9999 -9999 -9999 -9999 -9999 8 12 16 23 30 41 58 72 82 89 92 102 112 119 133 142 139 128 104 101 101 112 153 146 136 159 194 236 262 256 273 396 542 692 677 740 733 688 671 682 680 695 706 710 719 701 680 660 639 621 602 583 563 544 525 505 486 469 454 440 433 431 430 430 428 429 429 428 427 426 425
-9999 -9999 -9999 -9999 -9999 -9999 -9999 -9999 -9999 -9999 -9999 -9999 -9999 -9999 -9999 -9999 -9999 -9999 8 12 13 18 24 34 43 61 65 70 76 83 92 98 114 132 138 141 83 77 86 103 106 125 127 150 204 250 244 260 293 537 722 738 751 747 677 645 645 660 677 691 702 706 700 686 675 657 634 616 600 581 562 543 524 505 487 469 451 437 433 435 436 435 435 434 433 433 432 431 430
-9999 -9999 -9999 -9999 -9999 -9999 -9999 -9999 -9999 -9999 -9999 -9999 -9999 -9999 -9999 -9999 -9999 -9999 8 14 12 15 19 28 47 46 50 55 61 69 74 81 96 120 134 110 69 61 77 68 72 100 129 147 202 240 237 388 425 671 718 719 725 728 649 618 620 637 656 672 683 686 683 675 659 645 630 615 597 579 561 542 524 506 489 471 454 439 436 443 445 444 442 440 438 437 436 436 435
-9999 -9999 -9999 -9999 -9999 -9999 -9999 -9999 -9999 -9999 -9999 -9999 -9999 -9999 -9999 -9999 -9999 5 7 11 13 14 19 25 35 40 40 44 49 55 62 71 88 110 128 104 54 60 73 67 63 98 119 165 217 220 232 515 539 709 730 705 719 723 627 603 604 621 639 655 664 669 666 659 651 639 627 610 592 576 559 541 524 508 491 477 462 452 455 461 457 451 448 445 443 441 441 440 440
-9999 -9999 -9999 -9999 -9999 -9999 -9999 -9999 -9999 -9999 -9999 -9999 -9999 -9999 7 4 5 7 10 15 22 25 37 31 38 35 33 34 39 45 52 63 79 102 117 84 52 61 70 59 64 112 140 185 203 203 244 584 583 759 773 703 692 664 626 607 604 615 631 642 652 656 654 648 643 630 623 608 590 573 558 542 526 511 496 483 473 468 471 472 464 457 453 449 447 446 445 445 446
-9999 -9999 -9999 -9999 -9999 -9999 -9999 -9999 -9999 -9999 -9999 -9999 -9999 15 16 14 14 14 10 15 20 31 48 57 36 27 26 26 29 35 44 55 73 101 103 70 52 56 75 75 75 108 178 208 207 227 410 589 733 784 760 716 687 656 632 618 613 619 627 636 641 644 644 639 632 622 617 606 590 574 559 543 529 514 501 490 482 477 474 473 467 460 455 452 451 451 451 451 451
-9999 -9999 -9999 -9999 -9999 -9999 -9999 -9999 -9999 -9999 -9999 -9999 -9999 16 17 14 14 13 13 15 26 32 36 39 24 20 19 20 23 27 35 46 60 90 109 74 50 67 72 105 100 119 177 202 195 201 354 465 781 790 748 717 684 656 641 630 625 625 630 634 637 638 636 632 625 618 612 602 589 574 561 545 532 517 506 495 486 480 475 471 466 462 456 455 453 454 455 457 459
-9999 -9999 -9999 -9999 -9999 -9999 -9999 -9999 -9999 -9999 -9999 -9999 -9999 -9999 15 14 16 17 14 14 24 25 23 19 16 15 15 16 17 21 28 37 53 79 87 71 58 65 90 132 104 122 170 196 195 189 217 542 817 801 757 713 684 667 653 642 636 633 634 636 638 636 632 627 621 613 605 596 586 572 559 547 534 522 508 499 489 481 476 471 464 461 457 456 456 457 459 462 465
-9999 -9999 -9999 -9999 -9999 -9999 -9999 -9999 -9999 -9999 -9999 -9999 -9999 -9999 -9999 15 22 23 23 24 27 27 22 17 13 11 11 12 14 16 22 30 54 82 80 49 64 79 123 117 111 117 143 162 184 231 213 664 851 833 804 749 707 683 668 655 647 641 638 636 637 635 632 627 620 611 603 594 583 571 560 547 535 523 513 502 491 484 476 468 463 458 456 455 457 460 464 468 472
-9999 -9999 -9999 -9999 -9999 -9999 -9999 -9999 -9999 -9999 -9999 -9999 -9999 -9999 -9999 18 18 29 35 30 26 23 19 15 11 8 9 10 10 12 16 29 53 78 64 57 53 73 83 144 118 128 153 193 237 452 354 782 880 875 844 800 737 713 685 669 658 649 645 641 636 635 632 625 619 612 605 595 584 574 563 551 538 526 516 506 494 484 475 467 460 456 454 456 459 464 469 474 479
-9999 -9999 -9999 -9999 -9999 -9999 -9999 -9999 -9999 -9999 -9999 -9999 -9999 -9999 -9999 21 23 38 37 26 24 22 18 15 11 10 10 10 10 11 13 24 43 70 69 58 67 60 77 155 162 144 151 169 194 461 700 823 932 892 855 790 759 719 696 680 669 658 651 644 640 635 630 625 618 612 604 596 586 576 565 553 541 531 520 507 497 486 476 466 457 453 453 457 463 469 475 481 488
-9999 -9999 -9999 -9999 -9999 -9999 -9999 -9999 -9999 -9999 -9999 -9999 -9999 -9999 25 24 25 30 27 20 19 18 16 15 13 12 11 12 12 12 13 21 46 69 66 50 69 68 119 148 165 138 166 184 170 382 726 941 941 893 825 785 773 740 711 691 678 668 658 650 643 638 633 626 618 611 604 596 587 578 567 557 546 534 523 513 500 489 478 468 458 452 452 458 467 474 482 490 497
-9999 -9999 -9999 -9999 -9999 -9999 -9999 -9999 -9999 -9999 -9999 -9999 -9999 -9999 30 26 23 24 19 16 14 13 13 13 12 11 11 14 13 12 14 23 38 60 61 47 64 76 116 108 103 146 173 188 205 414 810 918 917 905 837 785 753 742 723 698 682 670 661 652 644 637 632 627 620 614 606 598 589 579 570 560 549 538 528 517 506 494 483 473 462 456 459 466 475 483 492 501 508
-9999 -9999 -9999 -9999 -9999 -9999 -9999 -9999 -9999 -9999 -9999 -9999 -9999 -9999 35 31 21 18 15 12 9 10 9 10 10 9 10 11 12 12 14 21 34 58 56 49 66 60 121 138 111 172 165 190 217 329 723 886 902 887 837 791 750 732 713 698 684 670 662 656 648 641 634 626 620 614 607 600 592 583 574 565 555 543 534 523 512 503 492 481 472 468 470 476 484 493 503 511 520
-9999 -9999 -9999 -9999 -9999 -9999 -9999 -9999 -9999 -9999 -9999 -9999 -9999 -9999 -9999 32 17 14 11 7 7 6 6 7 7 6 6 6 8 13 14 22 33 57 56 50 68 73 101 157 174 175 163 204 268 426 631 821 873 858 827 772 749 732 711 694 682 673 664 653 648 640 634 628 622 616 609 602 595 587 579 570 560 550 540 531 519 510 502 493 486 483 485 489 498 505 514 522 532
-9999 -9999 -9999 -9999 -9999 -9999 -9999 -9999 -9999 -9999 -9999 -9999 -9999 -9999 -9999 25 18 11 8 5 5 5 4 5 3 4 4 5 7 12 15 23 35 56 52 51 60 68 90 133 176 171 161 184 251 434 613 761 824 814 795 760 734 718 703 688 677 667 660 654 646 640 633 628 624 617 611 605 599 590 583 575 566 556 547 537 529 520 511 505 501 498 500 503 511 519 527 536 546
-9999 -9999 -9999 -9999 -9999 -9999 -9999 -9999 -9999 -9999 -9999 -9999 -9999 -9999 -9999 16 14 9 7 4 3 4 3 4 3 2 4 5 7 11 17 26 37 64 61 59 61 64 64 115 138 141 156 219 274 415 551 704 764 773 758 737 721 705 692 682 671 662 655 650 644 640 636 628 624 619 614 609 602 595 588 580 573 564 555 545 537 529 523 517 514 513 515 518 525 532 541 551 560
-9999 -9999 -9999 -9999 -9999 -9999 -9999 -9999 -9999 -9999 -9999 -9999 -9999 -9999 -9999 11 9 7 6 4 3 3 3 3 2 3 3 5 7 11 19 29 43 67 44 73 86 59 73 82 118 110 144 197 298 399 537 667 704 703 712 708 698 688 677 670 662 656 650 645 640 637 634 627 624 620 615 610 606 601 593 585 579 571 561 554 547 540 534 530 528 526 529 533 539 546 555 564 575
-9999 -9999 -9999 -9999 -9999 -9999 -9999 -9999 -9999 -9999 -9999 -9999 -9999 -9999 -9999 5 6 6 6 4 4 4 4 3 2 4 4 5 7 13 20 32 49 72 85 115 71 63 82 69 94 129 166 286 337 478 562 614 641 660 668 677 673 667 661 655 651 647 644 639 637 634 631 629 625 622 619 614 610 604 598 591 585 577 570 562 556 549 545 541 539 540 541 545 552 559 569 578 588
-9999 -9999 -9999 -9999 -9999 -9999 -9999 -9999 -9999 -9999 -9999 -9999 2 3 3 3 3 6 8 9 8 7 5 4 2 2 4 5 9 15 24 37 56 79 115 94 53 62 78 70 72 137 224 312 379 494 561 583 599 608 610 645 647 646 644 641 640 638 636 632 631 630 628 626 625 624 621 618 614 610 605 597 590 583 576 570 563 557 554 551 550 551 554 559 564 572 581 590 602
-9999 -9999 -9999 -9999 -9999 -9999 -9999 -9999 -9999 -9999 -9999 -9999 -9999 2 2 2 5 9 14 16 16 11 8 4 2 2 3 5 11 20 32 44 62 88 114 98 86 76 84 81 81 142 222 321 388 483 527 550 570 565 601 619 622 626 629 629 628 627 627 626 626 625 625 624 624 623 622 622 619 615 608 603 594 588 582 576 571 566 562 561 561 562 565 570 576 585 593 604 615
-9999 -9999 -9999 -9999 -9999 -9999 -9999 -9999 -9999 -9999 -9999 -9999 -9999 -9999 2 2 5 12 21 32 24 14 8 4 4 3 5 9 15 26 39 51 73 97 68 56 73 81 72 92 115 173 237 313 421 498 478 528 543 568 584 603 606 609 615 618 618 620 620 620 620 619 621 620 620 622 622 624 623 620 613 607 600 592 587 581 577 572 570 569 569 570 575 581 587 595 605 616 628
-9999 -9999 -9999 -9999 -9999 -9999 -9999 -9999 -9999 -9999 -9999 -9999 -9999 -9999 -9999 -9999 -9999 11 22 28 21 13 8 6 4 5 6 11 20 31 42 57 85 94 68 70 98 85 94 135 175 205 208 312 466 464 453 543 531 542 558 592 595 600 605 608 610 611 612 612 613 614 614 615 616 619 620 624 625 624 616 608 601 594 589 585 581 577 575 575 576 579 584 589 596 606 614 626 637
-9999 -9999 -9999 -9999 -9999 -9999 -9999 -9999 -9999 -9999 -9999 -9999 -9999 -9999 -9999 -9999 -9999 -9999 14 13 13 9 9 -9999 6 6 10 17 24 33 47 72 83 67 78 98 115 137 158 169 203 280 325 387 498 455 466 543 524 519 547 582 585 591 596 599 602 604 605 607 607 608 608 609 610 613 616 620 624 622 616 607 600 594 589 586 583 581 580 580 582 585 590 596 604 614 624 636 649
-9999 -9999 -9999 -9999 -9999 -9999 -9999 -9999 -9999 -9999 -9999 -9999 -9999 -9999 -9999 -9999 -9999 -9999 -9999 6 7 -9999 -9999 -9999 7 8 14 22 31 45 63 62 44 99 106 112 153 171 187 175 221 290 425 470 493 454 498 573 503 506 552 572 577 584 589 592 596 597 599 600 601 602 602 603 604 605 608 611 613 613 607 602 596 591 588 585 583 581 582 583 586 591 596 603 612 621 632 643 656
-9999 -9999 -9999 -9999 -9999 -9999 -9999 -9999 -9999 -9999 -9999 -9999 -9999 -9999 -9999 -9999 -9999 -9999 -9999 -9999 7 -9999 8 8 -9999 -9999 -9999 30 46 62 34 29 93 102 119 163 167 148 172 191 222 228 332 465 457 457 533 557 499 511 551 560 568 575 579 586 590 592 594 594 594 595 595 595 597 598 599 600 601 601 597 594 589 586 584 582 582 581 582 585 588 593 601 607 618 626 639 650 663
-9999 -9999 -9999 -9999 -9999 -9999 -9999 -9999 -9999 -9999 -9999 -9999 -9999 -9999 -9999 -9999 -9999 -9999 -9999 -9999 -9999 8 10 13 12 -9999 34 44 62 37 37 95 112 130 163 174 129 128 179 197 210 248 425 491 461 496 557 511 503 515 546 543 550 556 564 575 581 586 588 588 588 588 588 587 588 586 586 588 589 587 585 584 582 580 579 578 578 579 581 585 590 596 603 611 622 632 644 657 670
-9999 -9999 -9999 -9999 -9999 -9999 -9999 -9999 -9999 -9999 -9999 -9999 -9999 -9999 -9999 -9999 -9999 -9999 -9999 -9999 -9999 11 12 16 -9999 -9999 47 60 76 74 24 92 114 153 174 118 94 124 162 200 212 233 401 484 495 513 562 494 511 533 539 525 534 544 552 559 566 573 577 580 582 582 580 579 577 576 576 575 575 574 574 572 572 573 572 572 575 576 580 584 590 596 604 615 624 635 648 661 674
-9999 -9999 -9999 -9999 -9999 -9999 -9999 -9999 -9999 -9999 -9999 -9999 -9999 -9999 -9999 -9999 -9999 -9999 -9999 -9999 -9999 13 15 -9999 -9999 -9999 64 79 88 43 35 84 138 158 150 102 108 136 156 217 225 254 470 525 519 489 543 491 514 530 539 516 523 531 539 545 552 558 561 564 566 569 564 565 567 562 560 559 562 561 561 561 562 564 565 567 569 573 576 581 589 596 606 615 626 638 651 665 679
-9999 -9999 -9999 -9999 -9999 -9999 -9999 -9999 -9999 -9999 -9999 -9999 -9999 -9999 -9999 -9999 -9999 -9999 -9999 -9999 -9999 -9999 -9999 -9999 -9999 -9999 72 82 46 28 43 114 137 152 127 95 112 128 159 231 222 363 497 499 500 486 494 509 519 503 538 512 514 520 527 533 539 545 547 550 550 548 546 544 545 543 537 537 538 539 540 544 545 549 552 557 564 568 573 579 587 595 605 616 628 641 654 668 682
-9999 -9999 -9999 -9999 -9999 -9999 -9999 -9999 -9999 -9999 -9999 -9999 -9999 -9999 -9999 -9999 -9999 -9999 -9999 -9999 -9999 -9999 -9999 -9999 -9999 56 76 81 21 54 76 96 108 88 81 122 112 134 171 226 232 474 508 511 521 506 531 509 525 492 533 506 505 511 517 523 528 533 535 536 536 533 530 524 524 521 518 516 515 516 519 524 529 534 538 540 551 557 564 574 577 590 600 612 626 640 652 666 678
-9999 -9999 -9999 -9999 -9999 -9999 -9999 -9999 -9999 -9999 -9999 -9999 -9999 -9999 -9999 -9999 -9999 -9999 -9999 -9999 -9999 -9999 -9999 -9999 36 54 76 48 18 28 49 37 38 47 75 134 121 158 207 260 274 501 481 505 529 506 550 552 526 487 516 504 499 504 509 515 520 523 524 525 523 521 516 511 506 502 497 495 496 497 501 505 511 516 524 528 534 542 550 559 564 570 582 595 613 630 643 653 666
