bio_clim/bio_12.asc
ncols         156
nrows         252
xllcorner     -82
yllcorner     -8
cellsize      0.083333337679505
NODATA_value  -9999
[rows 185 to 221 of 252, columns 0 to 81 of 156]
-9999 -9999 -9999 -9999 -9999 -9999 -9999 -9999 -9999 -9999 -9999 -9999 -9999 -9999 -9999 -9999 -9999 350 449 489 518 531 555 592 628 684 774 896 1065 1307 1541 1711 1850 1452 987 783 722 727 719 777 968 1220 1181 1960 2648 2418 2372 3125 2901 2959 2962 2725 2752 2782 2778 2800 2823 2842 2860 2869 2885 2905 2917 2931 2937 2985 2987 3001 2996 2994 2948 2905 2862 2820 2782 2763 2759 2754 2751 2758 2773 2777
-9999 -9999 -9999 -9999 -9999 -9999 -9999 -9999 -9999 -9999 -9999 -9999 -9999 -9999 -9999 -9999 -9999 -9999 381 411 452 485 524 -9999 627 688 775 887 1012 1204 1477 1672 1454 1036 833 811 747 751 814 916 1203 1750 1940 2370 2750 2407 2514 3142 2947 2698 2738 2655 2688 2696 2714 2735 2761 2780 2798 2814 2826 2838 2846 2860 2878 2918 2924 2957 2977 2955 2925 2876 2840 2788 2756 2733 2731 2728 2735 2749 2771 2773
-9999 -9999 -9999 -9999 -9999 -9999 -9999 -9999 -9999 -9999 -9999 -9999 -9999 -9999 -9999 -9999 -9999 -9999 -9999 366 407 -9999 -9999 -9999 615 701 783 861 977 1191 1372 1195 876 889 869 865 906 878 906 943 1349 1746 2325 2504 2612 2420 2766 3345 2796 2732 2622 2602 2637 2654 2655 2682 2705 2724 2741 2756 2770 2783 2789 2794 2806 2832 2849 2866 2883 2879 2844 2815 2788 2756 2725 2702 2692 2696 2714 2730 2747 2773
-9999 -9999 -9999 -9999 -9999 -9999 -9999 -9999 -9999 -9999 -9999 -9999 -9999 -9999 -9999 -9999 -9999 -9999 -9999 -9999 394 -9999 490 552 -9999 -9999 -9999 854 1048 1256 870 825 903 901 916 969 885 805 840 996 1270 1327 2016 2401 2411 2480 2989 3203 2732 2737 2563 2558 2605 2597 2611 2632 2654 2676 2688 2699 2709 2719 2724 2729 2733 2750 2762 2775 2780 2790 2763 2736 2715 2708 2680 2669 2666 2660 2675 2701 2723 2750
-9999 -9999 -9999 -9999 -9999 -9999 -9999 -9999 -9999 -9999 -9999 -9999 -9999 -9999 -9999 -9999 -9999 -9999 -9999 -9999 -9999 421 480 547 622 -9999 771 891 1150 946 829 940 949 969 1003 975 824 812 867 996 1157 1459 2341 2586 2428 2711 3271 2866 2621 2706 2535 2513 2535 2549 2569 2594 2609 2623 2636 2643 2646 2654 2660 2669 2672 2664 2664 2678 2684 2678 2676 2663 2643 2644 2644 2637 2629 2626 2635 2658 2691 2718
-9999 -9999 -9999 -9999 -9999 -9999 -9999 -9999 -9999 -9999 -9999 -9999 -9999 -9999 -9999 -9999 -9999 -9999 -9999 -9999 -9999 405 451 503 -9999 -9999 768 898 1087 1146 776 920 967 1022 1000 823 795 796 853 993 1127 1351 2239 2488 2628 2801 3182 2673 2519 2483 2576 2472 2493 2516 2537 2550 2566 2580 2586 2590 2592 2595 2589 2594 2592 2585 2578 2579 2597 2584 2577 2578 2584 2569 2583 2591 2591 2591 2604 2618 2654 2683
-9999 -9999 -9999 -9999 -9999 -9999 -9999 -9999 -9999 -9999 -9999 -9999 -9999 -9999 -9999 -9999 -9999 -9999 -9999 -9999 -9999 398 428 -9999 -9999 -9999 778 943 1120 900 782 896 1022 1024 927 751 748 800 813 1028 1151 1462 2477 2747 2763 2601 3018 2615 2611 2449 2523 2445 2464 2484 2503 2515 2528 2537 2540 2540 2536 2535 2520 2514 2510 2497 2489 2488 2495 2494 2493 2494 2500 2508 2508 2525 2547 2553 2575 2584 2616 2648
-9999 -9999 -9999 -9999 -9999 -9999 -9999 -9999 -9999 -9999 -9999 -9999 -9999 -9999 -9999 -9999 -9999 -9999 -9999 -9999 -9999 -9999 -9999 -9999 -9999 -9999 784 1031 942 802 801 1002 1028 1033 870 688 741 762 801 1087 1148 1934 2487 2547 2602 2510 2541 2388 2408 2393 2470 2431 2441 2458 2472 2483 2494 2500 2497 2497 2485 2472 2456 2443 2432 2418 2399 2397 2399 2400 2407 2418 2425 2435 2447 2463 2494 2510 2535 2553 2576 2617
-9999 -9999 -9999 -9999 -9999 -9999 -9999 -9999 -9999 -9999 -9999 -9999 -9999 -9999 -9999 -9999 -9999 -9999 -9999 -9999 -9999 -9999 -9999 -9999 -9999 651 785 1028 841 900 943 960 937 777 714 826 733 770 873 1064 1215 2435 2590 2662 2839 2676 2874 2520 2648 2363 2459 2416 2419 2434 2446 2458 2462 2465 2460 2451 2439 2422 2401 2376 2357 2339 2321 2312 2308 2313 2324 2340 2358 2376 2392 2403 2435 2458 2483 2514 2531 2574
-9999 -9999 -9999 -9999 -9999 -9999 -9999 -9999 -9999 -9999 -9999 -9999 -9999 -9999 -9999 -9999 -9999 -9999 -9999 -9999 -9999 -9999 -9999 -9999 512 621 773 985 839 795 830 701 639 649 684 902 776 902 995 1335 1494 2600 2455 2793 2916 2684 3134 3018 2515 2346 2422 2408 2402 2415 2427 2435 2440 2438 2430 2417 2399 2377 2353 2323 2294 2271 2246 2233 2231 2236 2253 2270 2290 2312 2337 2359 2379 2407 2434 2467 2496 2527
-9999 -9999 -9999 -9999 -9999 -9999 -9999 -9999 -9999 -9999 -9999 -9999 -9999 -9999 -9999 -9999 -9999 -9999 -9999 -9999 -9999 -9999 -9999 420 490 601 767 951 998 905 752 644 720 612 809 690 913 825 891 1479 2291 2545 2449 2745 2732 2923 3220 3179 2597 2350 2427 2415 2393 2401 2411 2418 2419 2415 2403 2387 2364 2339 2307 2276 2244 2211 2184 2169 2165 2173 2189 2211 2234 2259 2285 2308 2328 2359 2386 2417 2449 2487
-9999 -9999 -9999 -9999 -9999 -9999 -9999 -9999 -9999 -9999 -9999 -9999 -9999 -9999 -9999 -9999 -9999 -9999 -9999 -9999 260 307 367 437 521 631 795 1019 1063 968 790 854 753 599 582 706 971 897 1244 1365 2214 2503 2468 2556 3013 3019 3162 3102 2538 2340 2432 2407 2391 2394 2403 2407 2405 2397 2383 2361 2338 2311 2276 2240 2202 2167 2139 2120 2116 2124 2141 2163 2187 2212 2237 2262 2284 2310 2339 2371 2400 2440
-9999 -9999 -9999 -9999 -9999 -9999 -9999 -9999 -9999 -9999 -9999 -9999 -9999 -9999 -9999 -9999 -9999 -9999 -9999 -9999 253 320 390 468 572 760 1050 1171 938 822 772 687 763 743 588 778 962 992 1308 2178 2252 2103 2441 2658 2915 3086 2935 2596 2419 2353 2410 2462 2383 2389 2400 2401 2394 2384 2369 2345 2318 2288 2250 2214 2175 2140 2110 2091 2085 2091 2107 2128 2150 2174 2194 2220 2245 2268 2292 2327 2354 2396
-9999 -9999 -9999 -9999 -9999 -9999 -9999 -9999 -9999 -9999 -9999 -9999 -9999 -9999 -9999 -9999 -9999 -9999 173 205 272 357 457 558 702 948 1281 1201 977 904 912 784 741 690 750 839 1525 1307 1163 2295 2296 1962 2442 2723 2763 2779 2540 2480 2435 2374 2352 2437 2405 2393 2398 2396 2389 2378 2357 2334 2306 2273 2237 2200 2160 2125 2096 2078 2069 2071 2084 2103 2122 2144 2164 2187 2207 2228 2254 2275 2309 2353
-9999 -9999 -9999 -9999 -9999 -9999 -9999 -9999 -9999 -9999 -9999 -9999 -9999 -9999 -9999 -9999 -9999 169 193 245 332 424 585 734 847 1011 1265 1399 1331 1131 863 894 749 733 848 948 1805 1768 1997 2435 2289 2109 2761 2694 2486 2757 2572 2444 2435 2400 2365 2390 2569 2411 2405 2398 2388 2374 2355 2327 2298 2266 2230 2194 2155 2123 2095 2075 2067 2067 2076 2087 2102 2121 2138 2156 2175 2195 2213 2239 2261 2305
-9999 -9999 -9999 -9999 -9999 -9999 -9999 -9999 -9999 -9999 -9999 -9999 -9999 -9999 -9999 128 173 237 229 316 443 546 675 906 1227 1184 1405 1482 1359 1336 915 891 846 832 862 995 1588 2160 2262 2407 2313 2489 2871 2685 2418 2787 2521 2552 2535 2454 2383 2402 2658 2438 2420 2404 2391 2375 2354 2328 2298 2264 2229 2193 2159 2128 2100 2081 2070 2067 2069 2078 2090 2103 2120 2135 2148 2169 2184 2203 2222 2259
-9999 -9999 -9999 -9999 -9999 -9999 -9999 -9999 -9999 -9999 -9999 -9999 -9999 -9999 121 147 223 277 321 489 673 819 956 1192 1335 1355 1441 1404 1376 1456 1023 901 888 913 939 1068 1502 2135 2242 2179 2482 2876 2758 2616 2339 2640 2616 2534 2516 2515 2408 2443 2679 2460 2433 2413 2394 2378 2357 2331 2299 2267 2232 2201 2165 2135 2110 2090 2080 2072 2072 2075 2084 2093 2106 2119 2133 2148 2163 2181 2203 2240
-9999 -9999 -9999 -9999 -9999 -9999 -9999 -9999 -9999 -9999 -9999 -9999 -9999 -9999 154 214 270 377 490 808 929 1036 1124 1248 1405 1542 1442 1431 1351 1147 1006 948 947 1024 1219 1291 1605 2053 2182 2314 2717 2816 2429 2798 2371 2601 2784 2782 2663 2503 2430 2433 2526 2548 2453 2430 2402 2387 2363 2337 2307 2276 2242 2207 2177 2147 2120 2104 2087 2078 2075 2075 2081 2088 2095 2107 2121 2134 2151 2170 2195 2234
-9999 -9999 -9999 -9999 -9999 -9999 -9999 -9999 -9999 -9999 -9999 -9999 105 138 202 280 358 477 617 761 913 1027 1319 1536 1585 1468 1322 1232 1110 999 976 823 988 1029 1080 1468 1545 1998 2239 2270 2502 2579 2670 2742 2708 2590 2723 2838 2843 2556 2460 2465 2481 2666 2476 2442 2420 2393 2372 2343 2315 2284 2250 2218 2189 2157 2134 2116 2099 2088 2081 2079 2081 2087 2090 2101 2112 2127 2144 2165 2192 2230
-9999 -9999 -9999 -9999 -9999 -9999 -9999 -9999 -9999 -9999 -9999 -9999 108 157 227 311 436 541 738 838 910 1028 1314 1496 1448 1302 1360 1290 1080 943 890 746 966 1067 1057 1327 1724 1963 2128 2323 2402 2648 2694 2652 2881 2711 2769 2647 2761 2545 2479 2490 2509 2709 2497 2470 2441 2404 2380 2353 2326 2294 2262 2231 2199 2171 2147 2126 2110 2096 2087 2082 2082 2083 2088 2095 2106 2120 2139 2159 2189 2223
-9999 -9999 -9999 -9999 -9999 -9999 -9999 -9999 -9999 -9999 -9999 89 117 169 239 409 683 608 678 760 837 942 1127 1365 1346 1306 1249 1115 1054 928 944 857 928 1100 1042 1231 1653 1640 1818 2200 2413 2551 2600 2626 2749 2720 2832 2772 2612 2522 2518 2518 2541 2701 2508 2488 2450 2416 2392 2362 2335 2304 2274 2244 2212 2186 2162 2139 2120 2105 2096 2088 2083 2082 2085 2092 2102 2116 2134 2155 2184 2217
-9999 -9999 -9999 -9999 -9999 -9999 -9999 -9999 -9999 -9999 71 99 115 159 283 523 621 497 583 665 725 758 918 992 1096 1170 1140 1106 1045 985 1180 1084 807 1018 1047 1181 1502 1567 2001 2229 2406 2484 2583 2546 2670 2665 2768 2764 2625 2545 2552 2541 2631 2660 2517 2487 2454 2426 2403 2374 2343 2315 2286 2255 2225 2197 2171 2149 2128 2113 2100 2090 2084 2084 2084 2087 2096 2111 2128 2150 2178 2208
-9999 -9999 -9999 -9999 -9999 -9999 -9999 -9999 -9999 59 71 88 119 169 311 469 399 418 488 547 572 571 612 782 1002 1203 1101 1213 1084 1070 1028 1115 1000 1022 1088 1167 1338 1568 1901 2232 2352 2420 2498 2533 2676 2618 2761 2733 2680 2580 2579 2562 2638 2657 2543 2507 2467 2435 2409 2384 2355 2325 2296 2266 2237 2211 2184 2159 2137 2118 2104 2091 2082 2082 2080 2084 2094 2106 2122 2143 2168 2200
-9999 -9999 -9999 -9999 -9999 -9999 -9999 -9999 -9999 50 58 77 103 157 315 294 298 325 373 396 420 441 505 676 634 858 986 1197 1016 1140 886 1033 1125 1148 1157 1314 1401 1640 1887 2207 2314 2386 2510 2545 2610 2608 2678 2734 2670 2614 2600 2586 2614 2653 2544 2513 2473 2441 2416 2389 2362 2332 2304 2275 2247 2220 2194 2169 2145 2124 2109 2095 2085 2077 2077 2079 2086 2097 2114 2138 2161 2190
-9999 -9999 -9999 -9999 -9999 -9999 -9999 -9999 39 42 51 63 88 156 194 204 223 245 279 295 322 354 398 588 520 729 916 978 958 987 926 1046 1011 1108 1211 1307 1421 1580 1922 2040 2282 2397 2472 2574 2614 2664 2691 2720 2670 2642 2618 2597 2637 2593 2520 2502 2474 2443 2418 2392 2366 2339 2314 2284 2258 2228 2201 2177 2152 2127 2110 2096 2079 2076 2069 2072 2079 2089 2104 2125 2150 2179
-9999 -9999 -9999 -9999 -9999 -9999 -9999 -9999 -9999 35 44 67 116 127 134 153 176 190 208 238 264 306 371 470 587 874 867 1101 1050 935 994 1078 1073 1117 1229 1290 1397 1541 1663 1899 2126 2390 2497 2507 2661 2698 2726 2723 2679 2657 2634 2639 2650 2564 2520 2490 2467 2439 2417 2391 2368 2343 2320 2293 2266 2236 2210 2181 2154 2130 2109 2093 2079 2066 2064 2063 2068 2077 2095 2115 2139 2166
-9999 -9999 -9999 -9999 -9999 -9999 -9999 -9999 23 30 41 78 135 135 102 121 143 158 179 205 224 281 446 456 575 812 978 1060 1026 1120 1121 1000 1056 1167 1303 1298 1377 1473 1512 1740 2139 2332 2507 2451 2607 2726 2741 2730 2695 2667 2654 2645 2610 2560 2520 2480 2456 2430 2411 2387 2366 2344 2325 2302 2273 2242 2211 2182 2156 2130 2110 2088 2074 2061 2054 2052 2056 2067 2081 2101 2127 2154
-9999 -9999 -9999 -9999 -9999 -9999 -9999 -9999 20 25 35 54 70 77 85 100 118 139 162 185 207 240 325 556 815 799 905 904 977 1112 938 875 1030 1187 1333 1311 1365 1427 1609 1794 1992 2321 2332 2453 2647 2754 2758 2733 2721 2672 2627 2610 2577 2531 2504 2464 2438 2417 2395 2379 2360 2341 2326 2309 2279 2245 2215 2186 2155 2128 2105 2085 2066 2051 2043 2038 2042 2052 2070 2087 2113 2143
-9999 -9999 -9999 -9999 -9999 -9999 -9999 -9999 -9999 25 33 43 56 66 73 84 96 114 141 171 201 232 371 625 833 840 846 862 908 1025 928 920 1123 1150 1303 1310 1321 1383 1569 1716 1945 2245 2206 2504 2753 2791 2760 2739 2689 2659 2529 2594 2557 2503 2475 2443 2417 2399 2380 2362 2345 2335 2323 2308 2279 2246 2211 2182 2151 2126 2099 2078 2055 2039 2028 2023 2027 2036 2051 2074 2102 2131
-9999 -9999 -9999 -9999 -9999 -9999 -9999 -9999 -9999 -9999 30 39 46 56 63 72 82 95 124 160 190 217 359 693 829 762 860 822 820 883 1027 965 1121 1084 1283 1314 1301 1385 1548 1728 1909 2206 2143 2527 2692 2724 2733 2702 2658 2624 2452 2524 2509 2476 2435 2414 2389 2372 2354 2339 2327 2317 2306 2294 2268 2235 2204 2176 2147 2120 2095 2071 2046 2027 2012 2004 2005 2019 2037 2061 2091 2120
-9999 -9999 -9999 -9999 -9999 -9999 -9999 -9999 -9999 -9999 -9999 36 44 51 56 65 72 88 116 151 184 209 268 570 770 787 775 830 828 921 820 995 959 1031 1247 1294 1300 1344 1489 1633 1777 2071 2120 2507 2517 2516 2610 2650 2603 2541 2361 2387 2428 2424 2397 2371 2353 2335 2323 2310 2299 2291 2280 2267 2245 2220 2194 2166 2143 2115 2089 2065 2038 2014 1995 1987 1987 2001 2023 2050 2080 2113
-9999 -9999 -9999 -9999 -9999 -9999 -9999 -9999 -9999 -9999 -9999 32 39 44 49 56 64 82 110 138 168 194 232 373 629 774 797 832 839 821 780 912 979 1054 1134 1262 1320 1313 1485 1433 1546 1804 2212 2496 2555 2137 2239 2499 2458 2124 2076 2169 2249 2307 2339 2322 2306 2293 2285 2274 2269 2260 2252 2239 2222 2202 2180 2158 2136 2111 2086 2060 2035 2005 1978 1964 1966 1984 2010 2042 2074 2106
-9999 -9999 -9999 -9999 -9999 -9999 -9999 -9999 -9999 -9999 25 29 34 38 43 48 56 75 104 134 155 177 210 247 360 579 724 747 828 784 871 958 1040 999 1034 1112 1296 1291 1412 1384 1522 1662 1917 2307 2421 2324 2138 2303 2394 2220 1990 2020 2157 2170 2168 2256 2254 2248 2246 2237 2230 2227 2221 2211 2200 2184 2166 2148 2128 2108 2086 2062 2035 2001 1969 1942 1945 1971 2005 2037 2071 2102
-9999 -9999 -9999 -9999 -9999 -9999 -9999 -9999 -9999 21 27 31 36 35 38 43 49 67 97 126 145 167 195 228 254 327 495 592 675 827 888 914 938 1026 1024 1068 1163 1283 1376 1352 1419 1511 1938 2218 2308 2163 2107 2011 1970 2127 2005 1894 2067 2037 2050 2068 2151 2179 2194 2194 2193 2191 2186 2185 2175 2166 2153 2138 2126 2108 2090 2069 2043 2011 1973 1936 1940 1972 2007 2040 2073 2107
-9999 -9999 -9999 -9999 -9999 -9999 -9999 -9999 -9999 -9999 -9999 30 31 30 33 38 45 61 88 116 135 155 176 209 233 343 319 416 638 815 782 927 950 891 947 1119 1127 1179 1320 1309 1341 1405 1813 1846 1886 1796 1683 1763 1609 1743 1720 1743 1918 1817 1886 1973 1969 1997 2083 2138 2151 2152 2153 2150 2148 2142 2138 2130 2120 2109 2098 2081 2066 2038 2004 1975 1972 1995 2022 2054 2083 2113
-9999 -9999 -9999 -9999 -9999 -9999 -9999 -9999 -9999 -9999 -9999 -9999 27 30 31 34 41 55 77 102 125 143 158 174 228 268 328 418 568 816 791 854 980 938 895 987 1099 1095 1235 1303 1290 1324 1582 1437 1451 1437 1491 1486 1427 1507 1542 1553 1670 1652 1711 1858 1931 1922 1927 1943 2015 2106 2115 2121 2121 2122 2119 2117 2113 2110 2103 2101 2093 2077 2052 2025 2017 2028 2045 2070 2096 2125
-9999 -9999 -9999 -9999 -9999 -9999 -9999 -9999 -9999 -9999 -9999 -9999 -9999 29 30 32 39 51 70 89 113 131 143 155 208 295 348 365 545 678 837 779 1013 1005 889 910 967 1001 1064 1204 1241 1268 1358 1283 1272 1298 1337 1381 1332 1369 1388 1429 1498 1513 1542 1629 1789 1849 1845 1902 1875 1895 2067 2089 2094 2100 2103 2106 2109 2110 2110 2112 2117 2118 2091 2067 2057 2059 2072 2091 2115 2140
