bio_clim/bio_16.asc
ncols         156
nrows         252
xllcorner     -82
yllcorner     -8
cellsize      0.083333337679505
NODATA_value  -9999
[rows 38 to 75 of 252, columns 0 to 84 of 156]
-9999 -9999 -9999 -9999 -9999 -9999 -9999 -9999 -9999 -9999 -9999 -9999 -9999 -9999 -9999 -9999 -9999 -9999 -9999 -9999 -9999 -9999 -9999 -9999 -9999 -9999 -9999 -9999 -9999 -9999 -9999 -9999 -9999 -9999 -9999 -9999 -9999 -9999 -9999 -9999 -9999 -9999 -9999 -9999 -9999 -9999 -9999 -9999 -9999 -9999 -9999 -9999 -9999 -9999 -9999 -9999 -9999 -9999 -9999 -9999 -9999 -9999 -9999 -9999 -9999 -9999 -9999 -9999 -9999 -9999 -9999 -9999 -9999 -9999 -9999 -9999 521 537 566 586 569 515 472 440 392
-9999 -9999 -9999 -9999 -9999 -9999 -9999 -9999 -9999 -9999 -9999 -9999 -9999 -9999 -9999 -9999 -9999 -9999 -9999 -9999 -9999 -9999 -9999 -9999 -9999 -9999 -9999 -9999 -9999 -9999 -9999 -9999 -9999 -9999 -9999 -9999 -9999 -9999 -9999 -9999 -9999 -9999 -9999 -9999 -9999 -9999 -9999 -9999 -9999 -9999 -9999 -9999 -9999 -9999 -9999 -9999 -9999 -9999 -9999 -9999 -9999 -9999 -9999 -9999 -9999 -9999 -9999 -9999 -9999 -9999 -9999 -9999 -9999 -9999 -9999 -9999 516 526 546 563 533 497 441 418 396
-9999 -9999 -9999 -9999 -9999 -9999 -9999 -9999 -9999 -9999 -9999 -9999 -9999 -9999 -9999 -9999 -9999 -9999 -9999 -9999 -9999 -9999 -9999 -9999 -9999 -9999 -9999 -9999 -9999 -9999 -9999 -9999 -9999 -9999 -9999 -9999 -9999 -9999 -9999 -9999 -9999 -9999 -9999 -9999 -9999 -9999 -9999 -9999 -9999 -9999 -9999 -9999 -9999 -9999 -9999 -9999 -9999 -9999 -9999 -9999 -9999 -9999 -9999 -9999 -9999 -9999 -9999 -9999 -9999 -9999 -9999 -9999 -9999 -9999 -9999 -9999 -9999 520 534 544 517 494 450 423 402
-9999 -9999 -9999 -9999 -9999 -9999 -9999 -9999 -9999 -9999 -9999 -9999 -9999 -9999 -9999 -9999 -9999 -9999 -9999 -9999 -9999 -9999 -9999 -9999 -9999 -9999 -9999 -9999 1234 1145 1065 1035 1004 982 974 944 -9999 -9999 -9999 -9999 -9999 -9999 -9999 -9999 -9999 -9999 -9999 -9999 -9999 -9999 -9999 -9999 -9999 -9999 -9999 -9999 -9999 -9999 -9999 -9999 -9999 -9999 -9999 -9999 -9999 -9999 -9999 -9999 -9999 -9999 -9999 -9999 -9999 -9999 -9999 -9999 -9999 515 529 525 517 487 460 436 420
-9999 -9999 -9999 -9999 -9999 -9999 -9999 -9999 -9999 -9999 -9999 -9999 -9999 -9999 -9999 -9999 -9999 -9999 -9999 -9999 -9999 -9999 -9999 -9999 -9999 -9999 -9999 1275 1223 1138 1091 1081 1097 1050 971 -9999 931 -9999 -9999 -9999 -9999 -9999 -9999 -9999 -9999 -9999 -9999 -9999 -9999 -9999 -9999 -9999 -9999 -9999 -9999 -9999 -9999 -9999 -9999 -9999 -9999 -9999 -9999 -9999 -9999 -9999 -9999 -9999 -9999 -9999 -9999 -9999 -9999 -9999 -9999 -9999 -9999 501 494 506 501 475 460 449 444
-9999 -9999 -9999 -9999 -9999 -9999 -9999 -9999 -9999 -9999 -9999 -9999 -9999 -9999 -9999 -9999 -9999 -9999 -9999 -9999 -9999 -9999 -9999 -9999 -9999 1263 1259 1204 1133 1066 1128 1156 1209 1120 1039 999 997 1018 1037 999 933 888 859 -9999 -9999 -9999 -9999 -9999 -9999 -9999 -9999 -9999 -9999 -9999 -9999 -9999 -9999 -9999 -9999 -9999 -9999 -9999 -9999 -9999 -9999 -9999 -9999 -9999 -9999 -9999 -9999 -9999 571 562 545 522 501 487 471 466 455 455 459 466 479
-9999 -9999 -9999 -9999 -9999 -9999 -9999 -9999 -9999 -9999 -9999 -9999 -9999 -9999 -9999 -9999 -9999 -9999 -9999 -9999 -9999 -9999 -9999 -9999 1235 1197 1185 1121 1024 1027 1139 1236 1298 1195 1112 1111 1097 1068 1047 1011 977 944 887 844 831 -9999 -9999 -9999 -9999 -9999 -9999 -9999 -9999 -9999 -9999 -9999 -9999 -9999 -9999 -9999 -9999 -9999 -9999 -9999 -9999 -9999 -9999 -9999 -9999 -9999 -9999 564 565 564 550 525 502 486 472 459 445 457 472 489 503
-9999 -9999 -9999 -9999 -9999 -9999 -9999 -9999 -9999 -9999 -9999 -9999 -9999 -9999 -9999 -9999 -9999 -9999 -9999 -9999 -9999 -9999 1320 1220 1129 1077 1067 1030 940 943 1210 1390 1196 1094 1040 954 939 941 976 975 924 869 871 876 855 828 809 788 -9999 -9999 -9999 -9999 -9999 -9999 -9999 -9999 -9999 -9999 -9999 -9999 -9999 -9999 -9999 -9999 -9999 -9999 -9999 -9999 -9999 -9999 556 558 559 555 540 524 504 494 488 481 478 487 502 519 541
-9999 1129 -9999 -9999 -9999 -9999 -9999 -9999 -9999 -9999 -9999 -9999 -9999 -9999 -9999 -9999 -9999 -9999 1388 1376 1355 1317 1235 1106 1000 995 979 936 893 886 965 1000 936 910 889 881 948 1004 1050 1048 932 801 754 806 834 833 812 775 718 -9999 -9999 -9999 -9999 -9999 -9999 -9999 -9999 -9999 -9999 -9999 -9999 -9999 -9999 -9999 -9999 -9999 -9999 -9999 -9999 -9999 547 548 553 554 551 533 520 506 511 519 523 536 551 568 600
-9999 -9999 1135 -9999 -9999 -9999 -9999 -9999 -9999 -9999 -9999 -9999 -9999 -9999 -9999 -9999 1303 1347 1345 1321 1288 1230 1141 1028 961 961 970 966 854 798 783 807 831 851 874 913 1066 1134 1168 1131 1001 814 737 797 829 819 796 767 728 635 -9999 -9999 -9999 -9999 -9999 -9999 -9999 -9999 -9999 -9999 -9999 -9999 -9999 -9999 -9999 -9999 -9999 -9999 -9999 531 530 533 537 554 570 547 534 526 537 550 565 592 614 626 654
-9999 1182 -9999 1129 -9999 -9999 -9999 -9999 -9999 -9999 -9999 -9999 -9999 -9999 -9999 1203 1236 1288 1275 1253 1220 1164 1114 1052 974 949 959 903 851 746 -9999 -9999 -9999 -9999 -9999 -9999 1026 1122 1193 1160 1098 951 875 823 820 804 778 737 718 668 572 -9999 -9999 -9999 -9999 -9999 -9999 -9999 -9999 -9999 -9999 -9999 -9999 -9999 -9999 -9999 -9999 -9999 524 504 512 516 522 545 550 542 546 547 555 575 598 637 668 689 726
1216 1190 1159 1142 1128 -9999 -9999 -9999 -9999 -9999 -9999 -9999 -9999 1067 1091 1109 1131 1162 1159 1149 1142 1147 1141 1081 978 905 877 -9999 -9999 -9999 -9999 -9999 -9999 -9999 -9999 -9999 -9999 1129 1173 1177 1118 1067 1009 899 857 811 769 721 682 651 650 593 -9999 -9999 -9999 -9999 -9999 -9999 -9999 -9999 -9999 -9999 -9999 -9999 -9999 -9999 -9999 582 527 500 502 499 503 529 522 549 564 569 583 603 634 678 726 760 816
1190 1120 1139 1123 1116 1127 1124 1123 -9999 -9999 1109 1103 1091 1074 1042 1037 1002 1009 1035 1048 1073 1172 1190 1122 1049 873 828 -9999 -9999 -9999 -9999 -9999 -9999 -9999 -9999 -9999 -9999 -9999 -9999 1195 1147 1086 1025 943 890 814 775 725 677 643 655 643 645 -9999 -9999 -9999 -9999 -9999 -9999 -9999 -9999 -9999 -9999 -9999 -9999 -9999 607 566 528 496 493 486 491 505 531 570 585 590 605 627 665 718 793 833 892
1211 1048 1175 1100 1104 1112 1112 1128 1117 1148 1143 1151 1188 1211 1240 1211 1161 1139 1116 1122 1049 1181 1305 1288 1219 917 817 -9999 -9999 -9999 -9999 -9999 -9999 -9999 -9999 -9999 -9999 -9999 -9999 -9999 1197 1113 1035 967 911 834 782 740 691 655 637 662 674 697 -9999 -9999 -9999 -9999 -9999 -9999 -9999 -9999 -9999 -9999 639 618 588 554 522 501 489 475 482 504 541 587 604 617 628 653 697 747 830 890 954
1065 937 1086 1129 1027 977 1077 1063 1130 1191 1117 1141 1210 1165 1247 1274 1300 1127 923 1030 1032 1206 1342 1296 1003 814 -9999 -9999 -9999 -9999 -9999 -9999 -9999 -9999 -9999 1056 -9999 -9999 -9999 -9999 -9999 -9999 1019 948 912 846 792 757 709 674 650 669 687 707 751 767 -9999 -9999 -9999 -9999 -9999 -9999 694 668 640 610 577 545 523 505 487 477 484 508 548 601 642 672 681 701 750 818 921 987 1031
1263 1044 1009 984 990 1009 1027 1032 998 1097 1113 1164 1192 1154 1247 1354 1252 876 883 835 883 1040 1198 1117 829 -9999 -9999 -9999 -9999 -9999 -9999 -9999 -9999 -9999 -9999 -9999 -9999 -9999 -9999 -9999 -9999 -9999 983 908 866 824 794 773 725 692 665 680 707 716 722 782 820 -9999 -9999 -9999 -9999 725 703 677 647 615 584 550 529 515 494 487 498 519 567 630 700 754 759 772 818 903 1030 1126 1138
1321 1257 1215 1132 1204 1159 1241 1266 1177 1179 1166 1264 1325 1486 1422 1345 1051 832 765 728 711 717 739 684 -9999 -9999 -9999 -9999 -9999 -9999 -9999 -9999 -9999 -9999 -9999 -9999 1131 -9999 -9999 -9999 -9999 -9999 955 877 832 796 783 768 752 706 682 687 715 734 724 744 817 -9999 -9999 -9999 -9999 -9999 713 689 659 628 600 569 544 531 517 500 514 544 588 649 733 807 811 828 868 949 1067 1179 1214
1414 1386 1348 1344 1329 1333 1350 1349 1348 1308 1325 1380 1445 1526 1393 1139 917 750 701 663 634 583 534 -9999 -9999 -9999 -9999 -9999 -9999 -9999 -9999 -9999 -9999 -9999 -9999 -9999 1098 1105 -9999 -9999 -9999 -9999 -9999 -9999 -9999 772 758 753 749 751 701 691 718 749 753 736 791 812 803 -9999 -9999 -9999 -9999 705 675 645 619 591 568 557 521 516 537 570 606 652 708 765 828 865 906 974 1067 1175 1252
1412 1455 1459 1435 1407 1388 1414 1423 1430 1428 1391 1354 1366 1306 1159 1004 840 710 654 -9999 -9999 -9999 -9999 -9999 -9999 -9999 -9999 -9999 -9999 -9999 -9999 -9999 -9999 -9999 987 -9999 1047 -9999 -9999 -9999 -9999 -9999 -9999 -9999 -9999 -9999 769 762 758 772 731 701 721 754 775 763 740 801 810 -9999 -9999 -9999 -9999 723 693 667 642 619 605 581 545 547 566 591 619 654 707 787 859 902 939 992 1066 1178 1283
1443 1501 1536 1523 1451 1453 1424 1472 1489 1483 1383 1285 1201 1112 988 868 771 683 -9999 -9999 -9999 -9999 -9999 -9999 -9999 -9999 -9999 -9999 -9999 -9999 -9999 -9999 -9999 -9999 -9999 -9999 -9999 -9999 -9999 -9999 -9999 -9999 -9999 -9999 -9999 738 793 828 800 795 775 729 730 766 793 796 783 783 816 811 -9999 -9999 -9999 742 715 692 670 662 642 629 620 624 621 623 633 651 712 815 895 929 963 1018 1097 1203 1319
-9999 -9999 -9999 1602 1496 1446 1444 1454 1445 1438 1327 1241 1163 1045 914 802 727 648 -9999 -9999 -9999 -9999 -9999 -9999 -9999 -9999 -9999 -9999 -9999 -9999 -9999 -9999 -9999 -9999 -9999 -9999 -9999 -9999 -9999 -9999 -9999 -9999 -9999 -9999 -9999 749 857 888 875 865 832 771 755 792 819 830 808 787 827 822 815 803 -9999 767 735 726 707 703 689 682 690 698 682 671 663 672 740 834 913 944 973 1031 1120 1232 1350
-9999 -9999 -9999 1688 1647 1502 1420 1382 1352 1327 1241 1177 1133 1026 889 784 703 619 -9999 -9999 -9999 -9999 -9999 -9999 -9999 -9999 -9999 -9999 -9999 -9999 -9999 -9999 -9999 -9999 -9999 -9999 -9999 -9999 -9999 -9999 -9999 -9999 -9999 819 732 769 961 980 999 964 915 881 814 829 847 843 851 823 844 836 827 811 -9999 770 774 766 757 738 734 733 738 753 742 724 721 738 795 868 944 969 978 1035 1128 1251 1373
-9999 -9999 -9999 -9999 -9999 1493 1379 1302 1281 1262 1220 1201 1183 1047 892 788 695 615 573 549 -9999 -9999 -9999 -9999 -9999 -9999 -9999 -9999 -9999 -9999 -9999 -9999 -9999 -9999 -9999 -9999 -9999 -9999 -9999 -9999 -9999 -9999 -9999 1057 961 891 1018 1096 1118 1091 1032 998 889 879 884 880 875 856 863 856 848 -9999 -9999 785 832 816 809 794 780 782 789 836 802 784 787 804 852 911 975 1005 1015 1055 1118 1243 1374
-9999 -9999 -9999 -9999 -9999 1461 1364 1312 1277 1274 1276 1322 1279 1101 953 830 735 650 593 551 -9999 -9999 -9999 -9999 -9999 -9999 -9999 -9999 -9999 -9999 -9999 -9999 -9999 -9999 -9999 -9999 -9999 -9999 -9999 -9999 -9999 -9999 -9999 -9999 1145 1106 1142 1193 1213 1181 1123 1047 1017 938 943 932 905 892 885 881 876 866 837 815 852 871 853 859 839 837 831 835 836 841 850 870 903 945 988 1019 1050 1097 1165 1269 1388
-9999 -9999 -9999 -9999 -9999 1488 1404 1357 1350 1362 -9999 1406 1329 1160 1042 903 790 703 627 573 556 541 -9999 -9999 -9999 -9999 -9999 -9999 -9999 -9999 -9999 -9999 -9999 -9999 -9999 -9999 -9999 -9999 -9999 -9999 -9999 -9999 -9999 -9999 1212 1250 1239 1314 1259 1256 1180 1068 1084 1018 984 967 954 937 924 917 919 923 914 886 906 952 923 940 918 905 883 883 889 906 915 933 955 982 1010 1038 1074 1138 1209 1307 1411
-9999 -9999 -9999 -9999 -9999 -9999 1457 1431 1444 1458 -9999 1519 1446 1207 1133 1003 876 795 759 702 642 579 547 -9999 -9999 -9999 -9999 -9999 -9999 -9999 -9999 -9999 -9999 -9999 -9999 -9999 -9999 -9999 -9999 -9999 -9999 -9999 -9999 -9999 1369 1278 1214 1346 1323 1331 1246 1092 1132 1095 1054 1000 984 971 966 968 981 1006 1037 1055 1059 1037 920 965 1003 996 971 955 938 964 973 992 1027 1059 1065 1093 1122 1165 1242 1336 1432
-9999 -9999 -9999 -9999 -9999 -9999 -9999 -9999 -9999 -9999 -9999 -9999 1541 1276 1164 1081 973 934 923 888 831 683 571 -9999 -9999 -9999 -9999 -9999 -9999 -9999 -9999 -9999 -9999 -9999 -9999 -9999 -9999 -9999 -9999 -9999 -9999 -9999 -9999 -9999 -9999 1542 1414 1395 1249 1385 1345 1221 1150 1151 1110 1031 1011 1000 1000 1014 1050 1106 1181 1250 1231 1055 949 957 1049 1056 1059 1036 994 1004 1020 1055 1090 1121 1147 1175 1212 1252 1307 1375 1458
-9999 -9999 1611 -9999 -9999 -9999 -9999 -9999 -9999 -9999 -9999 -9999 -9999 1343 1202 1124 1025 981 957 918 860 746 623 580 -9999 -9999 -9999 -9999 -9999 -9999 -9999 -9999 -9999 -9999 -9999 -9999 -9999 -9999 -9999 -9999 -9999 -9999 -9999 -9999 -9999 -9999 1752 1574 1303 1331 1408 1329 1250 1181 1149 1067 1034 1019 1016 1043 1104 1187 1287 1377 1381 1262 916 974 1016 1083 1084 1072 1030 970 1017 1066 1130 1181 1230 1299 1345 1345 1354 1427 1484
-9999 -9999 1612 -9999 -9999 -9999 -9999 -9999 -9999 -9999 -9999 -9999 -9999 1542 1353 1155 1037 984 937 887 816 730 636 601 -9999 -9999 -9999 -9999 -9999 -9999 -9999 -9999 -9999 -9999 -9999 -9999 -9999 -9999 -9999 -9999 -9999 -9999 -9999 -9999 -9999 -9999 -9999 1670 1521 1407 1423 1383 1306 1256 1191 1106 1059 1038 1029 1067 1143 1219 1333 1416 1463 1483 953 960 968 1016 1029 1011 1006 950 1022 1083 1139 1243 1361 1347 1460 1432 1400 1453 1503
-9999 -9999 -9999 1643 1648 -9999 -9999 -9999 -9999 -9999 -9999 -9999 -9999 1672 1427 1177 1122 1008 928 881 -9999 -9999 -9999 -9999 -9999 -9999 -9999 -9999 -9999 -9999 -9999 -9999 -9999 -9999 -9999 -9999 -9999 -9999 -9999 -9999 -9999 -9999 -9999 -9999 -9999 -9999 -9999 -9999 1517 1520 1472 1428 1357 1304 1230 1167 1109 1074 1073 1111 1180 1265 1354 1436 1532 1636 1236 907 883 867 912 898 878 987 1045 1102 1180 1262 1439 1370 1455 1478 1439 1456 1494
-9999 -9999 1615 -9999 -9999 -9999 -9999 -9999 -9999 -9999 -9999 -9999 -9999 1535 1250 1189 1117 1027 886 -9999 -9999 -9999 -9999 -9999 -9999 -9999 -9999 -9999 -9999 -9999 -9999 -9999 -9999 -9999 -9999 -9999 -9999 -9999 -9999 -9999 -9999 -9999 -9999 -9999 -9999 -9999 -9999 -9999 1600 1507 1533 1457 1401 1347 1284 1249 1173 1121 1127 1161 1215 1286 1362 1452 1553 1641 1542 1016 879 859 848 842 873 979 1011 1072 1174 1230 1415 1411 1506 1491 1475 1402 1458
-9999 -9999 -9999 -9999 -9999 -9999 -9999 -9999 -9999 -9999 -9999 -9999 -9999 1457 1373 -9999 -9999 -9999 -9999 -9999 -9999 -9999 -9999 -9999 -9999 -9999 -9999 -9999 -9999 -9999 -9999 -9999 -9999 -9999 -9999 -9999 -9999 -9999 -9999 -9999 -9999 -9999 -9999 -9999 -9999 -9999 -9999 -9999 -9999 1569 1548 1489 1430 1381 1340 1276 1201 1173 1174 1201 1243 1298 1373 1453 1531 1563 1524 1168 877 885 865 874 931 961 949 996 1129 1235 1307 1400 1483 1483 1424 1389 1405
-9999 -9999 -9999 -9999 -9999 -9999 -9999 -9999 -9999 -9999 -9999 -9999 -9999 -9999 -9999 -9999 -9999 -9999 -9999 -9999 -9999 -9999 -9999 -9999 -9999 -9999 -9999 -9999 -9999 -9999 -9999 -9999 -9999 -9999 -9999 -9999 -9999 -9999 -9999 -9999 -9999 -9999 -9999 -9999 -9999 -9999 -9999 -9999 -9999 -9999 -9999 1508 1466 1413 1371 1289 1242 1225 1223 1234 1266 1313 1371 1426 1477 1362 1300 1068 869 903 925 914 1021 947 882 941 1050 1195 1280 1334 1354 1284 1204 1331 1286
-9999 -9999 -9999 -9999 -9999 -9999 -9999 -9999 -9999 -9999 -9999 -9999 -9999 -9999 -9999 -9999 -9999 -9999 -9999 -9999 -9999 -9999 -9999 -9999 -9999 -9999 -9999 -9999 -9999 -9999 -9999 -9999 -9999 -9999 -9999 -9999 -9999 -9999 -9999 -9999 -9999 -9999 -9999 -9999 -9999 -9999 -9999 -9999 -9999 -9999 -9999 -9999 1487 1435 1390 1345 1284 1272 1259 1263 1286 1321 1362 1379 1406 1177 1191 1124 889 824 796 845 896 787 796 848 951 1094 1101 1179 1237 1218 1086 1231 1229
-9999 -9999 -9999 -9999 -9999 -9999 -9999 -9999 -9999 -9999 -9999 -9999 -9999 -9999 -9999 -9999 -9999 -9999 -9999 -9999 -9999 -9999 -9999 -9999 -9999 -9999 -9999 -9999 -9999 -9999 -9999 -9999 -9999 -9999 -9999 -9999 -9999 -9999 -9999 -9999 -9999 -9999 -9999 -9999 -9999 -9999 -9999 -9999 -9999 -9999 -9999 -9999 1508 1471 1426 1397 1334 1306 1284 1283 1296 1320 1350 1375 1370 1171 1088 996 872 819 781 760 861 737 731 787 906 1045 1046 1110 1102 1137 1136 1128 1155
-9999 -9999 -9999 -9999 -9999 -9999 -9999 -9999 -9999 -9999 -9999 -9999 -9999 -9999 -9999 -9999 -9999 -9999 -9999 -9999 -9999 -9999 -9999 -9999 -9999 -9999 -9999 -9999 -9999 -9999 -9999 -9999 -9999 -9999 -9999 -9999 -9999 -9999 -9999 -9999 -9999 -9999 -9999 -9999 -9999 -9999 -9999 -9999 -9999 -9999 -9999 -9999 1529 1506 1466 1442 1390 1334 1304 1298 1309 1328 1351 1358 1247 1117 1041 948 846 813 762 724 763 656 684 846 985 1187 975 1052 1084 1090 1138 1140 1126
-9999 -9999 -9999 -9999 -9999 -9999 -9999 -9999 -9999 -9999 -9999 -9999 -9999 -9999 -9999 -9999 -9999 -9999 -9999 -9999 -9999 -9999 -9999 -9999 -9999 -9999 -9999 -9999 -9999 -9999 -9999 -9999 -9999 -9999 -9999 -9999 -9999 -9999 -9999 -9999 -9999 -9999 -9999 -9999 -9999 -9999 -9999 -9999 -9999 -9999 -9999 -9999 -9999 1526 1496 1472 1452 1376 1350 1329 1327 1339 1363 1364 1259 1110 1030 958 842 796 761 716 715 606 737 1025 863 979 1017 973 1131 1088 1072 1114 1107
-9999 -9999 -9999 -9999 -9999 -9999 -9999 -9999 -9999 -9999 -9999 -9999 -9999 -9999 -9999 -9999 -9999 -9999 -9999 -9999 -9999 -9999 -9999 -9999 -9999 -9999 -9999 -9999 -9999 -9999 -9999 -9999 -9999 -9999 -9999 -9999 -9999 -9999 -9999 -9999 -9999 -9999 -9999 -9999 -9999 -9999 -9999 -9999 -9999 -9999 -9999 -9999 -9999 -9999 1497 1501 1467 1415 1419 1402 1364 1373 1394 1400 1241 1131 1075 1004 853 813 742 709 696 590 591 930 790 738 796 879 1089 1114 1029 1071 1072
