bio_clim/bio_16.asc
ncols         156
nrows         252
xllcorner     -82
yllcorner     -8
cellsize      0.083333337679505
NODATA_value  -9999
[rows 152 to 189 of 252, columns 0 to 84 of 156]
-9999 -9999 -9999 -9999 -9999 -9999 -9999 -9999 -9999 -9999 -9999 -9999 -9999 -9999 -9999 -9999 -9999 -9999 -9999 -9999 -9999 -9999 -9999 -9999 750 834 1013 1105 1075 1125 1181 1248 1323 1392 1433 1352 1114 1026 953 870 751 620 528 474 365 335 288 342 296 306 320 368 457 661 857 901 879 864 900 934 966 995 1032 1072 1105 1129 1136 1131 1114 1098 1070 1052 1049 1043 1023 1006 988 971 957 947 942 946 948 949 963
-9999 -9999 -9999 -9999 -9999 -9999 -9999 -9999 -9999 -9999 -9999 -9999 -9999 -9999 -9999 -9999 -9999 -9999 -9999 -9999 -9999 -9999 -9999 -9999 -9999 851 1033 1076 1114 1171 1235 1292 1367 1513 1619 1531 1213 918 923 854 779 579 489 428 387 349 366 365 351 326 298 429 759 861 865 935 937 889 940 977 1006 1031 1060 1090 1101 1108 1108 1097 1079 1060 1048 1034 1019 1019 1007 997 981 968 955 944 941 943 951 962 971
-9999 -9999 -9999 -9999 -9999 -9999 -9999 -9999 -9999 -9999 -9999 -9999 -9999 -9999 -9999 -9999 -9999 -9999 -9999 -9999 -9999 -9999 -9999 589 705 889 1054 1096 1159 1226 1310 1380 1466 1552 1774 1676 1261 1165 1034 935 783 565 409 341 435 392 358 350 367 333 337 488 699 1035 887 1000 1053 937 973 1013 1046 1072 1093 1104 1106 1099 1099 1084 1065 1041 1028 1016 1000 992 986 978 967 958 947 940 937 941 950 966 984
-9999 -9999 -9999 -9999 -9999 -9999 -9999 -9999 -9999 -9999 -9999 -9999 -9999 -9999 -9999 -9999 -9999 -9999 -9999 -9999 -9999 -9999 -9999 583 763 869 1026 1136 1195 1303 1384 1478 1610 1731 1867 1677 1442 1401 1078 899 663 507 389 315 329 312 316 438 433 339 347 426 761 1062 1070 929 979 958 1007 1056 1093 1111 1111 1103 1097 1089 1082 1065 1038 1016 1015 1009 995 977 966 955 947 942 933 927 927 938 954 971 993
-9999 -9999 -9999 -9999 -9999 -9999 -9999 -9999 -9999 -9999 -9999 -9999 -9999 -9999 -9999 -9999 -9999 -9999 -9999 -9999 -9999 -9999 522 618 736 902 1049 1146 1240 1362 1452 1541 1645 1730 1773 1639 1482 1301 1144 829 562 466 370 287 271 337 326 438 456 369 409 457 648 1015 1196 1026 979 1000 1050 1095 1137 1144 1122 1098 1082 1069 1059 1036 1018 995 991 987 977 971 965 948 936 927 922 919 917 928 951 977 1004
-9999 -9999 -9999 -9999 -9999 -9999 -9999 -9999 -9999 -9999 -9999 -9999 -9999 -9999 -9999 -9999 -9999 -9999 -9999 -9999 -9999 465 589 642 789 913 1037 1172 1281 1401 1488 1557 1609 1633 1609 1550 1430 1254 1093 785 511 464 383 308 317 411 418 481 495 465 516 559 821 978 1190 1116 1047 1035 1071 1114 1142 1136 1116 1089 1063 1044 1033 1014 994 981 969 964 963 956 946 941 927 919 913 909 912 928 952 982 1014
-9999 -9999 -9999 -9999 -9999 -9999 -9999 -9999 -9999 -9999 -9999 -9999 -9999 -9999 -9999 -9999 -9999 -9999 -9999 -9999 407 479 583 710 789 918 1065 1199 1326 1434 1505 1539 1567 1540 1464 1441 1327 1213 976 680 515 474 439 380 366 415 425 434 438 447 550 865 859 1061 1251 1239 1027 1044 1071 1107 1120 1107 1088 1063 1037 1021 1009 995 981 965 959 952 945 946 941 933 927 917 912 913 918 933 957 985 1018
-9999 -9999 -9999 -9999 -9999 -9999 -9999 -9999 -9999 -9999 -9999 -9999 -9999 -9999 -9999 -9999 -9999 -9999 -9999 370 426 492 554 665 794 919 1073 1212 1325 1419 1491 1508 1520 1481 1404 1306 1178 1124 921 621 505 519 510 469 378 397 412 467 464 497 739 838 850 1117 1284 1121 1023 1034 1058 1088 1085 1072 1053 1036 1013 994 986 977 969 958 950 942 937 929 925 926 921 910 907 913 923 939 960 985 1012
-9999 -9999 -9999 -9999 -9999 -9999 -9999 -9999 -9999 -9999 -9999 -9999 -9999 -9999 -9999 -9999 -9999 -9999 334 378 437 497 540 661 810 949 1090 1211 1290 1363 1438 1477 1489 1444 1329 1178 1121 1073 935 607 454 502 526 434 372 375 405 426 514 553 813 685 824 1096 1323 1087 1029 1033 1041 1048 1042 1034 1020 1004 984 974 969 963 954 946 944 940 927 921 914 909 910 907 904 911 924 941 960 981 1005
-9999 -9999 -9999 -9999 -9999 -9999 -9999 -9999 -9999 -9999 -9999 -9999 -9999 -9999 -9999 -9999 -9999 -9999 338 384 445 547 594 692 841 986 1099 1191 1271 1348 1427 1463 1470 1397 1210 1041 1081 1003 820 590 449 449 385 356 352 367 379 409 478 708 734 715 1088 1294 1360 1087 1030 1020 1022 1014 1003 1004 999 979 964 959 956 951 942 934 927 924 919 913 908 902 898 901 905 906 920 941 958 976 994
-9999 -9999 -9999 -9999 -9999 -9999 -9999 -9999 -9999 -9999 -9999 -9999 -9999 -9999 -9999 -9999 -9999 -9999 -9999 391 447 525 622 737 898 999 1107 1202 1287 1378 1454 1467 1456 1377 1258 1042 871 720 624 426 386 372 378 353 339 341 360 428 500 727 660 946 932 1380 1374 1163 1040 1020 1008 1001 1005 995 992 981 971 964 953 947 938 929 919 914 910 907 901 896 892 892 898 906 917 935 952 968 982
-9999 -9999 -9999 -9999 -9999 -9999 -9999 -9999 -9999 -9999 -9999 -9999 -9999 -9999 -9999 -9999 -9999 -9999 334 391 457 545 649 764 896 1013 1117 1210 1291 1380 1447 1462 1451 1449 1257 919 669 547 396 377 372 367 363 346 334 333 348 431 514 809 1061 1323 1372 1463 1317 1158 1058 1015 1000 1006 1003 994 992 984 970 959 946 939 932 924 917 912 907 900 893 889 886 886 894 905 917 932 949 960 970
-9999 -9999 -9999 -9999 -9999 -9999 -9999 -9999 -9999 -9999 -9999 -9999 -9999 -9999 -9999 -9999 -9999 -9999 319 389 445 544 670 798 913 1045 1128 1211 1289 1358 1410 1440 1466 1451 1298 1132 535 417 336 337 302 306 344 331 329 329 368 458 568 1022 1287 1353 1417 1409 1183 1068 1032 1009 997 1002 996 989 985 980 986 973 949 937 935 929 914 908 904 900 892 883 878 876 885 904 915 934 948 956 960
-9999 -9999 -9999 -9999 -9999 -9999 -9999 -9999 -9999 -9999 -9999 -9999 -9999 -9999 -9999 -9999 -9999 -9999 312 406 440 547 684 824 983 1059 1152 1221 1286 1345 1389 1418 1473 1458 1303 912 492 347 322 274 231 251 310 316 313 321 384 700 830 1229 1299 1329 1361 1393 1139 1037 1009 1004 1009 1005 998 993 991 986 971 962 955 949 939 928 916 910 903 896 890 883 876 869 881 906 916 934 941 947 952
-9999 -9999 -9999 -9999 -9999 -9999 -9999 -9999 -9999 -9999 -9999 -9999 -9999 -9999 -9999 -9999 -9999 235 289 374 466 551 707 857 987 1090 1158 1224 1281 1334 1375 1416 1488 1485 1306 973 379 319 313 259 196 232 299 299 306 332 416 907 1024 1281 1319 1332 1377 1418 1101 1028 1011 1011 1016 1009 1005 1001 991 979 975 970 967 952 931 920 913 906 900 895 890 886 882 882 898 917 921 929 934 935 941
-9999 -9999 -9999 -9999 -9999 -9999 -9999 -9999 -9999 -9999 -9999 -9999 -9999 -9999 150 158 190 244 295 407 567 676 859 907 1025 1083 1147 1211 1264 1313 1357 1402 1459 1446 1267 861 371 319 307 226 186 225 293 293 309 349 471 1026 1091 1337 1354 1347 1335 1216 1089 1055 1040 1028 1021 1021 1015 1009 997 976 981 965 979 962 938 922 914 905 899 893 889 889 891 897 909 922 918 917 919 924 925
-9999 -9999 -9999 -9999 -9999 -9999 -9999 -9999 -9999 -9999 -9999 -9999 -9999 163 197 217 241 286 320 430 592 762 963 1085 1036 1047 1115 1182 1235 1280 1328 1371 1369 1261 1201 755 363 318 307 224 187 188 257 292 339 433 741 1043 1279 1365 1346 1295 1219 1158 1129 1093 1061 1042 1022 1009 1000 988 989 977 964 955 968 965 945 930 921 911 907 900 893 888 889 894 906 917 911 906 905 906 913
-9999 -9999 -9999 -9999 -9999 -9999 -9999 -9999 -9999 -9999 -9999 -9999 -9999 161 191 213 260 298 355 476 668 811 939 1011 974 1016 1086 1156 1202 1230 1273 1332 1363 1259 1221 873 414 323 304 279 202 184 262 312 358 401 709 923 1326 1372 1350 1285 1221 1184 1149 1092 1055 1044 1036 1016 1001 990 983 968 961 951 961 959 950 934 930 915 905 897 895 891 888 889 898 902 899 897 898 895 894
-9999 -9999 -9999 -9999 -9999 -9999 -9999 -9999 -9999 -9999 -9999 -9999 -9999 -9999 168 207 285 348 393 503 698 815 876 899 928 980 1053 1127 1181 1212 1247 1313 1337 1261 1060 846 411 324 315 246 187 186 274 311 367 429 567 1015 1346 1374 1365 1302 1249 1211 1168 1111 1075 1045 1027 1036 1023 1005 987 969 959 948 943 938 934 921 918 911 907 899 888 885 884 885 888 887 878 881 878 880 878
-9999 -9999 -9999 -9999 -9999 -9999 -9999 -9999 -9999 -9999 -9999 -9999 -9999 -9999 -9999 217 347 408 513 643 776 862 880 880 890 931 1017 1109 1192 1247 1291 1337 1221 1154 1009 505 389 333 291 211 184 206 280 348 419 573 598 1136 1349 1374 1384 1338 1250 1169 1138 1122 1082 1050 1029 1011 1014 1008 991 973 962 947 939 931 921 913 907 901 899 894 894 887 877 872 872 873 862 860 859 863 866
-9999 -9999 -9999 -9999 -9999 -9999 -9999 -9999 -9999 -9999 -9999 -9999 -9999 -9999 -9999 221 306 518 664 752 802 846 856 850 853 886 984 1102 1222 1296 1341 1313 1163 1110 816 445 332 339 296 275 202 243 309 413 520 850 806 1239 1340 1363 1379 1366 1268 1243 1173 1120 1089 1059 1031 1012 997 1005 991 974 962 957 951 937 930 926 916 907 896 888 885 889 871 860 857 853 845 839 841 844 852
-9999 -9999 -9999 -9999 -9999 -9999 -9999 -9999 -9999 -9999 -9999 -9999 -9999 -9999 -9999 261 331 519 648 728 784 834 820 813 825 870 958 1078 1218 1308 1366 1380 1254 1100 855 449 376 286 279 286 259 274 282 386 482 873 1117 1247 1311 1332 1349 1286 1263 1187 1137 1110 1089 1054 1036 1017 1001 987 974 966 956 951 942 933 930 923 914 904 896 891 880 869 865 854 842 834 827 819 825 828 837
-9999 -9999 -9999 -9999 -9999 -9999 -9999 -9999 -9999 -9999 -9999 -9999 -9999 -9999 176 277 388 539 607 676 752 760 765 766 790 840 919 1026 1153 1259 1337 1387 1178 1009 817 463 394 318 309 269 266 247 321 419 459 796 1111 1262 1275 1288 1252 1218 1234 1195 1139 1102 1087 1073 1046 1021 1002 994 982 970 954 942 933 927 923 917 913 904 895 885 874 868 855 841 831 818 809 800 808 816 825
-9999 -9999 -9999 -9999 -9999 -9999 -9999 -9999 -9999 -9999 -9999 -9999 -9999 -9999 180 299 415 529 577 652 702 709 711 711 737 796 877 981 1092 1199 1290 1383 1363 1030 723 482 411 332 310 237 189 248 288 365 488 808 1126 1197 1223 1251 1215 1163 1133 1154 1139 1094 1061 1048 1031 1007 988 978 966 960 955 942 934 926 918 913 905 897 889 880 869 859 851 842 826 814 802 792 796 809 819
-9999 -9999 -9999 -9999 -9999 -9999 -9999 -9999 -9999 -9999 -9999 -9999 -9999 -9999 197 271 396 528 588 640 680 682 673 661 682 757 835 918 1026 1146 1239 1323 1407 928 661 498 416 299 330 286 211 268 269 349 504 724 1041 1137 1162 1185 1174 1141 1096 1086 1073 1057 1044 1021 1010 1011 997 981 962 951 940 932 927 925 920 916 909 902 894 883 875 864 855 856 836 819 811 803 797 807 817
-9999 -9999 -9999 -9999 -9999 -9999 -9999 -9999 -9999 -9999 -9999 -9999 -9999 -9999 -9999 233 387 536 563 560 587 625 646 645 673 734 803 865 975 1109 1183 1255 1344 953 671 524 429 332 320 322 268 277 269 409 597 807 983 1084 1110 1126 1130 1082 1071 1067 1042 1022 1015 1012 997 979 979 963 952 947 939 929 919 920 917 913 904 901 893 884 876 865 856 843 841 821 817 811 802 808 821
-9999 -9999 -9999 -9999 -9999 -9999 -9999 -9999 -9999 -9999 -9999 -9999 -9999 -9999 -9999 204 242 465 552 560 570 603 627 616 638 700 777 850 946 1053 1128 1194 1259 889 651 546 453 334 313 296 282 280 271 344 572 820 968 1035 1061 1068 1074 1050 1024 1018 1009 995 983 979 975 969 960 950 938 932 930 926 915 910 909 905 898 897 891 878 873 860 849 838 833 821 816 811 811 809 820
-9999 -9999 -9999 -9999 -9999 -9999 -9999 -9999 -9999 -9999 -9999 -9999 -9999 -9999 -9999 186 204 328 520 605 588 600 618 558 569 658 747 823 906 995 1075 1141 1198 1082 694 568 480 330 279 280 267 253 275 431 614 836 953 995 1016 1030 1037 1005 997 979 970 967 957 950 946 943 948 946 941 927 921 914 911 906 903 900 892 891 888 879 865 859 848 838 828 822 817 820 822 815 818
-9999 -9999 -9999 -9999 -9999 -9999 -9999 -9999 -9999 -9999 -9999 -9999 -9999 -9999 -9999 184 229 324 461 580 641 637 643 561 577 656 725 787 859 944 1030 1100 1159 1123 583 605 531 324 285 252 252 234 261 377 673 854 946 957 977 1021 1022 965 955 942 930 927 925 923 922 919 922 929 927 913 915 908 902 898 898 899 893 886 885 879 866 855 844 835 833 827 825 817 819 822 823
-9999 -9999 -9999 -9999 -9999 -9999 -9999 -9999 -9999 -9999 -9999 -9999 -9999 -9999 -9999 181 241 346 497 578 612 619 649 636 619 669 701 744 812 900 990 1071 1147 1239 853 803 462 308 268 247 233 244 312 595 768 883 927 939 966 985 999 922 913 904 886 884 888 891 894 899 905 906 912 908 906 905 900 898 895 889 885 879 878 873 867 854 846 837 829 823 823 825 816 818 822
-9999 -9999 -9999 -9999 -9999 -9999 -9999 -9999 -9999 -9999 -9999 -9999 105 126 142 180 237 325 416 485 514 525 532 530 541 579 626 683 769 872 970 1052 1140 1232 1248 679 340 302 272 240 212 246 442 679 831 894 873 889 955 1044 1097 877 881 861 853 849 853 861 866 870 882 887 893 899 903 906 899 897 891 890 887 876 869 866 857 852 842 832 825 819 817 823 825 820 822
-9999 -9999 -9999 -9999 -9999 -9999 -9999 -9999 -9999 -9999 -9999 -9999 -9999 121 141 181 244 327 382 412 431 456 471 472 456 478 558 638 753 883 994 1064 1131 1191 965 608 439 299 266 247 227 249 451 727 897 915 814 915 999 1185 1017 841 848 831 826 826 827 831 839 847 858 867 875 879 886 893 898 899 890 887 878 872 861 854 850 841 837 830 821 816 812 815 824 819 822
-9999 -9999 -9999 -9999 -9999 -9999 -9999 -9999 -9999 -9999 -9999 -9999 -9999 -9999 149 185 241 310 338 354 380 403 426 439 445 473 543 651 765 895 1024 1080 1124 967 542 416 313 270 261 257 249 314 488 720 957 846 746 985 936 1126 1018 820 812 806 806 807 807 809 819 825 837 849 861 866 870 881 884 892 893 885 874 867 856 843 836 834 827 819 814 807 806 808 819 816 822
-9999 -9999 -9999 -9999 -9999 -9999 -9999 -9999 -9999 -9999 -9999 -9999 -9999 -9999 -9999 -9999 -9999 269 308 325 352 376 400 425 449 483 545 627 736 882 1007 1071 1088 774 514 373 279 285 275 276 320 404 386 687 903 770 740 1055 921 932 902 804 797 792 792 791 791 793 799 807 816 828 837 846 852 873 878 886 887 887 869 857 846 835 824 817 814 809 803 801 803 798 806 807 815
-9999 -9999 -9999 -9999 -9999 -9999 -9999 -9999 -9999 -9999 -9999 -9999 -9999 -9999 -9999 -9999 -9999 -9999 282 306 332 358 383 -9999 455 494 540 610 693 816 956 1004 802 545 392 339 277 256 276 299 399 630 664 855 925 772 800 1060 957 810 804 792 785 782 780 777 779 779 782 790 798 806 813 821 833 850 856 871 881 874 861 843 836 818 809 800 797 792 791 794 797 790 797 798 811
-9999 -9999 -9999 -9999 -9999 -9999 -9999 -9999 -9999 -9999 -9999 -9999 -9999 -9999 -9999 -9999 -9999 -9999 -9999 294 318 -9999 -9999 -9999 455 509 546 580 637 758 809 661 476 374 326 313 308 290 298 302 466 609 783 836 862 781 900 1135 891 839 782 780 775 772 768 768 767 767 767 774 781 789 795 800 807 821 830 839 847 847 833 821 812 803 792 782 775 774 777 779 781 785 785 795 809
-9999 -9999 -9999 -9999 -9999 -9999 -9999 -9999 -9999 -9999 -9999 -9999 -9999 -9999 -9999 -9999 -9999 -9999 -9999 -9999 308 -9999 370 412 -9999 -9999 -9999 567 645 720 485 462 378 334 326 324 293 273 269 314 417 434 725 792 790 807 983 1064 858 844 775 770 767 762 760 757 756 756 754 757 763 769 774 779 782 792 799 806 810 813 804 792 783 781 769 764 760 753 756 762 765 773 781 792 805
-9999 -9999 -9999 -9999 -9999 -9999 -9999 -9999 -9999 -9999 -9999 -9999 -9999 -9999 -9999 -9999 -9999 -9999 -9999 -9999 -9999 321 357 400 452 -9999 512 562 651 533 441 406 355 343 335 322 295 284 278 304 365 491 786 860 797 889 1127 927 815 835 767 761 758 754 751 749 747 744 743 741 744 749 753 759 763 763 766 772 776 775 773 768 759 757 755 751 745 741 743 750 759 767 776 787 800
