bio_clim/bio_10.asc
ncols         156
nrows         252
xllcorner     -82
yllcorner     -8
cellsize      0.083333337679505
NODATA_value  -9999
[rows 156 to 194 of 252, columns 0 to 88 of 156]
-9999 -9999 -9999 -9999 -9999 -9999 -9999 -9999 -9999 -9999 -9999 -9999 -9999 -9999 -9999 -9999 -9999 -9999 -9999 -9999 -9999 -9999 254 252 252 250 250 254 257 257 256 255 251 246 240 232 221 195 190 166 147 128 144 166 154 109 102 66 67 103 165 148 173 201 215 233 240 245 246 248 250 250 252 253 253 254 254 255 256 257 257 257 258 258 258 260 261 262 262 263 264 265 266 266 267 267 268 267 266
-9999 -9999 -9999 -9999 -9999 -9999 -9999 -9999 -9999 -9999 -9999 -9999 -9999 -9999 -9999 -9999 -9999 -9999 -9999 -9999 -9999 254 246 250 248 250 253 254 257 257 256 254 251 247 240 233 226 190 174 158 108 90 146 164 143 73 68 65 64 89 168 165 182 192 210 229 237 244 247 248 250 251 251 252 253 254 254 255 257 256 258 258 258 259 259 259 261 262 263 264 265 265 266 267 269 270 270 268 267
-9999 -9999 -9999 -9999 -9999 -9999 -9999 -9999 -9999 -9999 -9999 -9999 -9999 -9999 -9999 -9999 -9999 -9999 -9999 -9999 257 250 245 244 249 251 252 253 256 256 255 253 249 244 236 226 218 194 163 150 102 98 151 161 115 52 63 83 97 114 164 191 183 191 203 221 242 246 249 249 250 251 251 252 253 254 254 255 256 256 257 258 258 258 259 260 260 262 263 264 264 265 266 268 270 271 271 269 267
-9999 -9999 -9999 -9999 -9999 -9999 -9999 -9999 -9999 -9999 -9999 -9999 -9999 -9999 -9999 -9999 -9999 -9999 -9999 253 249 246 247 248 250 253 252 253 256 256 255 252 249 243 233 218 203 182 161 138 101 127 152 148 95 51 60 65 99 150 180 181 173 188 199 232 245 249 250 250 250 251 251 252 253 254 254 255 255 256 257 258 258 259 260 260 260 262 264 264 264 265 267 268 269 270 270 270 269
-9999 -9999 -9999 -9999 -9999 -9999 -9999 -9999 -9999 -9999 -9999 -9999 -9999 -9999 -9999 -9999 -9999 -9999 256 250 246 245 250 250 250 252 250 251 255 256 255 253 249 239 218 193 189 184 167 135 85 126 144 130 61 59 83 96 87 152 180 154 158 178 208 237 246 249 251 251 251 251 252 252 253 253 254 255 256 256 256 257 258 260 261 261 261 262 264 264 265 265 266 268 268 269 269 269 269
-9999 -9999 -9999 -9999 -9999 -9999 -9999 -9999 -9999 -9999 -9999 -9999 -9999 -9999 -9999 -9999 -9999 -9999 258 251 246 242 247 251 249 247 250 255 257 256 255 253 250 230 187 157 172 168 157 138 112 124 90 92 58 42 44 114 140 170 162 138 177 189 212 239 246 249 250 251 251 251 252 253 253 253 254 255 256 257 257 258 258 260 260 261 262 263 263 265 266 265 266 267 268 269 269 268 268
-9999 -9999 -9999 -9999 -9999 -9999 -9999 -9999 -9999 -9999 -9999 -9999 -9999 -9999 -9999 -9999 -9999 -9999 -9999 254 255 251 252 252 243 248 251 255 256 256 255 254 245 228 209 162 151 142 142 96 86 99 78 48 51 51 55 72 107 166 142 165 152 192 214 233 245 248 250 251 250 251 251 252 252 253 254 255 255 256 257 258 259 260 260 261 262 263 263 265 266 266 265 267 267 268 268 268 268
-9999 -9999 -9999 -9999 -9999 -9999 -9999 -9999 -9999 -9999 -9999 -9999 -9999 -9999 -9999 -9999 -9999 -9999 260 258 257 256 259 259 251 250 253 255 257 257 256 255 243 242 208 150 136 128 106 60 90 75 55 54 50 57 60 74 120 167 177 191 187 197 221 235 243 248 250 250 250 251 251 251 252 253 255 255 256 256 257 258 259 260 261 261 262 263 263 263 265 265 265 266 267 267 268 268 268
-9999 -9999 -9999 -9999 -9999 -9999 -9999 -9999 -9999 -9999 -9999 -9999 -9999 -9999 -9999 -9999 -9999 -9999 256 255 262 264 265 259 255 250 256 258 258 258 256 254 249 242 220 183 117 120 98 75 104 98 36 51 70 74 96 116 143 177 202 205 206 213 234 243 245 249 250 250 251 251 251 251 250 252 254 255 255 255 257 258 259 259 261 261 262 263 263 262 264 264 264 264 266 267 267 268 268
-9999 -9999 -9999 -9999 -9999 -9999 -9999 -9999 -9999 -9999 -9999 -9999 -9999 -9999 -9999 -9999 -9999 -9999 257 251 262 265 264 258 247 253 257 259 259 258 257 256 251 242 217 153 115 106 73 105 123 109 74 54 65 63 110 167 171 193 215 217 217 217 239 245 247 249 248 250 250 251 251 251 253 253 254 254 254 255 257 258 258 259 260 261 262 263 262 263 264 263 263 264 265 266 267 267 268
-9999 -9999 -9999 -9999 -9999 -9999 -9999 -9999 -9999 -9999 -9999 -9999 -9999 -9999 -9999 -9999 -9999 263 263 259 259 262 260 257 253 254 260 260 259 258 258 257 253 244 218 158 92 86 68 103 131 107 60 64 70 91 128 181 182 207 227 224 218 215 243 246 247 248 248 249 250 250 251 252 252 253 253 253 255 257 257 258 258 259 260 260 261 262 262 262 263 263 263 264 264 265 265 266 266
-9999 -9999 -9999 -9999 -9999 -9999 -9999 -9999 -9999 -9999 -9999 -9999 -9999 -9999 258 261 262 259 263 256 249 251 247 255 253 257 261 261 260 259 259 258 254 244 206 148 87 74 63 116 135 104 59 64 89 109 132 190 189 225 234 225 226 237 245 246 246 247 248 249 249 250 251 253 252 253 251 252 254 257 257 258 259 260 260 260 260 261 261 262 262 263 264 263 264 264 264 265 265
-9999 -9999 -9999 -9999 -9999 -9999 -9999 -9999 -9999 -9999 -9999 -9999 -9999 250 248 252 253 252 261 258 256 250 241 241 254 261 263 263 261 260 260 258 249 217 186 142 83 45 58 112 136 128 90 65 76 139 172 192 210 232 236 238 242 244 243 244 246 248 250 251 252 252 252 253 254 254 252 252 253 255 256 257 257 259 260 260 260 261 260 260 262 263 263 264 264 265 264 265 266
-9999 -9999 -9999 -9999 -9999 -9999 -9999 -9999 -9999 -9999 -9999 -9999 -9999 252 251 254 251 251 255 256 249 249 248 249 260 263 264 264 262 261 261 259 254 231 199 154 117 69 51 73 123 135 82 66 88 107 173 183 218 233 236 240 242 242 243 246 248 248 249 251 252 253 253 254 254 255 253 252 253 255 255 257 258 259 259 259 260 260 259 260 261 262 261 263 265 265 264 263 265
-9999 -9999 -9999 -9999 -9999 -9999 -9999 -9999 -9999 -9999 -9999 -9999 -9999 -9999 259 255 246 246 253 258 253 255 257 260 262 263 264 264 263 263 261 259 252 236 180 156 112 53 63 94 136 148 88 67 83 118 163 190 218 229 228 236 238 239 241 245 247 249 251 249 250 252 253 254 255 255 255 255 255 257 257 258 257 258 260 260 260 260 259 259 262 262 262 262 265 265 265 264 264
-9999 -9999 -9999 -9999 -9999 -9999 -9999 -9999 -9999 -9999 -9999 -9999 -9999 -9999 -9999 253 239 244 247 249 252 253 258 261 263 264 264 264 264 263 262 261 240 213 174 121 93 64 87 119 141 154 122 115 104 169 161 199 219 221 222 230 238 245 245 245 247 249 251 252 251 252 252 254 254 255 256 257 257 258 258 259 258 259 258 259 260 260 260 259 261 262 263 262 263 265 265 264 264
-9999 -9999 -9999 -9999 -9999 -9999 -9999 -9999 -9999 -9999 -9999 -9999 -9999 -9999 -9999 252 246 237 239 246 255 257 259 261 262 264 264 264 264 264 263 254 231 208 159 93 49 58 50 77 128 137 159 157 165 187 179 206 213 216 216 221 235 236 241 245 247 249 251 252 253 252 253 254 254 254 254 255 256 256 257 258 259 259 259 258 259 261 260 260 261 262 262 263 263 264 265 265 264
-9999 -9999 -9999 -9999 -9999 -9999 -9999 -9999 -9999 -9999 -9999 -9999 -9999 -9999 -9999 244 245 240 243 251 255 256 259 261 262 263 263 263 264 264 264 256 237 215 168 107 68 37 20 78 91 122 113 119 152 189 201 207 215 219 221 233 234 240 244 246 247 249 250 251 252 253 254 255 255 255 255 256 256 257 257 258 259 258 260 260 259 260 261 261 261 262 262 263 264 264 264 265 265
-9999 -9999 -9999 -9999 -9999 -9999 -9999 -9999 -9999 -9999 -9999 -9999 -9999 -9999 256 244 241 239 249 252 253 257 259 260 261 262 262 263 264 265 265 258 227 198 169 121 108 56 75 102 86 134 110 109 153 185 203 215 217 222 233 237 234 238 242 245 246 246 248 250 252 252 253 254 255 257 257 257 257 258 258 258 259 259 260 259 260 261 262 262 262 262 262 263 263 264 265 265 265
-9999 -9999 -9999 -9999 -9999 -9999 -9999 -9999 -9999 -9999 -9999 -9999 -9999 -9999 254 242 239 241 252 252 253 257 259 260 260 262 263 264 264 265 265 258 243 210 160 129 119 68 93 128 145 136 69 82 122 185 208 218 222 217 231 239 242 239 240 244 247 248 249 251 253 254 255 255 255 256 256 257 258 258 258 259 259 260 260 260 260 261 261 261 262 262 263 263 263 264 264 265 265
-9999 -9999 -9999 -9999 -9999 -9999 -9999 -9999 -9999 -9999 -9999 -9999 -9999 -9999 257 249 241 237 244 249 252 256 259 260 261 262 263 264 265 266 266 263 254 200 152 137 109 53 93 113 145 88 55 84 123 170 205 217 220 221 230 236 243 243 244 246 247 249 250 249 251 252 254 256 257 257 257 257 258 258 258 258 258 259 259 259 259 257 259 260 260 260 263 263 263 264 264 265 265
-9999 -9999 -9999 -9999 -9999 -9999 -9999 -9999 -9999 -9999 -9999 -9999 -9999 -9999 -9999 256 239 229 243 254 258 260 260 261 261 262 264 265 265 266 266 265 260 211 158 135 108 69 77 100 128 88 63 113 163 184 201 213 219 224 228 239 241 242 245 247 248 248 249 252 252 254 255 256 256 257 258 258 258 258 259 258 258 259 259 259 259 260 258 260 260 260 262 263 262 264 264 265 264
-9999 -9999 -9999 -9999 -9999 -9999 -9999 -9999 -9999 -9999 -9999 -9999 -9999 -9999 -9999 259 253 236 240 252 258 260 261 262 262 263 264 265 265 266 266 265 261 203 164 144 130 79 78 106 115 90 72 82 136 185 201 212 220 226 229 237 242 243 245 247 249 250 250 251 253 254 256 257 257 257 258 259 259 259 259 259 258 259 259 260 260 260 260 261 261 261 261 263 263 262 263 263 264
-9999 -9999 -9999 -9999 -9999 -9999 -9999 -9999 -9999 -9999 -9999 -9999 -9999 -9999 -9999 261 259 253 244 246 256 259 260 263 263 264 265 265 265 265 264 264 263 229 177 154 150 90 67 102 91 70 78 100 140 184 198 212 219 224 228 237 240 244 246 247 249 251 252 252 252 253 254 256 257 258 259 259 259 260 260 259 259 259 260 260 260 260 261 261 261 261 260 263 264 263 262 262 263
-9999 -9999 -9999 -9999 -9999 -9999 -9999 -9999 -9999 -9999 -9999 -9999 -9999 -9999 -9999 263 263 259 256 251 250 254 257 263 264 265 266 266 265 265 264 263 262 237 159 171 168 100 89 88 81 61 76 84 145 182 198 214 219 218 224 237 241 244 246 248 250 251 252 253 254 253 254 257 257 258 260 260 260 259 260 260 259 259 260 260 261 261 260 260 260 262 262 262 263 264 264 263 263
-9999 -9999 -9999 -9999 -9999 -9999 -9999 -9999 -9999 -9999 -9999 -9999 -9999 -9999 -9999 261 259 258 255 253 252 254 255 258 264 267 267 266 265 264 263 262 261 255 205 205 158 109 107 81 70 78 87 122 155 192 204 212 216 219 223 238 241 244 249 251 252 253 253 253 254 255 255 256 257 258 259 259 259 260 260 261 260 260 260 260 261 261 261 261 260 260 262 263 263 264 264 264 264
-9999 -9999 -9999 -9999 -9999 -9999 -9999 -9999 -9999 -9999 -9999 -9999 263 263 263 260 258 260 259 258 257 260 263 265 266 268 268 267 266 264 264 262 260 256 243 189 131 137 110 72 68 71 102 138 172 195 212 217 216 213 212 240 241 246 250 252 254 254 255 256 255 255 256 256 256 256 258 259 260 260 260 261 261 260 260 260 261 261 261 262 261 260 260 262 263 263 263 263 264
-9999 -9999 -9999 -9999 -9999 -9999 -9999 -9999 -9999 -9999 -9999 -9999 -9999 263 261 261 261 261 260 259 261 262 264 266 267 268 268 267 266 265 264 263 261 253 223 189 167 125 88 70 59 69 104 140 167 192 220 214 212 197 220 244 242 247 253 254 255 256 256 257 256 256 256 257 257 257 257 258 259 260 260 261 261 261 261 261 260 260 261 261 262 261 260 262 262 262 263 263 263
-9999 -9999 -9999 -9999 -9999 -9999 -9999 -9999 -9999 -9999 -9999 -9999 -9999 -9999 262 263 262 259 260 259 262 264 265 266 267 268 268 265 265 265 264 263 256 229 183 152 123 74 52 69 71 83 108 135 173 209 229 207 218 205 220 250 249 248 255 256 257 257 257 258 257 257 256 257 258 257 258 258 259 260 260 260 261 261 261 261 261 261 261 262 262 262 260 261 261 261 262 263 263
-9999 -9999 -9999 -9999 -9999 -9999 -9999 -9999 -9999 -9999 -9999 -9999 -9999 -9999 -9999 -9999 -9999 262 257 260 262 264 266 267 267 267 267 267 267 264 264 262 251 216 183 136 98 65 66 84 102 110 88 128 187 222 232 203 221 224 230 254 254 255 258 258 258 258 258 258 258 258 258 258 258 257 257 258 259 260 260 260 260 261 262 262 261 261 261 262 261 262 261 262 262 261 262 263 263
-9999 -9999 -9999 -9999 -9999 -9999 -9999 -9999 -9999 -9999 -9999 -9999 -9999 -9999 -9999 -9999 -9999 -9999 260 262 263 265 266 -9999 267 267 267 268 268 266 264 254 224 185 138 118 111 102 98 114 126 149 148 160 196 227 228 205 219 238 244 257 256 258 259 259 259 259 259 259 259 259 259 259 259 258 258 258 258 260 259 260 259 261 261 262 262 262 261 261 260 262 261 262 261 261 262 262 263
-9999 -9999 -9999 -9999 -9999 -9999 -9999 -9999 -9999 -9999 -9999 -9999 -9999 -9999 -9999 -9999 -9999 -9999 -9999 263 263 -9999 -9999 -9999 267 267 268 268 269 264 241 214 172 107 70 63 86 98 100 115 147 152 186 206 215 238 220 200 227 235 253 258 257 258 260 260 260 260 259 259 259 259 259 260 260 259 259 259 259 259 260 260 260 260 261 262 262 262 261 260 260 260 262 263 261 261 261 262 262
-9999 -9999 -9999 -9999 -9999 -9999 -9999 -9999 -9999 -9999 -9999 -9999 -9999 -9999 -9999 -9999 -9999 -9999 -9999 -9999 264 -9999 265 266 -9999 -9999 -9999 268 262 240 170 172 90 57 60 79 107 135 127 121 143 116 159 231 238 237 213 208 233 237 256 259 257 260 261 261 261 261 260 260 260 260 260 261 261 260 260 259 260 259 260 261 261 260 261 262 262 262 262 261 261 260 262 262 261 261 261 261 262
-9999 -9999 -9999 -9999 -9999 -9999 -9999 -9999 -9999 -9999 -9999 -9999 -9999 -9999 -9999 -9999 -9999 -9999 -9999 -9999 -9999 264 265 265 265 -9999 266 265 246 208 143 105 60 61 72 93 136 152 146 143 133 138 185 216 241 223 194 224 242 240 257 261 261 262 262 261 262 261 261 261 261 261 261 260 260 261 261 260 260 260 260 260 261 260 259 260 261 262 263 262 261 262 262 262 262 261 261 260 261
-9999 -9999 -9999 -9999 -9999 -9999 -9999 -9999 -9999 -9999 -9999 -9999 -9999 -9999 -9999 -9999 -9999 -9999 -9999 -9999 -9999 265 266 266 -9999 -9999 266 264 260 234 185 101 58 68 89 137 155 149 154 122 115 133 183 228 225 224 210 236 251 257 253 263 262 263 262 262 262 262 262 262 262 261 262 261 260 261 261 261 259 260 261 260 259 261 260 259 261 262 262 263 262 262 262 262 262 262 262 261 262
-9999 -9999 -9999 -9999 -9999 -9999 -9999 -9999 -9999 -9999 -9999 -9999 -9999 -9999 -9999 -9999 -9999 -9999 -9999 -9999 -9999 264 266 -9999 -9999 -9999 264 263 253 211 153 115 71 82 107 139 142 126 153 111 109 156 203 217 222 235 219 240 245 258 255 263 263 263 263 263 263 263 263 263 263 262 262 262 261 261 262 261 260 261 261 261 261 261 262 261 259 261 261 263 262 262 263 262 262 262 262 261 261
-9999 -9999 -9999 -9999 -9999 -9999 -9999 -9999 -9999 -9999 -9999 -9999 -9999 -9999 -9999 -9999 -9999 -9999 -9999 -9999 -9999 -9999 -9999 -9999 -9999 -9999 265 248 214 197 133 66 71 77 111 137 128 133 143 100 130 182 225 229 232 240 242 255 257 261 257 262 263 264 264 263 263 263 263 263 263 263 263 263 262 262 262 262 261 261 261 261 262 261 262 262 260 260 260 262 263 262 263 262 263 262 262 261 261
-9999 -9999 -9999 -9999 -9999 -9999 -9999 -9999 -9999 -9999 -9999 -9999 -9999 -9999 -9999 -9999 -9999 -9999 -9999 -9999 -9999 -9999 -9999 -9999 -9999 267 265 244 181 110 100 93 94 117 133 114 127 130 124 105 140 207 221 223 215 232 227 247 243 262 257 262 264 264 264 264 264 264 264 264 264 264 263 264 263 263 262 262 263 262 262 262 261 261 262 263 261 261 261 261 263 263 263 263 263 263 263 263 262
-9999 -9999 -9999 -9999 -9999 -9999 -9999 -9999 -9999 -9999 -9999 -9999 -9999 -9999 -9999 -9999 -9999 -9999 -9999 -9999 -9999 -9999 -9999 -9999 269 267 265 220 175 145 120 136 157 177 133 106 122 113 133 168 167 207 227 202 210 231 207 224 249 262 259 262 265 265 265 265 264 264 264 264 265 264 264 264 263 263 263 263 262 263 263 263 262 262 262 261 262 261 261 261 262 263 263 263 262 262 262 263 263
