bio_clim/bio_14.asc
ncols         156
nrows         252
xllcorner     -82
yllcorner     -8
cellsize      0.083333337679505
NODATA_value  -9999
[rows 210 to 251 of 252, columns 0 to 93 of 156]
-9999 -9999 -9999 -9999 -9999 -9999 -9999 -9999 -9999 0 0 0 0 0 0 0 0 0 0 0 0 0 0 1 2 4 5 7 6 8 9 26 37 43 46 57 72 89 106 128 141 159 172 176 192 188 192 189 182 180 177 180 187 171 165 162 159 156 153 150 147 144 141 138 134 131 128 125 122 119 116 114 112 110 109 108 107 106 106 106 106 106 107 107 108 108 109 109 108 108 107 108 117 127
-9999 -9999 -9999 -9999 -9999 -9999 -9999 -9999 0 0 0 0 0 0 0 0 0 0 0 0 0 0 1 1 2 4 5 11 5 14 15 33 39 34 49 55 67 82 92 113 141 156 173 173 186 189 192 186 182 180 179 184 178 170 165 160 157 154 152 149 146 143 141 138 134 131 127 124 121 118 116 113 112 110 108 107 106 106 105 105 105 105 106 106 106 106 106 106 106 104 103 103 110 119
-9999 -9999 -9999 -9999 -9999 -9999 -9999 -9999 0 0 0 0 0 0 0 0 0 0 0 0 0 0 0 2 3 4 5 5 9 20 32 38 41 39 42 53 67 78 92 110 131 156 162 174 187 190 190 185 185 180 185 182 172 166 163 158 155 153 150 147 145 142 140 138 134 130 127 124 120 118 115 113 111 109 108 107 106 105 105 104 104 105 105 105 105 105 105 105 104 104 103 105 110 117
-9999 -9999 -9999 -9999 -9999 -9999 -9999 -9999 -9999 0 0 0 0 0 0 0 0 0 0 0 0 0 1 2 4 9 5 5 7 15 33 38 35 30 34 47 65 76 86 100 122 150 150 173 187 190 190 185 181 179 174 180 171 163 160 156 153 150 148 145 143 141 138 136 134 130 126 123 120 117 114 112 110 108 107 106 105 104 104 104 104 104 104 104 104 104 105 105 105 105 106 108 112 118
-9999 -9999 -9999 -9999 -9999 -9999 -9999 -9999 -9999 -9999 0 0 0 0 0 0 0 0 0 0 0 0 1 2 5 13 12 5 5 11 27 38 37 30 28 39 57 72 78 95 113 143 141 171 184 186 186 181 178 176 169 175 171 162 156 154 150 148 145 143 141 138 136 133 131 128 124 121 118 115 113 111 109 107 106 105 104 104 103 103 103 103 104 104 104 104 105 105 105 106 108 111 115 120
-9999 -9999 -9999 -9999 -9999 -9999 -9999 -9999 -9999 -9999 -9999 0 0 0 0 0 0 0 0 0 0 0 0 2 2 10 16 8 10 17 35 34 26 25 30 41 53 71 73 87 101 129 136 168 171 172 178 177 174 171 164 165 165 161 154 150 147 144 142 140 138 136 133 131 129 126 123 119 117 114 112 110 108 106 105 104 103 103 103 103 103 103 103 104 104 105 105 106 107 108 110 114 117 122
-9999 -9999 -9999 -9999 -9999 -9999 -9999 -9999 -9999 -9999 -9999 0 0 0 0 0 0 0 0 0 0 0 0 1 2 3 8 18 23 30 37 37 40 43 27 37 47 63 68 83 88 104 143 166 172 143 152 169 166 145 140 150 154 155 151 145 143 141 138 136 134 132 131 129 126 123 120 118 115 113 110 108 107 105 104 103 103 102 102 102 103 103 103 104 104 105 106 107 108 110 113 116 120 124
-9999 -9999 -9999 -9999 -9999 -9999 -9999 -9999 -9999 -9999 0 0 0 0 0 0 0 0 0 0 0 0 0 0 1 2 4 11 20 33 36 41 46 41 28 34 48 58 63 80 81 92 117 152 162 156 143 156 159 150 136 138 145 145 144 143 138 136 135 132 131 129 127 126 123 121 118 116 113 111 109 107 105 104 103 102 102 102 102 102 102 103 103 104 105 106 107 108 110 112 114 118 121 123
-9999 -9999 -9999 -9999 -9999 -9999 -9999 -9999 -9999 0 0 0 0 0 0 0 0 0 0 0 0 0 0 0 0 1 2 3 8 33 30 42 47 51 49 46 41 52 59 73 76 84 120 146 154 143 140 133 130 141 134 127 137 135 135 134 135 133 130 128 127 126 124 123 121 119 117 114 112 109 107 105 104 103 102 101 101 101 102 102 102 103 104 104 105 106 107 109 111 113 115 116 118 120
-9999 -9999 -9999 -9999 -9999 -9999 -9999 -9999 -9999 -9999 -9999 0 0 0 0 0 0 0 0 0 0 0 0 0 0 1 1 2 7 33 28 41 45 38 36 59 52 45 60 60 75 76 110 115 120 113 104 113 102 113 112 114 125 119 123 127 126 126 127 125 123 122 120 119 118 116 114 112 110 108 106 104 103 101 101 101 101 101 101 102 102 103 104 105 106 107 108 110 110 111 112 113 115 117
-9999 -9999 -9999 -9999 -9999 -9999 -9999 -9999 -9999 -9999 -9999 -9999 0 0 0 0 0 0 0 0 0 0 0 0 0 0 1 2 4 28 28 36 48 45 29 38 51 39 57 62 62 66 91 79 83 82 88 89 89 93 97 99 107 107 110 117 120 119 119 119 119 118 117 116 115 113 112 110 108 106 104 103 101 100 100 100 101 101 102 102 103 103 104 105 106 106 106 106 107 108 109 111 112 114
-9999 -9999 -9999 -9999 -9999 -9999 -9999 -9999 -9999 -9999 -9999 -9999 -9999 0 0 0 0 0 0 0 0 0 0 0 0 0 1 2 3 15 30 30 50 50 34 27 30 34 42 57 59 61 72 66 73 73 75 81 79 82 85 88 93 95 98 103 110 112 112 113 113 114 114 113 112 111 110 109 107 105 103 101 100 99 99 100 101 101 102 102 103 104 105 105 104 104 103 103 104 105 106 108 110 112
-9999 -9999 -9999 -9999 -9999 -9999 -9999 -9999 -9999 -9999 -9999 -9999 -9999 0 0 0 0 0 0 0 0 0 0 0 0 0 1 1 2 10 36 27 48 51 46 41 38 31 35 38 56 67 54 64 68 66 68 70 71 73 76 80 86 86 90 95 99 101 103 105 106 107 109 109 108 108 107 106 105 104 102 100 99 98 99 100 102 102 103 103 104 104 104 103 102 101 100 100 100 101 103 105 108 110
-9999 -9999 -9999 -9999 -9999 -9999 -9999 -9999 -9999 -9999 -9999 -9999 -9999 -9999 0 0 0 0 0 0 0 0 0 0 0 0 1 1 2 17 24 17 39 48 35 48 47 36 27 37 49 56 51 51 62 65 66 63 63 65 68 71 77 80 83 87 90 92 96 98 99 100 104 106 105 105 105 104 103 103 101 100 99 99 100 101 101 103 103 104 104 103 102 100 99 98 97 97 97 98 100 103 106 109
-9999 -9999 -9999 -9999 -9999 -9999 -9999 -9999 -9999 -9999 -9999 -9999 -9999 -9999 0 0 0 0 0 0 0 0 0 0 0 0 1 1 6 17 21 15 34 46 34 28 47 36 23 31 39 44 50 43 44 54 61 57 57 58 62 64 69 78 84 86 87 90 91 92 92 95 97 102 103 103 102 102 102 101 101 99 99 99 99 100 101 102 103 104 103 101 99 98 96 95 94 94 94 95 98 102 105 108
-9999 -9999 -9999 -9999 -9999 -9999 -9999 -9999 -9999 -9999 -9999 -9999 -9999 0 0 0 0 0 0 0 0 0 0 0 0 0 0 1 2 11 7 8 26 36 36 21 42 42 20 24 26 30 34 40 44 40 52 55 52 52 58 57 62 65 75 82 85 86 86 85 85 87 93 95 100 100 101 100 100 99 99 99 99 100 100 100 101 103 103 103 100 99 97 95 94 93 92 92 92 93 96 100 105 107
-9999 -9999 -9999 -9999 -9999 -9999 -9999 -9999 -9999 -9999 0 0 0 0 0 0 0 0 0 0 0 0 0 0 0 0 0 0 1 2 18 9 15 19 32 21 21 23 17 19 28 39 39 34 28 30 38 46 44 47 49 61 55 57 64 73 80 82 82 78 77 81 89 90 96 99 99 98 98 97 96 98 99 99 100 101 102 103 102 100 98 96 95 93 92 91 90 90 90 92 94 98 102 104
-9999 -9999 -9999 -9999 -9999 -9999 -9999 -9999 -9999 -9999 0 0 0 0 0 0 0 0 0 0 0 0 0 0 0 0 0 0 0 1 15 14 12 10 24 30 30 19 25 16 19 36 39 42 37 31 35 39 38 51 53 56 61 61 56 63 74 79 78 73 73 75 85 85 89 96 97 97 97 96 96 97 100 100 100 101 102 102 100 98 97 95 93 92 90 89 89 89 90 91 93 96 99 101
-9999 -9999 -9999 -9999 -9999 -9999 -9999 -9999 -9999 -9999 -9999 0 0 0 0 0 0 0 0 0 0 0 0 0 0 0 0 0 0 0 8 19 23 18 9 12 18 16 26 26 17 21 29 32 45 33 33 44 35 42 45 52 65 67 64 56 65 75 76 68 66 71 78 83 86 93 96 97 99 99 100 100 101 99 100 101 100 99 98 97 95 93 92 90 89 88 88 88 89 90 92 94 96 98
-9999 -9999 -9999 -9999 -9999 -9999 -9999 -9999 -9999 -9999 -9999 -9999 0 0 0 0 0 0 0 0 0 0 0 0 0 0 0 0 0 1 13 29 30 23 15 18 30 21 29 36 19 22 18 27 37 33 35 43 34 32 34 51 59 64 64 52 57 66 71 67 67 69 73 78 83 91 96 97 101 103 104 103 102 100 98 98 98 98 97 95 93 91 90 89 88 87 87 87 88 89 91 93 94 96
-9999 -9999 -9999 -9999 -9999 -9999 -9999 -9999 -9999 -9999 -9999 -9999 -9999 0 0 0 0 0 0 0 0 0 0 0 0 0 0 0 0 0 10 23 27 27 24 14 29 26 35 36 32 21 24 18 26 31 39 38 28 28 30 35 42 49 55 48 52 57 64 62 65 67 72 78 82 91 94 98 105 108 107 104 103 100 95 95 97 97 95 93 91 90 89 88 87 87 87 87 87 88 90 91 93 94
-9999 -9999 -9999 -9999 -9999 -9999 -9999 -9999 -9999 -9999 -9999 -9999 -9999 -9999 0 0 0 0 0 0 0 0 0 0 0 0 0 0 0 0 3 9 17 27 22 24 23 32 34 32 31 25 26 21 21 24 27 40 27 36 46 36 44 39 43 49 49 53 56 59 63 66 68 75 81 85 90 99 108 110 107 104 103 103 97 96 96 96 94 92 90 89 88 87 86 86 86 86 87 88 89 90 91 92
-9999 -9999 -9999 -9999 -9999 -9999 -9999 -9999 -9999 -9999 -9999 -9999 -9999 -9999 -9999 -9999 0 0 0 0 0 0 0 0 0 0 0 0 0 0 0 1 14 26 22 24 23 28 30 30 29 32 26 24 18 23 25 42 35 31 46 38 32 35 38 43 50 50 53 57 61 64 67 71 78 84 89 94 100 104 107 103 103 102 98 96 95 95 92 90 89 87 87 86 85 85 85 85 86 87 88 89 90 91
-9999 -9999 -9999 -9999 -9999 -9999 -9999 -9999 -9999 -9999 -9999 -9999 -9999 -9999 -9999 -9999 -9999 -9999 -9999 0 0 0 0 0 0 0 0 0 0 0 0 2 7 9 13 24 25 25 30 31 28 33 26 32 22 18 21 39 42 30 45 40 29 32 35 40 44 47 50 55 58 63 68 73 75 75 72 78 95 100 104 106 104 101 99 96 94 94 92 89 87 86 85 85 84 84 84 85 86 86 87 88 89 90
-9999 -9999 -9999 -9999 -9999 -9999 -9999 -9999 -9999 -9999 -9999 -9999 -9999 -9999 -9999 -9999 -9999 -9999 -9999 -9999 0 0 0 0 0 0 0 0 0 0 0 0 0 1 12 21 17 23 28 27 29 36 25 34 33 26 17 33 42 36 39 49 31 31 34 38 41 45 48 52 58 61 70 71 75 78 64 59 74 96 95 96 99 101 98 94 92 92 90 88 86 85 84 83 83 83 83 84 85 85 86 87 88 89
-9999 -9999 -9999 -9999 -9999 -9999 -9999 -9999 -9999 -9999 -9999 -9999 -9999 -9999 -9999 -9999 -9999 -9999 -9999 -9999 -9999 -9999 0 0 0 0 0 0 0 0 0 0 0 2 6 10 15 23 27 30 31 32 26 31 40 28 15 23 31 39 33 43 34 31 33 37 41 44 46 52 58 64 68 67 74 80 76 64 70 90 86 88 99 97 102 91 89 89 88 86 85 83 82 82 82 82 82 83 84 84 85 86 87 88
-9999 -9999 -9999 -9999 -9999 -9999 -9999 -9999 -9999 -9999 -9999 -9999 -9999 -9999 -9999 -9999 -9999 -9999 -9999 -9999 -9999 -9999 -9999 -9999 0 0 0 0 0 0 0 0 0 3 16 16 22 27 29 28 31 25 31 35 31 25 18 16 26 39 34 35 26 28 32 35 44 44 46 51 59 66 68 65 64 78 77 67 68 84 96 92 99 96 99 96 90 87 85 84 83 82 81 81 81 81 81 82 82 84 84 85 86 87
-9999 -9999 -9999 -9999 -9999 -9999 -9999 -9999 -9999 -9999 -9999 -9999 -9999 -9999 -9999 -9999 -9999 -9999 -9999 -9999 -9999 -9999 -9999 -9999 -9999 0 0 0 0 0 0 0 0 1 14 20 22 21 24 26 28 25 30 34 21 17 23 16 19 40 40 36 28 27 29 34 40 49 50 52 59 63 67 68 58 61 69 57 60 79 93 100 99 94 95 101 100 89 85 82 81 80 79 79 79 80 80 81 82 83 83 84 85 86
-9999 -9999 -9999 -9999 -9999 -9999 -9999 -9999 -9999 -9999 -9999 -9999 -9999 -9999 -9999 -9999 -9999 -9999 -9999 -9999 -9999 -9999 -9999 -9999 -9999 0 0 0 0 0 0 0 0 1 4 16 16 18 19 21 26 27 30 32 27 24 21 15 18 39 42 41 34 28 28 31 36 46 49 51 60 66 60 69 56 47 55 52 53 72 89 100 100 96 96 94 102 90 83 81 79 78 78 78 78 79 79 80 81 81 82 83 84 85
-9999 -9999 -9999 -9999 -9999 -9999 -9999 -9999 -9999 -9999 -9999 -9999 -9999 -9999 -9999 -9999 -9999 -9999 -9999 -9999 -9999 -9999 -9999 -9999 -9999 -9999 0 0 0 0 0 0 0 1 11 14 15 15 16 17 21 25 28 29 30 27 22 13 15 27 39 39 31 27 28 31 37 48 53 57 59 67 56 57 58 39 45 47 52 62 88 98 94 90 93 95 98 87 81 81 77 76 76 77 77 78 78 79 80 80 81 82 82 83
-9999 -9999 -9999 -9999 -9999 -9999 -9999 -9999 -9999 -9999 -9999 -9999 -9999 -9999 -9999 -9999 -9999 -9999 -9999 -9999 -9999 -9999 -9999 -9999 -9999 -9999 -9999 0 0 0 0 0 0 0 4 11 13 11 14 16 18 21 23 24 29 31 27 21 13 21 35 37 37 37 34 30 35 49 56 60 63 67 64 44 48 39 44 54 58 66 78 96 80 80 83 91 92 80 78 76 75 74 75 77 77 77 78 79 80 80 80 81 82 82
-9999 -9999 -9999 -9999 -9999 -9999 -9999 -9999 -9999 -9999 -9999 -9999 -9999 -9999 -9999 -9999 -9999 -9999 -9999 -9999 -9999 -9999 -9999 -9999 -9999 -9999 -9999 -9999 0 0 0 0 0 0 0 1 6 4 9 11 18 13 13 18 21 28 30 24 14 19 31 34 36 36 32 29 38 48 58 63 66 69 68 54 52 48 51 57 63 81 91 92 81 78 78 81 83 77 76 75 72 72 74 76 78 77 77 78 80 80 79 80 81 81
-9999 -9999 -9999 -9999 -9999 -9999 -9999 -9999 -9999 -9999 -9999 -9999 -9999 -9999 -9999 -9999 -9999 -9999 -9999 -9999 -9999 -9999 -9999 -9999 -9999 -9999 -9999 -9999 0 0 0 0 0 0 1 1 1 1 2 4 11 14 9 11 14 23 27 29 18 14 21 32 34 34 31 28 37 47 55 65 68 70 73 62 63 61 60 67 72 86 92 89 92 79 79 79 78 78 76 74 69 70 73 74 77 79 76 77 79 80 79 79 79 80
-9999 -9999 -9999 -9999 -9999 -9999 -9999 -9999 -9999 -9999 -9999 -9999 -9999 -9999 -9999 -9999 -9999 -9999 -9999 -9999 -9999 -9999 -9999 -9999 -9999 -9999 -9999 -9999 -9999 0 0 0 0 0 0 1 5 4 4 4 3 4 12 14 10 11 16 25 19 13 16 27 31 31 25 27 34 43 54 67 73 74 78 76 74 75 70 76 88 90 89 87 94 83 81 80 79 78 76 75 72 72 73 74 75 76 76 76 77 77 78 78 78 79
-9999 -9999 -9999 -9999 -9999 -9999 -9999 -9999 -9999 -9999 -9999 -9999 -9999 -9999 -9999 -9999 -9999 -9999 -9999 -9999 -9999 -9999 -9999 -9999 -9999 -9999 -9999 -9999 -9999 0 0 0 0 0 1 3 5 4 6 10 8 9 18 21 16 8 11 14 10 12 15 18 29 28 22 25 30 36 47 57 65 82 85 86 84 84 82 85 88 93 92 89 94 88 83 82 82 80 79 77 75 74 74 74 74 74 75 75 74 75 76 77 77 77
-9999 -9999 -9999 -9999 -9999 -9999 -9999 -9999 -9999 -9999 -9999 -9999 -9999 -9999 -9999 -9999 -9999 -9999 -9999 -9999 -9999 -9999 -9999 -9999 -9999 -9999 -9999 -9999 -9999 0 0 0 0 0 0 2 1 1 2 6 5 4 7 13 17 7 5 8 17 14 14 18 26 27 26 24 26 30 47 58 62 81 82 94 93 92 91 91 87 95 95 92 95 94 91 87 85 83 81 79 77 76 75 75 74 74 74 73 73 73 73 74 74 75
-9999 -9999 -9999 -9999 -9999 -9999 -9999 -9999 -9999 -9999 -9999 -9999 -9999 -9999 -9999 -9999 -9999 -9999 -9999 -9999 -9999 -9999 -9999 -9999 -9999 -9999 -9999 -9999 -9999 -9999 0 0 0 0 0 0 0 1 1 1 2 2 2 10 10 6 5 15 22 12 14 16 19 25 25 22 25 31 48 43 53 84 97 99 100 98 98 99 94 100 99 97 96 95 94 93 89 87 84 82 80 78 77 75 74 74 73 72 72 72 72 72 72 73
-9999 -9999 -9999 -9999 -9999 -9999 -9999 -9999 -9999 -9999 -9999 -9999 -9999 -9999 -9999 -9999 -9999 -9999 -9999 -9999 -9999 -9999 -9999 -9999 -9999 -9999 -9999 -9999 -9999 -9999 0 0 0 0 0 0 0 1 1 1 1 3 7 16 15 8 4 12 21 12 20 16 15 23 23 22 23 30 35 46 45 68 107 100 105 97 106 102 101 103 99 101 100 100 98 97 92 90 87 84 82 80 78 76 74 73 72 71 70 70 70 70 70 70
-9999 -9999 -9999 -9999 -9999 -9999 -9999 -9999 -9999 -9999 -9999 -9999 -9999 -9999 -9999 -9999 -9999 -9999 -9999 -9999 -9999 -9999 -9999 -9999 -9999 -9999 -9999 -9999 -9999 -9999 0 0 0 0 0 0 0 0 1 3 1 2 2 10 17 14 8 9 19 14 18 14 15 22 22 21 22 25 36 39 40 60 103 109 86 105 109 100 106 106 99 106 105 104 102 99 96 94 90 87 85 82 79 77 75 73 71 70 69 68 67 67 67 68
-9999 -9999 -9999 -9999 -9999 -9999 -9999 -9999 -9999 -9999 -9999 -9999 -9999 -9999 -9999 -9999 -9999 -9999 -9999 -9999 -9999 -9999 -9999 -9999 -9999 -9999 -9999 -9999 -9999 -9999 -9999 0 0 0 0 0 0 0 2 9 6 4 2 3 12 12 9 10 14 14 18 12 15 20 20 19 20 22 29 31 48 67 104 117 87 107 92 92 109 105 110 107 109 109 103 103 100 98 94 91 87 84 81 78 75 72 70 68 67 66 65 65 65 65
-9999 -9999 -9999 -9999 -9999 -9999 -9999 -9999 -9999 -9999 -9999 -9999 -9999 -9999 -9999 -9999 -9999 -9999 -9999 -9999 -9999 -9999 -9999 -9999 -9999 -9999 -9999 -9999 -9999 -9999 -9999 -9999 0 0 0 0 0 0 0 4 8 5 9 11 12 16 14 16 14 13 17 15 14 15 18 19 18 22 23 30 51 78 90 116 87 92 74 109 112 108 112 109 98 96 106 107 104 102 98 94 91 86 83 79 75 72 69 67 65 64 63 63 62 63
-9999 -9999 -9999 -9999 -9999 -9999 -9999 -9999 -9999 -9999 -9999 -9999 -9999 -9999 -9999 -9999 -9999 -9999 -9999 -9999 -9999 -9999 -9999 -9999 -9999 -9999 -9999 -9999 -9999 -9999 -9999 -9999 -9999 0 0 0 0 0 0 1 2 3 8 13 13 14 15 15 14 14 15 14 12 13 16 17 16 17 18 22 37 67 86 112 94 86 85 104 99 110 103 99 98 101 112 112 109 106 103 98 94 89 84 80 76 72 68 65 63 61 60 60 60 60
