bio_clim/bio_8.asc
ncols         156
nrows         252
xllcorner     -82
yllcorner     -8
cellsize      0.083333337679505
NODATA_value  -9999
[rows 156 to 194 of 252, columns 0 to 88 of 156]
-9999 -9999 -9999 -9999 -9999 -9999 -9999 -9999 -9999 -9999 -9999 -9999 -9999 -9999 -9999 -9999 -9999 -9999 -9999 -9999 -9999 -9999 253 250 250 247 247 252 255 255 254 255 251 246 240 232 220 195 189 166 147 127 143 165 153 109 101 59 59 95 162 140 166 195 208 226 232 238 239 240 241 242 243 244 244 245 245 247 248 250 246 247 247 247 247 249 249 250 250 250 251 251 251 252 252 252 258 258 258
-9999 -9999 -9999 -9999 -9999 -9999 -9999 -9999 -9999 -9999 -9999 -9999 -9999 -9999 -9999 -9999 -9999 -9999 -9999 -9999 -9999 253 244 248 246 248 250 252 255 254 253 254 251 247 240 233 225 190 173 158 108 90 146 164 142 72 67 57 56 80 165 158 175 184 202 221 229 237 240 240 241 242 243 244 245 246 246 248 249 250 247 248 247 248 248 248 249 250 250 251 251 251 251 252 252 253 253 258 257
-9999 -9999 -9999 -9999 -9999 -9999 -9999 -9999 -9999 -9999 -9999 -9999 -9999 -9999 -9999 -9999 -9999 -9999 -9999 -9999 256 249 244 242 247 249 249 251 253 254 253 253 249 244 236 225 218 194 163 150 101 98 150 160 115 51 55 75 89 105 161 185 176 183 195 212 235 239 241 241 241 243 244 244 245 246 246 248 249 250 247 248 248 248 248 248 248 249 250 250 250 251 251 252 253 254 254 253 257
-9999 -9999 -9999 -9999 -9999 -9999 -9999 -9999 -9999 -9999 -9999 -9999 -9999 -9999 -9999 -9999 -9999 -9999 -9999 252 248 244 245 246 248 251 250 250 253 253 255 252 249 243 233 218 202 182 161 138 101 126 152 147 95 49 51 56 90 146 176 174 165 180 190 223 238 241 243 242 242 243 244 244 245 246 247 248 248 249 246 247 248 248 248 248 248 250 251 251 250 251 251 252 254 254 254 254 253
-9999 -9999 -9999 -9999 -9999 -9999 -9999 -9999 -9999 -9999 -9999 -9999 -9999 -9999 -9999 -9999 -9999 -9999 254 249 245 243 248 248 249 249 248 249 253 253 255 253 249 239 218 193 189 184 166 135 85 125 144 130 59 57 74 87 78 148 176 145 148 169 199 230 238 241 242 243 243 244 244 245 245 245 246 247 248 249 245 246 248 248 249 249 249 250 251 251 251 251 251 252 252 253 253 253 254
-9999 -9999 -9999 -9999 -9999 -9999 -9999 -9999 -9999 -9999 -9999 -9999 -9999 -9999 -9999 -9999 -9999 -9999 256 250 245 240 245 249 247 245 248 252 254 254 255 253 250 230 186 156 172 167 157 137 111 123 90 92 56 40 42 106 136 166 157 128 168 179 202 231 239 241 242 243 244 244 244 245 245 245 246 247 249 249 246 247 247 248 249 249 250 250 250 252 251 250 251 252 252 252 253 252 253
-9999 -9999 -9999 -9999 -9999 -9999 -9999 -9999 -9999 -9999 -9999 -9999 -9999 -9999 -9999 -9999 -9999 -9999 -9999 252 253 249 250 250 241 246 249 252 254 256 255 254 245 228 208 161 150 142 141 96 86 99 78 48 50 50 53 63 97 161 132 155 142 183 204 226 238 240 242 242 242 243 243 244 244 245 246 247 248 249 250 248 248 248 249 249 250 250 251 251 251 251 251 251 251 252 253 252 252
-9999 -9999 -9999 -9999 -9999 -9999 -9999 -9999 -9999 -9999 -9999 -9999 -9999 -9999 -9999 -9999 -9999 -9999 258 256 255 254 258 257 249 248 250 253 255 257 256 255 243 242 208 149 135 128 106 60 90 75 55 54 50 54 58 63 111 162 172 182 178 187 212 227 235 240 242 241 242 243 243 243 244 245 247 247 248 249 250 247 248 248 249 249 250 250 250 250 251 250 250 251 251 252 252 252 252
-9999 -9999 -9999 -9999 -9999 -9999 -9999 -9999 -9999 -9999 -9999 -9999 -9999 -9999 -9999 -9999 -9999 -9999 254 253 260 262 263 257 253 250 256 256 256 258 256 254 249 242 220 182 116 120 98 75 104 98 36 51 69 73 86 106 134 172 196 196 197 203 226 235 238 240 241 241 242 243 243 244 243 244 246 248 248 248 250 247 247 248 248 249 250 250 250 249 250 249 249 250 251 252 252 252 253
-9999 -9999 -9999 -9999 -9999 -9999 -9999 -9999 -9999 -9999 -9999 -9999 -9999 -9999 -9999 -9999 -9999 -9999 255 249 260 263 262 255 247 253 257 259 257 256 255 253 251 242 217 152 115 105 73 104 122 108 74 54 65 62 106 162 166 187 209 210 208 207 230 237 239 240 240 241 241 242 243 243 244 245 245 246 247 248 249 246 247 247 248 249 249 250 249 248 249 248 248 249 250 251 252 252 253
-9999 -9999 -9999 -9999 -9999 -9999 -9999 -9999 -9999 -9999 -9999 -9999 -9999 -9999 -9999 -9999 -9999 261 261 257 257 260 258 255 253 254 259 260 257 256 256 255 253 244 218 156 91 86 68 102 129 106 60 64 69 87 118 177 177 201 220 216 208 205 235 239 239 240 240 241 241 241 243 244 244 244 244 245 248 249 246 246 247 247 247 247 248 248 248 247 248 247 248 249 249 250 251 251 252
-9999 -9999 -9999 -9999 -9999 -9999 -9999 -9999 -9999 -9999 -9999 -9999 -9999 -9999 256 260 261 257 261 254 247 251 247 254 252 257 261 259 257 256 257 255 254 244 205 147 87 74 63 115 133 103 59 64 85 99 121 185 183 218 226 218 218 228 238 238 238 239 240 240 241 241 242 245 244 245 243 244 247 249 246 246 247 247 247 247 247 246 246 246 248 248 249 249 250 250 250 250 251
-9999 -9999 -9999 -9999 -9999 -9999 -9999 -9999 -9999 -9999 -9999 -9999 -9999 248 246 250 251 250 259 256 254 247 241 241 253 258 260 260 258 258 258 256 249 217 185 141 83 45 58 111 134 126 90 65 72 128 167 188 204 225 229 230 234 236 235 236 237 239 241 242 243 244 243 245 246 247 245 244 246 243 245 246 246 246 247 247 247 246 246 245 247 248 249 249 249 250 250 250 251
-9999 -9999 -9999 -9999 -9999 -9999 -9999 -9999 -9999 -9999 -9999 -9999 -9999 250 250 253 249 250 253 254 247 248 248 249 257 261 261 261 260 259 259 257 252 231 198 153 116 69 51 73 122 132 79 63 79 97 163 172 212 227 228 232 234 234 234 238 240 240 240 242 243 244 244 246 247 248 246 245 241 243 244 245 246 246 246 247 247 247 245 245 246 247 247 249 250 250 250 251 252
-9999 -9999 -9999 -9999 -9999 -9999 -9999 -9999 -9999 -9999 -9999 -9999 -9999 -9999 258 253 244 244 252 256 251 253 255 258 260 261 262 262 261 260 259 257 250 236 179 155 112 53 63 94 133 146 83 63 74 107 146 179 213 223 221 229 230 231 233 237 239 241 243 241 242 243 245 246 247 248 248 248 247 245 245 245 245 246 247 247 247 246 245 245 247 247 248 249 250 251 251 251 252
-9999 -9999 -9999 -9999 -9999 -9999 -9999 -9999 -9999 -9999 -9999 -9999 -9999 -9999 -9999 251 237 242 245 248 250 251 256 259 261 262 262 262 262 261 260 258 240 213 173 121 93 64 87 118 139 148 110 103 94 154 144 189 213 215 215 223 230 236 237 237 239 241 243 244 243 243 244 246 246 248 248 249 249 246 246 246 246 246 245 246 247 247 246 246 247 248 249 249 250 251 252 251 251
-9999 -9999 -9999 -9999 -9999 -9999 -9999 -9999 -9999 -9999 -9999 -9999 -9999 -9999 -9999 251 244 237 239 246 253 256 257 259 260 262 262 262 262 261 261 252 231 208 158 93 49 58 50 77 122 131 148 146 154 178 168 200 206 211 209 215 228 228 233 237 238 240 242 244 245 243 244 246 247 246 246 247 244 244 245 245 246 247 246 245 247 248 247 246 247 248 249 250 250 250 252 253 252
-9999 -9999 -9999 -9999 -9999 -9999 -9999 -9999 -9999 -9999 -9999 -9999 -9999 -9999 -9999 242 244 240 243 251 253 254 257 259 260 261 261 261 262 262 262 253 237 215 167 107 68 37 20 78 90 117 108 109 141 179 191 201 210 213 214 226 227 233 236 237 238 241 242 243 244 245 247 247 247 247 247 247 244 244 245 246 246 246 247 247 247 247 248 248 248 249 248 249 250 250 251 253 253
-9999 -9999 -9999 -9999 -9999 -9999 -9999 -9999 -9999 -9999 -9999 -9999 -9999 -9999 255 242 241 239 249 252 253 256 257 258 259 260 260 261 262 262 262 256 227 198 168 121 108 56 75 101 86 129 105 99 136 175 197 210 212 216 227 230 227 230 234 237 238 238 240 242 244 244 245 246 248 249 249 249 245 245 245 246 246 247 247 247 248 248 248 249 249 249 249 250 250 251 252 253 253
-9999 -9999 -9999 -9999 -9999 -9999 -9999 -9999 -9999 -9999 -9999 -9999 -9999 -9999 253 240 239 241 251 252 253 256 258 258 258 259 260 261 262 262 262 256 240 210 159 128 119 68 93 127 144 130 65 79 112 175 203 213 216 212 225 232 235 232 232 236 239 240 241 243 245 245 246 246 247 248 248 245 246 246 246 247 247 247 248 248 248 248 248 249 249 250 250 250 251 252 252 253 253
-9999 -9999 -9999 -9999 -9999 -9999 -9999 -9999 -9999 -9999 -9999 -9999 -9999 -9999 256 248 241 237 244 249 252 255 257 258 258 259 260 261 262 263 263 260 252 200 151 136 109 53 92 113 144 87 54 81 113 160 200 212 215 216 224 230 235 236 237 238 239 241 242 241 242 244 246 247 248 249 249 245 246 245 246 246 246 247 247 247 247 245 246 247 248 248 251 251 251 252 253 254 254
-9999 -9999 -9999 -9999 -9999 -9999 -9999 -9999 -9999 -9999 -9999 -9999 -9999 -9999 -9999 255 239 229 243 254 257 258 258 258 258 259 260 262 262 263 263 262 257 211 158 134 108 68 76 99 127 87 62 105 153 175 191 208 214 219 222 232 234 234 237 239 239 239 241 243 243 245 246 247 247 248 250 246 246 246 246 246 246 247 247 247 247 247 245 247 247 248 251 251 251 252 253 254 254
-9999 -9999 -9999 -9999 -9999 -9999 -9999 -9999 -9999 -9999 -9999 -9999 -9999 -9999 -9999 258 253 236 240 252 257 258 259 259 259 259 260 262 262 263 263 262 259 203 163 143 130 78 77 106 114 89 72 79 126 176 192 207 215 221 224 230 235 236 237 239 240 241 241 242 244 245 247 248 248 248 250 247 247 247 247 247 246 248 247 248 248 248 248 248 249 249 250 252 251 251 252 252 254
-9999 -9999 -9999 -9999 -9999 -9999 -9999 -9999 -9999 -9999 -9999 -9999 -9999 -9999 -9999 260 258 253 244 246 256 257 257 260 260 260 262 262 262 262 262 261 263 229 176 153 149 89 66 102 91 69 77 97 131 175 189 207 214 219 222 230 232 236 237 238 240 242 243 244 243 244 245 248 249 250 250 247 247 248 248 247 247 248 248 248 248 249 249 249 249 249 249 251 253 252 251 252 253
-9999 -9999 -9999 -9999 -9999 -9999 -9999 -9999 -9999 -9999 -9999 -9999 -9999 -9999 -9999 262 261 259 256 251 250 254 255 261 262 263 263 263 263 262 261 261 262 237 158 171 168 99 88 87 80 60 75 81 136 173 189 208 214 212 217 230 232 236 238 240 241 242 243 244 245 244 245 248 248 250 251 251 248 248 248 248 248 247 248 249 249 250 249 249 249 250 250 251 252 253 253 253 253
-9999 -9999 -9999 -9999 -9999 -9999 -9999 -9999 -9999 -9999 -9999 -9999 -9999 -9999 -9999 260 257 258 255 253 252 254 253 256 262 265 265 264 263 262 261 260 261 255 205 205 158 108 106 80 69 77 84 115 147 183 195 203 206 209 212 230 233 236 240 242 243 244 245 245 245 246 245 247 248 249 250 251 248 249 249 249 249 248 248 249 249 249 250 250 250 249 251 252 253 253 253 254 261
-9999 -9999 -9999 -9999 -9999 -9999 -9999 -9999 -9999 -9999 -9999 -9999 262 262 261 259 256 260 259 258 257 259 262 263 265 267 266 265 263 262 261 260 260 256 241 189 130 136 110 71 66 69 100 131 163 186 207 211 206 202 200 232 233 239 244 245 244 245 246 247 246 246 247 247 247 248 249 250 252 248 249 249 249 249 249 249 249 250 250 250 250 249 249 251 252 252 253 260 261
-9999 -9999 -9999 -9999 -9999 -9999 -9999 -9999 -9999 -9999 -9999 -9999 -9999 261 260 259 261 261 260 259 260 261 263 264 266 268 268 267 266 265 264 263 261 253 223 189 166 124 87 69 57 67 101 133 158 183 214 204 201 187 208 238 233 240 246 247 248 246 247 248 247 248 248 248 249 248 249 249 252 249 249 249 250 250 249 249 249 249 250 250 251 250 249 251 252 252 252 259 260
-9999 -9999 -9999 -9999 -9999 -9999 -9999 -9999 -9999 -9999 -9999 -9999 -9999 -9999 260 261 262 259 259 258 261 263 264 265 266 268 268 265 265 265 264 263 256 229 183 152 123 73 51 67 69 82 105 128 164 203 221 197 207 193 208 243 243 241 248 249 250 247 248 249 248 248 248 248 249 249 249 250 251 252 249 249 249 250 250 250 249 250 250 250 251 251 249 251 252 252 259 259 260
-9999 -9999 -9999 -9999 -9999 -9999 -9999 -9999 -9999 -9999 -9999 -9999 -9999 -9999 -9999 -9999 -9999 261 256 260 261 264 265 265 266 266 267 267 267 264 264 262 251 216 182 136 98 64 64 83 102 106 85 121 179 215 223 192 209 212 218 247 247 248 250 251 251 251 249 249 249 248 249 249 250 248 248 249 251 251 252 249 249 249 251 250 250 250 250 250 250 251 250 252 251 251 258 260 259
-9999 -9999 -9999 -9999 -9999 -9999 -9999 -9999 -9999 -9999 -9999 -9999 -9999 -9999 -9999 -9999 -9999 -9999 259 261 263 264 265 -9999 266 266 266 268 268 266 264 254 223 185 138 118 110 102 97 113 122 142 141 152 190 219 220 193 206 229 234 250 249 251 252 252 252 253 250 249 249 250 251 251 250 249 249 249 250 251 251 248 248 249 250 251 251 251 250 250 249 251 250 258 257 257 259 259 260
-9999 -9999 -9999 -9999 -9999 -9999 -9999 -9999 -9999 -9999 -9999 -9999 -9999 -9999 -9999 -9999 -9999 -9999 -9999 263 263 -9999 -9999 -9999 266 265 266 266 269 264 241 214 171 107 70 62 85 98 99 114 139 144 181 200 208 229 211 189 214 222 245 251 251 252 254 254 253 253 253 251 250 251 251 251 251 250 250 251 251 251 251 251 248 249 250 251 251 251 250 249 249 249 257 258 257 256 257 258 259
-9999 -9999 -9999 -9999 -9999 -9999 -9999 -9999 -9999 -9999 -9999 -9999 -9999 -9999 -9999 -9999 -9999 -9999 -9999 -9999 263 -9999 264 265 -9999 -9999 -9999 266 260 240 169 171 89 56 59 78 106 135 125 119 134 111 150 222 228 227 205 197 223 227 249 253 251 254 255 255 254 254 254 251 251 251 251 252 252 251 251 251 252 251 251 252 252 248 250 250 251 251 250 250 256 256 257 257 257 257 257 257 258
-9999 -9999 -9999 -9999 -9999 -9999 -9999 -9999 -9999 -9999 -9999 -9999 -9999 -9999 -9999 -9999 -9999 -9999 -9999 -9999 -9999 264 264 264 263 -9999 265 263 246 207 143 105 59 60 71 92 136 151 143 141 128 128 180 208 230 214 183 214 232 230 249 254 255 256 255 255 255 255 255 252 252 252 252 251 251 252 253 252 252 252 251 251 253 252 251 252 253 254 258 257 257 257 257 257 257 257 257 256 257
-9999 -9999 -9999 -9999 -9999 -9999 -9999 -9999 -9999 -9999 -9999 -9999 -9999 -9999 -9999 -9999 -9999 -9999 -9999 -9999 -9999 264 265 265 -9999 -9999 264 262 258 233 184 100 57 67 88 136 154 149 153 120 109 123 177 219 216 215 201 226 240 250 243 256 256 256 256 256 256 255 255 256 253 252 253 252 251 252 253 253 251 252 252 252 251 253 251 251 252 253 257 259 257 257 258 257 257 257 258 257 258
-9999 -9999 -9999 -9999 -9999 -9999 -9999 -9999 -9999 -9999 -9999 -9999 -9999 -9999 -9999 -9999 -9999 -9999 -9999 -9999 -9999 263 265 -9999 -9999 -9999 263 261 251 210 151 114 69 80 105 138 141 126 150 108 107 145 197 209 214 225 210 229 234 251 247 256 257 256 256 257 257 256 256 256 254 253 254 253 253 253 253 253 252 252 252 253 252 252 253 252 251 255 255 258 258 258 258 257 258 257 258 257 258
-9999 -9999 -9999 -9999 -9999 -9999 -9999 -9999 -9999 -9999 -9999 -9999 -9999 -9999 -9999 -9999 -9999 -9999 -9999 -9999 -9999 -9999 -9999 -9999 -9999 -9999 263 246 213 194 132 65 70 75 110 136 128 133 140 97 124 177 217 220 222 230 232 248 250 254 250 256 257 257 257 257 257 257 257 257 257 254 254 254 254 254 254 254 253 252 253 253 253 253 253 256 254 255 255 256 258 257 258 258 258 258 258 257 257
-9999 -9999 -9999 -9999 -9999 -9999 -9999 -9999 -9999 -9999 -9999 -9999 -9999 -9999 -9999 -9999 -9999 -9999 -9999 -9999 -9999 -9999 -9999 -9999 -9999 265 263 242 179 109 99 92 92 116 133 113 126 127 121 102 133 200 212 215 206 222 217 236 233 255 250 256 257 258 258 258 258 258 258 258 258 258 255 255 255 254 254 255 254 254 254 253 253 253 256 257 255 255 255 255 258 257 258 258 258 258 258 258 258
-9999 -9999 -9999 -9999 -9999 -9999 -9999 -9999 -9999 -9999 -9999 -9999 -9999 -9999 -9999 -9999 -9999 -9999 -9999 -9999 -9999 -9999 -9999 -9999 267 265 263 217 171 144 119 135 155 174 132 105 121 110 130 163 157 200 218 194 201 221 195 213 239 256 252 255 258 258 258 259 258 258 258 258 258 258 255 255 255 255 255 255 254 254 258 257 257 256 256 256 256 256 256 256 256 258 258 258 258 257 257 259 259
