bio_clim/bio_13.asc
ncols         156
nrows         252
xllcorner     -82
yllcorner     -8
cellsize      0.083333337679505
NODATA_value  -9999
[rows 195 to 233 of 252, columns 0 to 88 of 156]
-9999 -9999 -9999 -9999 -9999 -9999 -9999 -9999 -9999 -9999 -9999 -9999 -9999 -9999 -9999 -9999 -9999 -9999 -9999 -9999 -9999 -9999 -9999 103 115 125 147 174 179 165 141 121 124 102 117 97 119 100 101 162 262 296 285 351 352 359 425 402 276 244 247 245 242 241 240 238 236 234 231 228 224 221 217 214 210 207 205 204 205 207 211 215 220 225 230 234 239 243 247 251 254 256 258 259 260 261 262 263 264
-9999 -9999 -9999 -9999 -9999 -9999 -9999 -9999 -9999 -9999 -9999 -9999 -9999 -9999 -9999 -9999 -9999 -9999 -9999 -9999 75 83 93 106 121 131 156 182 191 170 139 139 123 93 85 100 125 109 136 147 254 281 283 323 374 378 401 384 263 241 245 242 241 240 239 237 234 232 229 225 222 218 214 210 207 203 200 199 200 203 207 212 217 222 228 233 238 243 248 252 255 257 258 259 259 259 259 259 260
-9999 -9999 -9999 -9999 -9999 -9999 -9999 -9999 -9999 -9999 -9999 -9999 -9999 -9999 -9999 -9999 -9999 -9999 -9999 -9999 74 86 97 114 130 161 199 212 178 155 134 121 125 110 84 108 117 114 140 244 255 237 275 336 340 366 344 279 246 239 241 246 240 239 237 235 233 230 227 224 220 216 212 208 204 201 198 196 197 200 204 210 215 221 226 232 238 243 248 253 256 258 259 259 259 257 256 256 257
-9999 -9999 -9999 -9999 -9999 -9999 -9999 -9999 -9999 -9999 -9999 -9999 -9999 -9999 -9999 -9999 -9999 -9999 58 65 80 96 114 142 178 207 237 226 186 156 143 126 112 102 108 112 179 143 120 254 256 220 262 325 309 310 269 253 246 238 240 242 239 239 237 235 232 229 226 223 219 215 211 207 203 200 198 196 196 199 203 208 214 220 226 232 238 243 249 254 258 260 261 260 258 256 254 252 254
-9999 -9999 -9999 -9999 -9999 -9999 -9999 -9999 -9999 -9999 -9999 -9999 -9999 -9999 -9999 -9999 -9999 60 67 78 94 110 155 199 224 230 247 268 237 194 153 136 118 105 118 117 219 192 215 267 242 230 293 297 263 300 268 245 242 239 241 240 254 239 237 235 232 229 226 222 218 214 211 207 204 201 199 197 197 199 203 208 213 219 225 231 237 244 250 256 261 263 262 260 257 254 251 248 251
-9999 -9999 -9999 -9999 -9999 -9999 -9999 -9999 -9999 -9999 -9999 -9999 -9999 -9999 -9999 43 61 81 82 98 118 140 176 225 264 257 281 287 263 242 165 142 130 121 117 111 174 247 252 262 244 262 316 289 245 297 256 257 252 242 242 241 263 239 237 235 232 229 226 222 218 215 211 208 206 203 201 199 198 200 204 208 213 219 225 231 237 244 250 257 262 265 263 260 256 253 249 246 248
-9999 -9999 -9999 -9999 -9999 -9999 -9999 -9999 -9999 -9999 -9999 -9999 -9999 -9999 40 50 76 95 107 137 166 187 221 260 282 285 296 289 280 280 172 155 137 126 117 115 162 240 245 234 264 300 316 263 235 270 264 249 248 247 243 242 264 240 238 235 232 229 226 222 219 215 212 210 208 205 203 201 200 201 205 209 214 219 225 230 237 243 249 256 261 264 262 259 255 252 248 245 245
-9999 -9999 -9999 -9999 -9999 -9999 -9999 -9999 -9999 -9999 -9999 -9999 -9999 -9999 51 71 88 116 144 209 230 245 258 278 303 306 291 290 271 219 189 164 149 134 134 135 171 227 234 245 282 311 287 281 236 259 285 286 263 245 245 244 243 246 239 236 233 230 227 223 219 216 214 212 210 207 205 204 202 202 205 209 214 219 224 230 236 242 248 253 257 259 259 257 254 251 248 245 243
-9999 -9999 -9999 -9999 -9999 -9999 -9999 -9999 -9999 -9999 -9999 -9999 35 46 67 91 107 149 180 201 235 252 298 332 320 302 289 245 220 194 188 141 157 141 139 154 162 216 234 235 256 296 274 272 265 251 272 291 291 248 248 246 245 258 240 237 234 231 227 224 220 218 216 214 212 210 208 206 204 203 206 210 214 219 224 229 235 240 245 250 253 255 256 254 253 250 248 246 244
-9999 -9999 -9999 -9999 -9999 -9999 -9999 -9999 -9999 -9999 -9999 -9999 36 53 76 99 137 174 190 229 243 273 315 326 304 313 281 271 228 194 167 137 164 157 145 157 189 209 219 238 247 273 268 259 302 265 274 255 272 251 250 249 247 264 241 238 235 232 228 225 222 220 218 216 214 212 210 208 207 205 207 210 214 219 223 228 233 238 243 247 250 252 253 252 251 250 248 246 245
-9999 -9999 -9999 -9999 -9999 -9999 -9999 -9999 -9999 -9999 -9999 30 40 59 84 138 199 185 202 233 252 273 298 305 298 289 275 232 216 193 186 165 168 168 147 156 195 173 194 220 250 255 258 256 285 267 284 272 255 255 253 251 248 260 243 239 236 233 229 226 223 222 220 219 217 215 213 211 209 207 208 211 214 219 223 227 232 236 240 244 247 249 250 250 250 249 248 247 247
-9999 -9999 -9999 -9999 -9999 -9999 -9999 -9999 -9999 -9999 27 36 41 58 106 169 193 176 200 225 246 262 279 288 296 290 250 239 221 199 224 202 173 178 148 151 184 169 217 236 250 253 257 256 256 258 281 266 259 258 256 253 250 253 244 241 237 234 231 227 225 224 223 221 219 217 215 213 211 209 208 211 214 218 222 226 230 234 238 242 244 247 248 249 249 249 249 248 248
-9999 -9999 -9999 -9999 -9999 -9999 -9999 -9999 -9999 23 24 33 48 71 119 161 152 161 187 213 234 248 252 265 281 282 252 262 232 221 209 208 193 182 155 155 160 175 211 238 248 254 257 260 257 263 267 260 261 261 259 255 250 252 245 242 238 235 232 228 227 226 225 224 222 220 218 215 213 211 209 211 214 218 221 225 229 233 236 240 242 244 246 247 248 249 249 249 249
-9999 -9999 -9999 -9999 -9999 -9999 -9999 -9999 -9999 21 22 29 44 72 124 124 130 144 169 190 212 230 231 246 242 262 265 261 231 240 195 205 190 184 167 171 169 200 211 238 245 257 258 265 266 271 267 263 266 264 261 257 253 251 246 243 239 236 233 232 231 229 228 226 225 222 220 218 215 212 210 211 214 217 221 224 228 231 235 238 240 243 245 246 247 248 249 250 251
-9999 -9999 -9999 -9999 -9999 -9999 -9999 -9999 20 19 19 25 40 75 93 99 111 127 149 166 185 201 203 224 213 243 249 245 235 225 206 204 165 171 177 176 175 192 221 225 242 254 269 264 268 273 273 269 270 267 263 259 252 249 247 243 240 237 236 236 235 233 231 229 227 225 222 220 217 214 212 212 213 217 220 223 227 230 233 236 239 241 243 245 247 248 250 251 253
-9999 -9999 -9999 -9999 -9999 -9999 -9999 -9999 -9999 13 17 32 57 67 72 82 96 112 130 146 159 170 180 195 212 247 240 258 249 223 221 203 178 174 189 186 175 191 191 209 227 254 267 250 270 279 275 275 273 268 264 258 250 251 247 243 240 239 239 239 238 237 236 233 230 228 225 222 218 215 214 214 214 216 219 222 225 229 232 235 237 240 242 244 246 248 250 252 255
-9999 -9999 -9999 -9999 -9999 -9999 -9999 -9999 9 12 19 40 67 69 56 67 82 98 115 127 136 150 183 184 202 234 249 249 247 249 239 176 173 195 207 188 181 176 166 190 233 247 265 245 260 282 277 279 274 269 264 254 252 250 247 243 240 240 241 241 241 241 240 238 235 230 227 223 220 217 217 216 216 216 218 221 224 227 230 233 236 239 241 244 246 248 250 253 256
-9999 -9999 -9999 -9999 -9999 -9999 -9999 -9999 9 12 18 29 39 42 46 55 67 82 99 111 121 131 152 199 240 234 239 228 229 235 168 141 165 192 225 193 171 167 192 207 219 250 242 248 267 283 279 280 273 268 250 248 253 249 245 242 240 241 241 242 243 244 244 243 239 233 229 225 221 219 219 219 218 218 218 220 223 226 229 232 235 238 240 243 245 248 250 253 256
-9999 -9999 -9999 -9999 -9999 -9999 -9999 -9999 -9999 13 18 24 29 35 39 45 52 62 80 98 112 123 159 217 240 214 230 224 217 223 164 150 190 201 233 204 166 162 187 197 218 242 228 256 287 288 278 279 272 266 242 246 249 247 244 241 239 240 241 242 243 245 247 247 242 235 230 226 222 222 222 221 221 220 220 220 222 225 228 231 234 237 239 242 245 247 250 252 255
-9999 -9999 -9999 -9999 -9999 -9999 -9999 -9999 -9999 -9999 17 22 25 29 33 37 41 47 67 89 106 116 155 234 236 178 211 209 203 192 194 158 183 181 243 220 173 165 191 206 218 239 225 260 274 276 275 275 268 261 235 241 239 243 241 238 237 237 239 240 242 244 246 247 242 234 231 227 225 225 224 224 223 223 222 222 222 224 227 230 233 236 239 241 244 246 249 251 253
-9999 -9999 -9999 -9999 -9999 -9999 -9999 -9999 -9999 -9999 -9999 21 24 27 29 32 35 44 60 82 100 109 129 214 249 198 174 208 194 193 136 167 163 183 238 217 179 153 181 192 200 226 225 258 251 249 257 268 261 249 227 228 231 234 237 236 234 234 235 237 239 240 241 240 237 233 231 227 228 228 227 227 226 225 224 224 224 225 226 229 232 235 238 240 243 245 248 250 252
-9999 -9999 -9999 -9999 -9999 -9999 -9999 -9999 -9999 -9999 -9999 19 22 23 25 27 31 41 56 73 88 97 112 161 227 241 211 189 167 146 125 145 150 152 209 219 202 156 187 150 164 200 234 256 257 216 226 245 240 205 199 207 214 220 229 232 231 230 231 232 234 235 235 234 233 232 230 230 231 231 231 230 230 228 227 226 226 227 228 230 231 234 237 240 242 244 246 248 250
-9999 -9999 -9999 -9999 -9999 -9999 -9999 -9999 -9999 -9999 15 17 19 20 22 23 27 37 53 68 78 86 96 113 156 215 222 187 175 137 145 151 155 142 173 170 202 159 177 145 168 184 209 242 249 239 220 232 236 218 192 193 205 207 208 224 228 228 228 228 228 229 230 230 231 231 232 233 234 234 235 234 234 232 230 228 228 229 231 233 234 236 236 239 241 244 245 247 248
-9999 -9999 -9999 -9999 -9999 -9999 -9999 -9999 -9999 13 16 18 20 18 19 20 23 32 49 64 72 80 87 96 115 146 194 208 183 147 156 142 138 138 125 132 162 177 179 146 155 164 213 240 244 228 220 205 197 209 195 183 199 196 198 202 214 220 225 227 227 228 229 230 231 233 234 235 237 238 239 239 239 237 234 231 231 233 235 236 238 239 240 240 241 243 244 245 246
-9999 -9999 -9999 -9999 -9999 -9999 -9999 -9999 -9999 -9999 -9999 17 17 16 16 18 22 30 45 59 69 77 83 97 111 152 140 164 181 144 135 146 134 120 132 126 135 150 171 153 142 151 201 205 206 189 172 179 162 172 170 171 186 177 185 195 196 201 213 223 226 228 230 231 232 234 236 238 240 241 243 244 244 244 241 238 237 238 239 241 242 243 243 243 243 243 244 245 245
-9999 -9999 -9999 -9999 -9999 -9999 -9999 -9999 -9999 -9999 -9999 -9999 14 15 15 16 20 28 41 54 66 75 81 88 116 129 145 166 177 154 139 132 139 120 133 125 131 146 161 161 146 146 179 156 154 151 155 152 147 153 155 157 166 164 171 187 196 197 199 202 213 226 229 232 234 236 238 240 242 245 247 249 251 251 249 246 244 244 244 245 246 247 247 247 247 245 244 245 244
-9999 -9999 -9999 -9999 -9999 -9999 -9999 -9999 -9999 -9999 -9999 -9999 -9999 14 14 16 20 27 37 49 62 72 80 88 110 142 152 152 178 149 149 127 151 137 118 135 135 137 139 151 150 148 155 139 132 136 140 143 139 142 144 147 153 155 158 167 185 193 194 203 201 204 228 232 234 237 239 242 244 247 250 253 256 259 256 252 250 249 249 250 251 252 252 252 251 249 247 245 244
-9999 -9999 -9999 -9999 -9999 -9999 -9999 -9999 -9999 -9999 -9999 -9999 -9999 14 15 17 20 26 34 45 57 66 77 88 109 144 168 153 176 154 170 132 156 151 127 118 126 124 128 124 143 152 130 126 133 128 129 129 133 134 138 141 147 147 153 162 171 173 182 192 195 194 209 232 235 238 241 244 246 249 252 255 258 260 259 255 253 253 253 254 255 257 257 257 256 254 252 248 245
-9999 -9999 -9999 -9999 -9999 -9999 -9999 -9999 -9999 -9999 -9999 -9999 -9999 -9999 16 18 20 26 32 40 51 60 71 80 90 95 132 158 167 175 162 129 148 152 115 124 117 121 117 124 136 138 124 119 126 136 136 127 128 128 132 135 140 144 149 155 159 164 173 180 190 192 193 226 236 239 243 246 248 250 253 255 257 258 258 257 256 256 257 258 260 262 263 263 262 260 257 252 247
-9999 -9999 -9999 -9999 -9999 -9999 -9999 -9999 -9999 -9999 -9999 -9999 -9999 -9999 16 18 21 25 30 36 45 54 62 70 78 85 105 153 180 189 169 136 151 159 122 111 122 115 110 119 122 120 124 107 109 120 135 123 123 124 133 132 135 145 156 163 164 175 180 186 182 184 194 220 236 240 244 247 250 251 253 254 256 256 257 257 257 258 260 262 264 267 269 270 269 267 264 258 252
-9999 -9999 -9999 -9999 -9999 -9999 -9999 -9999 -9999 -9999 -9999 -9999 -9999 15 17 18 21 24 28 34 40 47 54 61 74 77 92 130 170 184 153 132 147 146 131 110 121 118 104 109 103 100 101 102 103 104 125 133 123 122 137 132 140 135 147 161 171 176 181 187 191 186 182 206 229 240 245 249 251 253 253 253 254 254 255 256 257 259 262 265 268 271 274 277 277 276 271 265 258
-9999 -9999 -9999 -9999 -9999 -9999 -9999 -9999 -9999 -9999 15 21 15 15 17 19 21 24 27 31 37 42 48 55 63 71 80 103 142 162 181 144 134 126 131 109 108 107 101 101 103 110 111 107 91 85 105 124 118 126 127 149 137 134 137 152 169 177 181 181 186 184 173 204 220 233 245 251 254 255 254 253 253 252 253 255 257 260 263 267 271 275 280 284 286 285 280 273 265
-9999 -9999 -9999 -9999 -9999 -9999 -9999 -9999 -9999 -9999 16 27 20 17 18 19 20 23 26 30 34 39 44 50 58 87 94 97 142 160 179 159 142 123 126 122 114 103 106 95 93 109 113 116 112 101 108 117 114 142 144 149 156 152 138 141 162 176 180 181 178 185 169 186 199 219 247 254 258 260 259 257 253 250 251 253 257 260 264 269 273 278 284 289 294 296 289 280 271
-9999 -9999 -9999 -9999 -9999 -9999 -9999 -9999 -9999 -9999 -9999 22 22 16 16 18 20 22 25 28 31 36 40 44 52 71 80 100 121 160 171 171 161 140 115 110 110 102 109 105 91 92 101 107 136 110 110 136 116 133 139 149 171 173 163 144 151 172 179 178 179 185 177 172 194 203 243 257 265 268 267 263 257 250 250 253 257 261 265 270 275 280 286 292 299 302 295 285 276
-9999 -9999 -9999 -9999 -9999 -9999 -9999 -9999 -9999 -9999 -9999 -9999 15 15 16 18 19 22 23 26 29 32 35 39 45 57 94 80 112 164 185 196 184 152 132 123 124 113 114 113 95 95 85 102 125 117 125 141 126 120 127 156 165 172 170 146 141 160 175 176 177 183 180 181 181 199 229 259 273 279 278 273 265 256 251 253 257 262 266 270 275 280 285 291 296 298 293 286 279
-9999 -9999 -9999 -9999 -9999 -9999 -9999 -9999 -9999 -9999 -9999 -9999 -9999 15 16 18 19 20 22 24 26 28 31 35 39 50 66 67 101 173 180 184 180 168 145 132 128 122 125 115 113 97 98 86 104 120 139 140 120 119 127 132 144 153 161 143 139 146 165 164 161 167 178 183 184 205 217 244 281 291 289 283 276 267 255 255 259 263 266 269 273 278 282 287 290 291 289 284 279
-9999 -9999 -9999 -9999 -9999 -9999 -9999 -9999 -9999 -9999 -9999 -9999 -9999 -9999 16 17 18 19 21 22 23 25 28 31 35 41 51 58 72 146 189 178 170 173 150 141 133 128 139 120 119 107 108 94 97 105 116 148 121 140 157 137 151 139 143 152 148 142 148 150 152 155 160 171 181 177 185 212 282 296 295 290 288 286 265 260 261 264 266 268 271 275 278 282 284 285 284 281 277
-9999 -9999 -9999 -9999 -9999 -9999 -9999 -9999 -9999 -9999 -9999 -9999 -9999 -9999 -9999 -9999 18 18 19 20 21 23 24 27 30 36 42 63 75 132 143 184 170 174 155 147 138 139 133 128 121 133 115 108 93 107 116 158 142 131 160 145 129 127 134 143 154 149 145 149 151 153 152 158 181 187 186 189 216 211 255 288 294 292 276 266 264 265 265 266 268 270 273 276 278 279 278 277 275
-9999 -9999 -9999 -9999 -9999 -9999 -9999 -9999 -9999 -9999 -9999 -9999 -9999 -9999 -9999 -9999 -9999 -9999 -9999 19 19 20 21 23 26 29 34 42 51 102 141 190 182 174 165 155 139 140 144 146 128 149 119 143 109 94 110 157 160 133 160 152 126 127 130 132 145 149 149 146 149 153 159 166 165 169 160 166 186 194 202 233 272 289 285 272 266 265 263 262 264 265 268 270 271 273 273 273 272
