bio_clim/bio_7.asc
ncols         156
nrows         252
xllcorner     -82
yllcorner     -8
cellsize      0.083333337679505
NODATA_value  -9999
[rows 200 to 239 of 252, columns 0 to 89 of 156]
-9999 -9999 -9999 -9999 -9999 -9999 -9999 -9999 -9999 -9999 -9999 -9999 -9999 -9999 -9999 144 140 137 138 138 137 137 136 131 123 122 123 128 123 127 116 111 109 109 110 110 123 130 130 130 129 130 130 129 127 129 124 123 120 116 115 115 118 114 113 113 113 113 113 113 112 113 113 113 112 112 113 112 113 114 113 115 114 115 115 117 117 117 118 119 120 120 120 119 119 117 118 117 118 117
-9999 -9999 -9999 -9999 -9999 -9999 -9999 -9999 -9999 -9999 -9999 -9999 -9999 -9999 148 146 141 138 138 136 135 134 132 127 123 122 125 124 124 128 126 111 109 109 109 112 121 132 132 131 132 132 129 129 125 127 125 122 120 118 114 115 118 114 114 112 113 113 112 112 112 113 112 112 111 112 112 113 113 113 113 114 115 115 115 116 117 118 119 119 120 120 119 120 118 118 118 117 118 118
-9999 -9999 -9999 -9999 -9999 -9999 -9999 -9999 -9999 -9999 -9999 -9999 -9999 -9999 150 147 143 141 139 133 132 132 131 128 126 130 128 129 131 131 123 119 112 114 119 118 124 135 134 133 133 132 127 131 126 126 127 126 123 116 114 114 114 115 113 112 112 112 112 112 112 112 112 113 112 113 113 112 113 113 114 114 114 115 115 116 116 117 118 118 119 119 120 119 119 118 117 118 117 117
-9999 -9999 -9999 -9999 -9999 -9999 -9999 -9999 -9999 -9999 -9999 -9999 156 155 152 149 147 143 140 139 137 136 131 132 134 134 133 136 136 133 129 134 124 118 113 125 123 137 135 134 134 131 131 131 129 126 127 127 125 117 114 113 114 117 113 112 113 112 112 112 112 112 112 112 112 112 112 113 112 112 113 114 114 114 115 115 116 117 117 118 118 119 118 119 118 118 117 117 118 117
-9999 -9999 -9999 -9999 -9999 -9999 -9999 -9999 -9999 -9999 -9999 -9999 159 158 154 152 147 144 145 140 142 137 134 135 137 132 135 134 136 136 136 138 131 117 114 123 136 138 134 135 135 134 133 130 131 128 127 122 123 116 114 114 114 117 112 112 112 112 112 111 110 111 111 110 111 111 112 111 112 112 112 113 114 114 115 115 115 116 117 118 118 118 118 118 118 117 118 117 117 117
-9999 -9999 -9999 -9999 -9999 -9999 -9999 -9999 -9999 -9999 -9999 164 162 160 157 150 141 146 147 142 141 139 138 138 138 137 136 138 137 138 138 139 136 119 117 122 140 127 127 133 135 134 133 131 131 127 128 125 119 115 113 113 113 117 112 112 112 111 110 110 111 111 111 111 111 111 112 111 112 112 113 112 113 114 114 114 115 116 116 117 117 118 118 117 117 117 117 118 117 117
-9999 -9999 -9999 -9999 -9999 -9999 -9999 -9999 -9999 -9999 168 166 166 164 156 147 144 151 150 149 147 146 143 142 140 139 140 141 139 138 130 127 147 135 119 120 135 126 138 139 137 134 134 129 129 126 128 124 118 115 113 113 114 116 111 112 112 112 111 110 110 111 111 111 111 111 111 111 111 112 112 112 112 113 114 115 114 115 116 116 116 117 117 117 117 118 117 117 117 117
-9999 -9999 -9999 -9999 -9999 -9999 -9999 -9999 -9999 171 170 169 167 163 156 150 155 157 156 154 154 153 151 146 142 140 142 140 142 141 141 132 139 139 121 120 123 130 138 138 136 132 130 127 130 123 127 123 118 114 113 113 114 116 111 111 111 111 111 111 110 111 111 111 110 111 111 111 112 111 111 112 112 112 113 114 114 115 115 116 116 116 117 117 117 117 118 118 117 117
-9999 -9999 -9999 -9999 -9999 -9999 -9999 -9999 -9999 173 173 172 170 165 157 159 161 162 161 161 159 158 154 149 151 146 142 139 143 140 145 139 125 135 123 126 126 139 137 137 136 130 131 126 124 120 121 121 116 113 113 112 113 115 111 112 111 110 110 111 110 111 111 111 110 111 111 111 112 112 111 111 112 111 112 113 113 114 115 115 116 116 116 117 117 117 117 117 117 118
-9999 -9999 -9999 -9999 -9999 -9999 -9999 -9999 175 176 175 175 173 167 164 166 166 167 166 165 163 161 158 151 153 148 143 142 143 142 144 135 125 125 126 131 132 137 140 138 136 132 125 127 123 120 118 119 114 113 112 112 114 113 111 111 110 110 110 110 111 111 111 111 110 111 111 110 111 111 112 111 111 112 112 112 113 113 114 115 115 117 117 117 117 117 118 117 117 117
-9999 -9999 -9999 -9999 -9999 -9999 -9999 -9999 -9999 176 177 175 171 169 170 170 170 170 170 168 166 164 159 153 151 143 143 139 141 142 141 130 128 127 137 140 131 137 135 136 135 132 126 130 124 119 118 116 114 113 112 113 115 111 111 110 110 110 111 111 110 111 111 110 110 111 111 111 111 111 111 112 112 111 111 112 113 113 114 115 116 116 117 117 118 117 117 118 118 118
-9999 -9999 -9999 -9999 -9999 -9999 -9999 -9999 178 178 178 174 169 170 175 175 173 174 173 171 170 166 155 154 150 143 140 137 141 136 136 129 128 134 142 137 136 133 130 134 135 133 127 130 126 119 118 115 114 113 113 115 113 112 111 111 111 111 110 110 110 111 110 110 111 110 110 110 111 111 111 111 112 111 112 112 113 114 114 115 116 116 116 117 117 118 118 118 118 119
-9999 -9999 -9999 -9999 -9999 -9999 -9999 -9999 178 180 180 179 178 179 179 178 177 177 176 174 173 171 162 150 141 142 140 140 139 133 131 130 130 132 141 137 132 131 136 136 134 131 130 129 124 118 117 115 114 113 116 117 112 112 111 111 111 110 110 109 110 110 111 110 110 110 110 110 111 110 110 111 111 111 111 112 113 113 115 115 116 117 117 117 118 119 119 119 119 119
-9999 -9999 -9999 -9999 -9999 -9999 -9999 -9999 -9999 181 181 182 182 183 181 181 180 179 177 175 174 172 160 147 142 140 141 140 140 138 132 132 132 136 139 138 132 131 135 135 134 130 131 125 119 117 117 114 115 113 119 115 113 112 111 111 111 110 110 110 111 111 111 111 110 111 110 110 110 110 110 111 110 111 112 112 114 114 115 116 116 116 118 118 118 118 118 119 119 119
-9999 -9999 -9999 -9999 -9999 -9999 -9999 -9999 -9999 -9999 182 183 184 184 183 182 181 180 180 178 177 173 161 145 142 138 140 142 139 142 134 132 133 136 138 138 135 133 135 134 133 129 130 124 120 118 117 114 115 114 119 116 115 112 112 111 110 110 111 111 111 111 111 111 111 111 110 110 110 110 110 110 110 111 112 113 113 114 115 116 117 118 118 118 118 119 119 119 119 120
-9999 -9999 -9999 -9999 -9999 -9999 -9999 -9999 -9999 -9999 -9999 184 184 185 184 184 183 182 180 178 177 174 168 149 142 141 139 143 143 140 135 134 137 137 137 136 135 133 134 134 132 129 129 122 122 120 118 114 115 115 119 117 115 114 112 112 111 111 111 111 112 111 111 111 111 111 110 110 110 110 110 110 111 112 113 113 114 115 115 116 117 118 118 118 119 119 120 120 120 121
-9999 -9999 -9999 -9999 -9999 -9999 -9999 -9999 -9999 -9999 -9999 184 185 185 185 185 184 182 181 179 177 175 171 160 147 142 143 140 138 136 136 134 134 134 136 135 135 134 134 132 132 131 125 120 119 124 122 117 116 122 122 120 118 116 114 112 112 111 111 111 111 110 110 111 111 110 111 111 110 111 110 110 112 112 112 114 115 116 116 117 118 118 118 118 119 120 120 120 121 121
-9999 -9999 -9999 -9999 -9999 -9999 -9999 -9999 -9999 -9999 184 184 185 185 185 185 184 184 180 178 176 175 172 169 159 147 141 141 141 137 136 136 135 136 136 136 133 133 132 132 132 130 127 121 119 120 121 118 116 118 122 122 118 117 118 113 112 111 112 111 112 111 112 112 111 110 111 110 110 111 110 111 111 112 114 114 115 115 116 118 119 119 119 121 120 120 121 121 121 122
-9999 -9999 -9999 -9999 -9999 -9999 -9999 -9999 -9999 183 183 185 184 185 185 185 185 183 180 177 177 174 172 169 166 159 149 145 139 139 141 137 137 135 137 136 133 132 131 132 132 131 124 120 119 120 120 120 121 118 119 122 118 118 118 118 115 113 113 112 112 112 112 112 111 111 111 111 111 111 111 111 112 114 113 115 116 116 118 118 119 120 120 120 122 122 123 121 122 122
-9999 -9999 -9999 -9999 -9999 -9999 -9999 -9999 -9999 -9999 -9999 183 184 184 184 184 183 183 180 177 176 174 172 169 165 157 158 151 139 140 141 139 138 138 136 135 134 132 128 131 133 130 124 123 122 122 124 122 125 122 123 123 119 121 120 118 118 118 116 114 113 112 113 112 113 112 111 111 111 111 111 112 112 113 114 116 116 118 118 120 120 120 121 121 122 122 122 123 123 123
-9999 -9999 -9999 -9999 -9999 -9999 -9999 -9999 -9999 -9999 -9999 -9999 184 184 183 183 183 181 179 178 175 173 171 169 163 160 155 149 139 142 143 143 139 139 135 135 135 131 126 127 130 130 124 127 127 127 125 126 128 125 125 125 123 123 122 119 118 118 118 118 116 114 112 113 113 112 112 112 111 111 112 112 113 114 115 116 118 119 119 120 120 122 122 123 123 123 123 123 123 124
-9999 -9999 -9999 -9999 -9999 -9999 -9999 -9999 -9999 -9999 -9999 -9999 -9999 183 183 181 181 180 179 176 174 172 170 167 163 157 153 151 141 143 142 143 140 138 136 133 132 129 127 125 126 127 124 129 133 129 126 125 128 127 127 126 124 125 125 123 119 118 119 118 120 119 113 114 114 113 113 112 113 112 113 114 114 115 116 118 119 120 120 122 122 123 123 123 124 123 124 124 125 125
-9999 -9999 -9999 -9999 -9999 -9999 -9999 -9999 -9999 -9999 -9999 -9999 -9999 181 181 180 179 179 178 176 174 172 169 166 162 156 150 150 142 140 143 142 142 142 137 136 133 131 127 127 123 123 128 133 136 131 131 131 128 129 128 126 124 127 126 124 123 123 121 120 120 122 119 114 114 113 113 113 112 113 114 115 116 117 117 119 120 121 122 123 123 123 123 124 125 125 124 124 125 125
-9999 -9999 -9999 -9999 -9999 -9999 -9999 -9999 -9999 -9999 -9999 -9999 -9999 -9999 180 179 179 178 177 175 173 171 169 166 164 161 155 148 141 145 144 140 142 143 137 138 137 133 128 124 124 123 124 130 136 138 138 133 130 132 130 128 124 126 125 125 125 125 124 123 122 122 123 116 115 113 114 114 114 115 115 116 117 117 119 121 122 122 123 123 124 124 125 126 126 126 125 126 126 126
-9999 -9999 -9999 -9999 -9999 -9999 -9999 -9999 -9999 -9999 -9999 -9999 -9999 -9999 179 178 177 177 176 174 172 171 169 167 164 161 157 147 142 145 144 139 143 145 138 136 139 134 127 125 124 124 124 125 128 134 139 134 132 133 134 130 126 123 122 121 123 122 122 121 124 124 123 118 116 115 114 114 116 116 116 117 118 120 121 122 123 124 125 125 126 126 126 126 127 127 127 127 128 127
-9999 -9999 -9999 -9999 -9999 -9999 -9999 -9999 -9999 -9999 -9999 -9999 -9999 178 177 177 176 176 174 173 171 169 168 166 164 161 158 152 142 145 142 139 143 144 141 136 140 138 129 126 128 126 126 125 124 129 136 139 135 133 136 134 135 128 124 122 121 122 122 121 122 124 127 122 118 117 116 116 117 117 118 119 120 121 123 123 124 125 126 126 126 127 127 127 128 128 128 128 127 128
-9999 -9999 -9999 -9999 -9999 -9999 -9999 -9999 -9999 -9999 178 177 177 178 177 176 176 174 173 172 171 169 168 166 163 161 158 155 147 142 147 141 142 141 142 138 135 134 129 127 132 135 136 133 129 128 132 136 134 136 135 141 135 133 128 124 122 122 122 123 123 126 130 123 121 120 117 119 119 119 121 121 123 124 125 126 126 127 128 128 128 128 128 128 129 129 129 129 129 129
-9999 -9999 -9999 -9999 -9999 -9999 -9999 -9999 -9999 -9999 177 177 177 176 176 175 174 173 173 171 170 168 167 165 163 160 157 156 149 143 147 144 142 139 142 142 140 135 136 131 129 137 140 141 137 133 134 136 133 141 141 142 142 140 134 129 124 123 123 123 126 127 132 128 126 124 121 121 122 123 124 124 126 126 128 129 129 129 129 129 130 130 130 130 130 130 131 130 129 129
-9999 -9999 -9999 -9999 -9999 -9999 -9999 -9999 -9999 -9999 -9999 175 175 175 175 174 173 173 171 170 169 168 166 165 163 161 158 155 152 145 145 150 150 144 139 138 138 136 138 137 131 133 137 137 146 138 136 143 136 140 141 143 148 148 144 136 129 124 124 124 125 127 130 132 127 127 124 126 126 128 128 128 129 129 130 131 130 131 131 131 131 131 131 131 131 131 131 131 131 130
-9999 -9999 -9999 -9999 -9999 -9999 -9999 -9999 -9999 -9999 -9999 -9999 174 174 173 174 172 171 170 169 169 167 166 165 163 161 158 157 154 147 149 155 155 149 143 142 144 139 142 142 135 136 133 137 144 141 143 147 140 138 138 146 148 149 148 140 133 128 126 126 129 128 129 129 131 129 127 129 132 132 132 132 133 132 132 132 133 133 132 133 132 133 133 132 132 132 132 132 132 132
-9999 -9999 -9999 -9999 -9999 -9999 -9999 -9999 -9999 -9999 -9999 -9999 -9999 173 173 172 172 171 170 169 168 166 165 164 163 161 159 158 155 148 151 155 156 155 150 142 146 143 149 146 144 139 139 135 139 144 148 147 141 139 140 140 142 144 146 140 135 133 129 130 133 132 129 129 130 129 129 132 136 137 137 136 136 136 135 135 135 134 135 134 134 133 133 134 133 133 132 132 133 133
-9999 -9999 -9999 -9999 -9999 -9999 -9999 -9999 -9999 -9999 -9999 -9999 -9999 -9999 173 172 171 170 169 168 168 165 165 164 163 161 160 158 157 153 149 151 155 158 153 148 146 151 156 151 149 143 143 139 140 141 143 151 143 146 149 143 146 142 142 143 142 136 135 135 137 136 132 132 132 133 134 134 142 142 141 140 139 138 138 137 137 137 136 136 135 135 135 134 134 134 134 134 133 133
-9999 -9999 -9999 -9999 -9999 -9999 -9999 -9999 -9999 -9999 -9999 -9999 -9999 -9999 -9999 -9999 170 169 168 168 166 165 164 163 162 161 160 159 158 155 153 150 156 160 157 156 150 155 156 155 154 156 148 145 140 144 146 156 149 145 152 146 142 140 140 143 146 143 140 140 139 137 136 134 132 133 134 135 139 138 140 143 141 141 140 139 139 138 138 137 137 136 136 136 135 134 135 135 135 134
-9999 -9999 -9999 -9999 -9999 -9999 -9999 -9999 -9999 -9999 -9999 -9999 -9999 -9999 -9999 -9999 -9999 -9999 -9999 167 166 166 165 163 163 162 161 160 159 157 155 152 153 152 153 160 155 154 160 162 158 161 153 159 148 140 146 157 157 147 154 150 143 141 141 140 144 144 144 139 140 137 135 135 135 138 143 145 140 140 140 142 143 144 142 141 140 140 140 139 138 138 137 136 136 136 136 135 135 135
-9999 -9999 -9999 -9999 -9999 -9999 -9999 -9999 -9999 -9999 -9999 -9999 -9999 -9999 -9999 -9999 -9999 -9999 -9999 -9999 166 165 164 163 162 161 161 161 160 159 157 156 154 151 156 159 153 156 159 159 162 164 158 164 161 152 142 156 160 154 154 159 147 145 144 142 144 141 146 142 138 138 134 133 137 137 147 152 150 143 145 146 145 145 143 142 142 142 141 140 139 139 138 137 137 137 137 136 136 136
-9999 -9999 -9999 -9999 -9999 -9999 -9999 -9999 -9999 -9999 -9999 -9999 -9999 -9999 -9999 -9999 -9999 -9999 -9999 -9999 -9999 -9999 163 163 163 162 162 162 161 161 161 159 158 154 154 154 155 158 161 167 167 167 165 166 166 160 142 151 156 160 153 158 151 149 146 142 142 142 145 142 138 136 136 136 136 137 143 150 150 144 149 149 146 147 145 144 144 143 142 141 140 140 139 139 138 138 138 138 137 137
-9999 -9999 -9999 -9999 -9999 -9999 -9999 -9999 -9999 -9999 -9999 -9999 -9999 -9999 -9999 -9999 -9999 -9999 -9999 -9999 -9999 -9999 -9999 -9999 162 161 162 162 163 162 163 161 159 157 163 160 162 166 167 169 168 170 169 169 168 162 151 144 157 164 159 157 150 148 145 145 139 142 143 142 138 136 136 136 141 138 142 148 150 146 143 148 147 148 146 146 144 144 143 142 141 141 139 139 139 139 138 138 138 138
-9999 -9999 -9999 -9999 -9999 -9999 -9999 -9999 -9999 -9999 -9999 -9999 -9999 -9999 -9999 -9999 -9999 -9999 -9999 -9999 -9999 -9999 -9999 -9999 -9999 161 162 163 164 165 164 163 162 159 165 170 171 171 172 170 169 172 171 169 165 160 164 148 154 167 166 162 154 149 150 147 143 139 141 141 140 138 135 137 142 143 144 148 150 148 145 145 147 148 147 147 146 146 144 143 143 142 140 140 140 140 139 138 139 139
-9999 -9999 -9999 -9999 -9999 -9999 -9999 -9999 -9999 -9999 -9999 -9999 -9999 -9999 -9999 -9999 -9999 -9999 -9999 -9999 -9999 -9999 -9999 -9999 -9999 162 164 166 166 167 166 165 165 161 160 170 173 171 173 172 170 172 171 170 170 172 169 151 155 169 169 167 162 155 152 151 147 141 142 144 139 137 136 138 142 144 146 148 149 149 148 146 147 148 148 148 148 146 145 144 143 142 141 141 140 140 140 139 139 139
-9999 -9999 -9999 -9999 -9999 -9999 -9999 -9999 -9999 -9999 -9999 -9999 -9999 -9999 -9999 -9999 -9999 -9999 -9999 -9999 -9999 -9999 -9999 -9999 -9999 -9999 164 165 167 168 168 168 166 164 170 174 174 174 176 175 173 172 171 172 173 175 173 155 152 167 170 170 164 157 155 151 147 140 139 140 141 137 137 139 141 144 145 147 148 149 149 148 148 149 149 148 148 147 146 145 143 142 142 142 141 141 141 141 141 139
