bio_clim/bio_6.asc
ncols         156
nrows         252
xllcorner     -82
yllcorner     -8
cellsize      0.083333337679505
NODATA_value  -9999
[rows 120 to 159 of 252, columns 0 to 88 of 156]
-9999 -9999 -9999 -9999 -9999 -9999 -9999 -9999 -9999 -9999 -9999 -9999 -9999 -9999 -9999 -9999 -9999 -9999 -9999 -9999 -9999 -9999 -9999 -9999 -9999 -9999 -9999 -9999 -9999 -9999 -9999 -9999 -9999 -9999 -9999 -9999 -9999 -9999 -9999 -9999 -9999 -9999 -9999 -9999 -9999 -9999 -9999 -9999 -9999 -9999 -9999 -9999 220 218 218 218 215 212 198 193 149 96 114 149 151 154 146 123 129 76 31 2 30 55 76 79 122 150 187 205 209 202 183 147 113 87 77 107 137
-9999 -9999 -9999 -9999 -9999 -9999 -9999 -9999 -9999 -9999 -9999 -9999 -9999 -9999 -9999 -9999 -9999 -9999 -9999 -9999 -9999 -9999 -9999 -9999 -9999 -9999 -9999 -9999 -9999 -9999 -9999 -9999 -9999 -9999 -9999 -9999 -9999 -9999 -9999 -9999 -9999 -9999 -9999 -9999 -9999 -9999 -9999 -9999 -9999 -9999 -9999 -9999 220 218 217 215 215 214 203 198 159 98 115 144 142 145 128 102 91 42 39 42 64 29 52 74 111 165 190 202 208 194 159 112 88 87 89 108 146
-9999 -9999 -9999 -9999 -9999 -9999 -9999 -9999 -9999 -9999 -9999 -9999 -9999 -9999 -9999 -9999 -9999 -9999 -9999 -9999 -9999 -9999 -9999 -9999 -9999 -9999 -9999 -9999 -9999 -9999 -9999 -9999 -9999 -9999 -9999 -9999 -9999 -9999 -9999 -9999 -9999 -9999 -9999 -9999 -9999 -9999 -9999 -9999 -9999 -9999 -9999 -9999 218 217 217 214 209 198 195 185 133 103 112 144 131 133 115 80 62 42 62 94 87 45 85 93 117 173 179 195 201 162 121 106 108 123 105 133 133
-9999 -9999 -9999 -9999 -9999 -9999 -9999 -9999 -9999 -9999 -9999 -9999 -9999 -9999 -9999 -9999 -9999 -9999 -9999 -9999 -9999 -9999 -9999 -9999 -9999 -9999 -9999 -9999 -9999 -9999 -9999 -9999 -9999 -9999 -9999 -9999 -9999 -9999 -9999 -9999 -9999 -9999 -9999 -9999 -9999 -9999 -9999 -9999 -9999 -9999 219 218 217 215 215 210 186 193 188 161 139 93 124 135 126 119 95 70 38 39 73 106 107 77 115 107 154 182 193 201 187 118 99 104 123 143 138 150 133
-9999 -9999 -9999 -9999 -9999 -9999 -9999 -9999 -9999 -9999 -9999 -9999 -9999 -9999 -9999 -9999 -9999 -9999 -9999 -9999 -9999 -9999 -9999 -9999 -9999 -9999 -9999 -9999 -9999 -9999 -9999 -9999 -9999 -9999 -9999 -9999 -9999 -9999 -9999 -9999 -9999 -9999 -9999 223 221 221 220 219 219 218 219 217 215 212 210 197 172 172 184 167 130 99 126 122 119 113 85 69 37 32 55 102 120 116 141 150 174 190 194 193 157 121 98 85 112 136 162 165 143
-9999 -9999 -9999 -9999 -9999 -9999 -9999 -9999 -9999 -9999 -9999 -9999 -9999 -9999 -9999 -9999 -9999 -9999 -9999 -9999 -9999 -9999 -9999 -9999 -9999 -9999 -9999 -9999 -9999 -9999 -9999 -9999 -9999 -9999 -9999 -9999 -9999 -9999 -9999 -9999 -9999 -9999 224 223 223 222 221 219 218 217 217 216 214 206 192 172 136 173 150 155 109 112 126 124 117 112 90 63 38 34 85 128 141 143 145 171 170 183 179 163 153 95 93 109 133 157 173 169 182
-9999 -9999 -9999 -9999 -9999 -9999 -9999 -9999 -9999 -9999 -9999 -9999 -9999 -9999 -9999 -9999 -9999 -9999 -9999 -9999 -9999 -9999 -9999 -9999 -9999 -9999 -9999 -9999 -9999 -9999 -9999 -9999 -9999 -9999 -9999 -9999 -9999 -9999 -9999 -9999 -9999 226 225 224 223 222 221 220 218 216 216 215 212 194 161 133 132 158 142 137 101 121 121 119 115 106 84 45 40 40 71 111 134 160 164 175 177 179 147 140 116 91 107 131 158 176 178 185 192
-9999 -9999 -9999 -9999 -9999 -9999 -9999 -9999 -9999 -9999 -9999 -9999 -9999 -9999 -9999 -9999 -9999 -9999 -9999 -9999 -9999 -9999 -9999 -9999 -9999 -9999 -9999 -9999 -9999 -9999 -9999 -9999 -9999 -9999 -9999 -9999 -9999 -9999 -9999 -9999 -9999 227 226 225 224 222 221 219 218 216 215 212 206 179 107 80 117 140 101 116 134 156 142 115 107 87 66 28 31 41 75 96 126 151 144 158 171 169 132 88 82 110 134 147 171 183 189 191 194
-9999 -9999 -9999 -9999 -9999 -9999 -9999 -9999 -9999 -9999 -9999 -9999 -9999 -9999 -9999 -9999 -9999 -9999 -9999 -9999 -9999 -9999 -9999 -9999 -9999 -9999 -9999 -9999 -9999 -9999 -9999 -9999 -9999 -9999 -9999 -9999 -9999 -9999 -9999 -9999 227 227 225 225 224 222 221 219 218 215 214 212 198 166 107 72 115 120 99 138 166 169 146 122 92 60 36 1 39 74 94 117 136 121 153 173 178 158 104 62 110 128 154 149 171 183 187 191 193
-9999 -9999 -9999 -9999 -9999 -9999 -9999 -9999 -9999 -9999 -9999 -9999 -9999 -9999 -9999 -9999 -9999 -9999 -9999 -9999 -9999 -9999 -9999 -9999 -9999 -9999 -9999 -9999 -9999 -9999 -9999 -9999 -9999 -9999 -9999 -9999 -9999 -9999 -9999 -9999 228 227 225 225 224 222 221 219 216 215 212 210 193 149 132 99 97 98 133 172 172 163 150 109 78 42 45 35 58 81 99 123 123 130 172 178 173 145 84 82 128 149 163 152 169 182 191 192 193
-9999 -9999 -9999 -9999 -9999 -9999 -9999 -9999 -9999 -9999 -9999 -9999 -9999 -9999 -9999 -9999 -9999 -9999 -9999 -9999 -9999 -9999 -9999 -9999 -9999 -9999 -9999 -9999 -9999 -9999 -9999 -9999 -9999 -9999 -9999 -9999 -9999 -9999 -9999 -9999 228 227 226 225 224 222 221 218 216 214 214 205 191 171 163 129 79 118 160 180 170 152 132 96 38 30 38 53 75 94 94 106 106 154 175 173 156 114 75 115 153 164 160 143 172 192 193 194 191
-9999 -9999 -9999 -9999 -9999 -9999 -9999 -9999 -9999 -9999 -9999 -9999 -9999 -9999 -9999 -9999 -9999 -9999 -9999 -9999 -9999 -9999 -9999 -9999 -9999 -9999 -9999 -9999 -9999 -9999 -9999 -9999 -9999 -9999 -9999 -9999 -9999 -9999 -9999 -9999 229 226 227 225 224 222 221 218 215 212 210 191 177 183 161 115 126 155 183 181 162 116 95 57 43 41 53 75 97 110 117 124 153 167 166 158 122 108 119 126 157 162 171 176 194 195 196 193 191
-9999 -9999 -9999 -9999 -9999 -9999 -9999 -9999 -9999 -9999 -9999 -9999 -9999 -9999 -9999 -9999 -9999 -9999 -9999 -9999 -9999 -9999 -9999 -9999 -9999 -9999 -9999 -9999 -9999 -9999 -9999 -9999 -9999 -9999 -9999 -9999 -9999 -9999 -9999 -9999 -9999 226 225 225 223 222 220 217 213 211 197 185 182 186 157 135 142 183 184 180 162 103 66 44 38 57 89 102 118 121 142 148 146 145 166 145 113 130 147 126 140 169 197 202 199 198 198 195 194
-9999 -9999 -9999 -9999 -9999 -9999 -9999 -9999 -9999 -9999 -9999 -9999 -9999 -9999 -9999 -9999 -9999 -9999 -9999 -9999 -9999 -9999 -9999 -9999 -9999 -9999 -9999 -9999 -9999 -9999 -9999 -9999 -9999 -9999 -9999 -9999 -9999 -9999 -9999 -9999 -9999 227 225 224 223 221 219 216 213 207 198 196 194 189 174 150 176 182 178 174 140 135 98 58 37 36 82 112 125 136 147 151 136 146 156 118 126 161 150 151 163 200 205 203 200 199 199 197 195
-9999 -9999 -9999 -9999 -9999 -9999 -9999 -9999 -9999 -9999 -9999 -9999 -9999 -9999 -9999 -9999 -9999 -9999 -9999 -9999 -9999 -9999 -9999 -9999 -9999 -9999 -9999 -9999 -9999 -9999 -9999 -9999 -9999 -9999 -9999 -9999 -9999 -9999 229 -9999 228 227 224 222 222 220 217 214 210 201 197 190 188 183 162 136 182 177 173 156 123 107 87 59 62 60 75 81 103 127 139 137 140 148 125 122 156 178 170 156 177 205 205 204 202 201 201 199 197
-9999 -9999 -9999 -9999 -9999 -9999 -9999 -9999 -9999 -9999 -9999 -9999 -9999 -9999 -9999 -9999 -9999 -9999 -9999 -9999 -9999 -9999 -9999 -9999 -9999 -9999 -9999 -9999 -9999 -9999 -9999 -9999 -9999 -9999 -9999 -9999 -9999 225 226 227 225 224 222 219 219 218 215 213 209 198 199 175 147 179 161 153 180 173 161 123 92 68 50 63 94 109 77 72 81 114 129 135 138 131 147 152 186 190 179 159 190 205 205 205 203 202 202 200 198
-9999 -9999 -9999 -9999 -9999 -9999 -9999 -9999 -9999 -9999 -9999 -9999 -9999 -9999 -9999 -9999 -9999 -9999 -9999 -9999 -9999 -9999 -9999 -9999 -9999 -9999 -9999 -9999 -9999 -9999 -9999 -9999 -9999 -9999 -9999 -9999 223 223 222 222 222 219 218 216 215 215 211 212 205 202 192 160 113 126 171 172 175 162 144 111 97 44 55 62 94 118 101 88 99 96 108 124 155 175 179 178 201 201 194 164 199 205 205 205 204 203 203 201 200
-9999 -9999 -9999 -9999 -9999 -9999 -9999 -9999 -9999 -9999 -9999 -9999 -9999 -9999 -9999 -9999 -9999 -9999 -9999 -9999 -9999 -9999 -9999 -9999 -9999 -9999 -9999 -9999 -9999 -9999 -9999 -9999 -9999 -9999 -9999 -9999 -9999 221 219 219 218 217 214 211 209 209 203 202 198 197 182 144 97 107 170 169 146 109 103 95 67 43 73 89 130 144 121 116 116 89 99 130 167 192 191 198 206 207 200 196 205 205 205 204 205 203 203 201 200
-9999 -9999 -9999 -9999 -9999 -9999 -9999 -9999 -9999 -9999 -9999 -9999 -9999 -9999 -9999 -9999 -9999 -9999 -9999 -9999 -9999 -9999 -9999 -9999 -9999 -9999 -9999 -9999 -9999 -9999 -9999 -9999 -9999 -9999 -9999 -9999 -9999 -9999 218 217 216 214 210 204 200 197 190 194 185 186 176 142 102 139 154 126 148 135 133 106 58 58 88 138 166 142 147 138 119 120 117 144 178 196 200 206 206 207 207 205 205 205 204 205 205 204 204 202 200
-9999 -9999 -9999 -9999 -9999 -9999 -9999 -9999 -9999 -9999 -9999 -9999 -9999 -9999 -9999 -9999 -9999 -9999 -9999 -9999 -9999 -9999 -9999 -9999 -9999 -9999 -9999 -9999 -9999 -9999 -9999 -9999 -9999 -9999 -9999 -9999 -9999 -9999 217 215 214 213 209 203 194 187 175 177 166 164 167 134 103 132 143 103 123 111 107 103 53 70 88 103 154 173 150 151 123 137 128 166 192 203 204 205 206 206 206 206 205 205 203 203 204 204 204 202 201
-9999 -9999 -9999 -9999 -9999 -9999 -9999 -9999 -9999 -9999 -9999 -9999 -9999 -9999 -9999 -9999 -9999 -9999 -9999 -9999 -9999 -9999 -9999 -9999 -9999 -9999 -9999 -9999 -9999 -9999 -9999 -9999 -9999 -9999 -9999 -9999 218 217 216 212 210 210 207 203 188 178 167 141 137 142 131 105 107 122 122 91 92 76 73 77 67 46 88 104 154 176 172 147 154 161 172 186 201 203 203 203 204 205 205 204 204 205 204 203 203 204 204 203 202
-9999 -9999 -9999 -9999 -9999 -9999 -9999 -9999 -9999 -9999 -9999 -9999 -9999 -9999 -9999 -9999 -9999 -9999 -9999 -9999 -9999 -9999 -9999 -9999 -9999 -9999 -9999 -9999 -9999 -9999 -9999 -9999 -9999 -9999 -9999 218 217 216 214 212 207 205 202 193 191 176 151 143 128 112 85 73 82 99 113 44 78 65 43 65 92 84 107 138 169 160 135 142 177 186 199 203 203 203 203 203 203 204 204 204 204 205 204 203 203 204 205 203 202
-9999 -9999 -9999 -9999 -9999 -9999 -9999 -9999 -9999 -9999 -9999 -9999 -9999 -9999 -9999 -9999 -9999 -9999 -9999 -9999 -9999 -9999 -9999 -9999 -9999 -9999 -9999 -9999 -9999 -9999 -9999 -9999 -9999 -9999 217 217 216 215 214 212 207 198 199 191 179 166 130 140 117 96 65 42 54 75 106 69 64 57 67 80 98 80 73 151 174 168 145 184 198 202 203 204 204 203 202 202 203 203 204 204 204 205 204 202 203 203 205 204 202
-9999 -9999 -9999 -9999 -9999 -9999 -9999 -9999 -9999 -9999 -9999 -9999 -9999 -9999 -9999 -9999 -9999 -9999 -9999 -9999 -9999 -9999 -9999 -9999 -9999 -9999 -9999 -9999 -9999 -9999 214 213 214 214 214 214 214 213 212 209 203 193 190 177 166 153 143 124 107 63 50 50 58 73 105 69 53 58 70 61 78 113 127 160 186 185 194 199 201 202 203 203 204 203 203 203 202 203 203 204 204 205 204 203 203 202 204 205 203
-9999 -9999 -9999 -9999 -9999 -9999 -9999 -9999 -9999 -9999 -9999 -9999 -9999 -9999 -9999 -9999 -9999 -9999 -9999 -9999 -9999 -9999 -9999 -9999 -9999 -9999 -9999 212 214 209 209 210 211 211 212 212 211 210 207 204 196 184 170 146 148 142 127 87 58 26 42 53 49 59 83 41 48 57 66 62 94 118 134 179 192 193 196 200 201 202 202 203 203 203 203 203 203 202 203 203 205 204 203 203 202 203 203 205 203
-9999 -9999 -9999 -9999 -9999 -9999 -9999 -9999 -9999 -9999 -9999 -9999 -9999 -9999 -9999 -9999 -9999 -9999 -9999 -9999 -9999 -9999 -9999 -9999 -9999 -9999 213 211 211 201 205 210 207 208 211 210 210 206 204 195 181 168 172 147 125 111 108 95 36 31 51 53 59 71 54 46 73 54 75 100 135 159 175 191 194 195 195 198 199 200 201 202 202 203 203 203 204 204 203 203 204 205 203 202 202 203 203 205 204
-9999 -9999 -9999 -9999 -9999 -9999 -9999 -9999 -9999 -9999 -9999 -9999 -9999 -9999 -9999 -9999 -9999 -9999 -9999 -9999 -9999 -9999 -9999 212 214 213 206 206 208 206 206 207 204 206 208 208 207 207 198 179 161 140 157 157 154 131 95 60 15 36 53 55 58 58 45 68 103 82 122 145 166 181 192 194 195 196 196 197 198 199 200 201 202 202 203 203 203 204 204 204 204 205 203 202 202 203 203 204 205
-9999 -9999 -9999 -9999 -9999 -9999 -9999 -9999 -9999 -9999 -9999 -9999 -9999 -9999 -9999 -9999 -9999 -9999 -9999 -9999 -9999 -9999 -9999 211 213 210 204 204 198 210 200 205 203 205 203 203 206 202 191 177 153 140 140 126 109 139 98 30 27 26 40 49 46 58 63 65 82 128 150 170 183 191 194 196 196 196 196 197 198 199 200 201 201 202 203 203 203 204 204 204 205 205 204 203 202 203 204 203 204
-9999 -9999 -9999 -9999 -9999 -9999 -9999 -9999 -9999 -9999 -9999 -9999 -9999 -9999 -9999 -9999 -9999 -9999 -9999 -9999 -9999 -9999 -9999 -9999 216 212 201 198 199 209 203 201 201 197 201 203 195 186 177 171 158 133 101 81 82 100 119 54 54 44 60 49 42 59 71 42 107 143 171 176 183 190 195 196 196 197 196 198 197 199 200 201 201 202 203 203 204 203 203 202 204 205 204 203 203 204 204 204 204
-9999 -9999 -9999 -9999 -9999 -9999 -9999 -9999 -9999 -9999 -9999 -9999 -9999 -9999 -9999 -9999 -9999 -9999 -9999 -9999 -9999 -9999 -9999 -9999 216 213 203 201 202 204 205 199 194 195 194 189 179 159 139 152 134 90 52 34 40 77 116 87 65 64 62 42 33 77 59 88 137 171 183 183 186 191 195 195 196 197 197 197 198 199 199 201 201 202 202 203 203 204 204 203 204 205 205 204 203 204 204 204 204
-9999 -9999 -9999 -9999 -9999 -9999 -9999 -9999 -9999 -9999 -9999 -9999 -9999 -9999 -9999 -9999 -9999 -9999 -9999 -9999 -9999 -9999 -9999 215 212 210 199 192 198 201 203 203 200 197 195 187 167 123 105 125 83 81 61 26 29 85 118 120 104 68 42 71 64 107 85 121 162 185 190 188 191 193 195 195 196 197 198 198 199 200 200 201 201 201 202 203 203 203 204 204 204 205 205 205 204 204 205 205 204
-9999 -9999 -9999 -9999 -9999 -9999 -9999 -9999 -9999 -9999 -9999 -9999 -9999 -9999 -9999 -9999 -9999 -9999 -9999 -9999 -9999 -9999 -9999 -9999 212 207 194 190 197 204 205 203 201 199 196 187 154 122 91 87 70 102 86 30 56 85 92 73 89 69 39 70 97 106 113 145 179 187 191 192 193 194 194 195 196 197 198 198 198 200 201 201 201 201 202 203 203 203 203 203 204 204 204 205 205 204 205 205 204
-9999 -9999 -9999 -9999 -9999 -9999 -9999 -9999 -9999 -9999 -9999 -9999 -9999 -9999 -9999 -9999 -9999 -9999 -9999 -9999 -9999 -9999 -9999 -9999 212 208 193 191 202 203 204 202 200 197 193 187 169 144 135 122 115 110 64 43 68 60 68 39 61 49 50 96 113 131 159 168 181 188 191 193 194 195 195 195 196 196 196 197 198 199 200 202 201 201 202 202 203 203 204 204 204 203 203 205 205 204 205 205 204
-9999 -9999 -9999 -9999 -9999 -9999 -9999 -9999 -9999 -9999 -9999 -9999 -9999 -9999 -9999 -9999 -9999 -9999 -9999 -9999 -9999 -9999 -9999 -9999 -9999 202 192 197 201 202 202 202 200 195 188 184 178 168 150 150 140 107 66 59 58 59 49 33 32 42 80 113 146 159 174 174 179 189 190 191 193 194 194 194 195 196 197 198 198 200 200 201 202 201 201 201 202 202 203 203 204 204 204 204 205 205 205 206 205
-9999 -9999 -9999 -9999 -9999 -9999 -9999 -9999 -9999 -9999 -9999 -9999 -9999 -9999 -9999 -9999 -9999 -9999 -9999 -9999 -9999 -9999 -9999 209 204 195 190 197 200 201 200 199 197 194 186 178 172 149 128 130 124 105 96 77 29 43 47 36 29 42 56 116 130 155 176 171 171 186 190 191 193 193 193 193 194 195 195 197 197 199 200 201 202 203 202 202 202 202 202 203 203 204 204 205 204 204 204 206 205
-9999 -9999 -9999 -9999 -9999 -9999 -9999 -9999 -9999 -9999 -9999 -9999 -9999 -9999 -9999 -9999 -9999 -9999 -9999 -9999 -9999 -9999 -9999 202 194 195 192 194 199 198 197 196 192 188 182 174 163 152 122 107 89 73 75 78 63 66 60 5 1 52 75 88 130 147 165 180 180 189 190 191 192 193 193 194 194 195 195 196 198 199 199 199 200 202 203 203 203 203 203 204 204 204 204 205 205 205 205 205 204
-9999 -9999 -9999 -9999 -9999 -9999 -9999 -9999 -9999 -9999 -9999 -9999 -9999 -9999 -9999 -9999 -9999 -9999 -9999 -9999 -9999 -9999 199 196 195 191 190 194 196 195 194 192 189 185 181 175 164 136 128 93 72 59 69 85 76 51 48 18 19 47 94 80 105 137 155 175 182 187 189 190 191 192 193 194 195 196 195 197 198 199 199 200 200 201 201 202 203 203 203 203 204 205 205 205 205 205 205 205 205
-9999 -9999 -9999 -9999 -9999 -9999 -9999 -9999 -9999 -9999 -9999 -9999 -9999 -9999 -9999 -9999 -9999 -9999 -9999 -9999 -9999 198 189 192 189 190 191 192 194 193 191 188 186 183 180 175 168 129 108 85 44 32 70 78 71 23 19 17 16 37 99 95 115 125 147 170 179 186 189 190 191 193 193 194 195 196 196 197 199 199 200 200 200 201 202 202 203 203 203 204 204 204 204 205 206 206 206 205 205
-9999 -9999 -9999 -9999 -9999 -9999 -9999 -9999 -9999 -9999 -9999 -9999 -9999 -9999 -9999 -9999 -9999 -9999 -9999 -9999 201 193 187 185 188 189 189 190 191 190 188 185 183 181 177 168 161 134 92 75 39 38 70 75 54 4 14 33 44 55 94 124 114 124 139 160 184 188 191 191 191 193 193 194 195 196 196 197 198 198 199 200 201 200 200 201 201 202 203 203 203 203 204 205 206 206 206 206 205
-9999 -9999 -9999 -9999 -9999 -9999 -9999 -9999 -9999 -9999 -9999 -9999 -9999 -9999 -9999 -9999 -9999 -9999 -9999 198 192 188 188 188 188 190 188 188 190 189 187 184 182 180 174 161 145 121 91 64 39 57 70 70 40 2 11 17 45 82 111 111 102 120 133 173 187 191 192 192 192 193 193 194 195 196 196 197 197 198 198 200 200 201 201 201 201 203 203 203 203 203 204 205 205 206 206 206 205
