bio_clim/bio_10.asc
ncols         156
nrows         252
xllcorner     -82
yllcorner     -8
cellsize      0.083333337679505
NODATA_value  -9999
[rows 117 to 155 of 252, columns 0 to 88 of 156]
-9999 -9999 -9999 -9999 -9999 -9999 -9999 -9999 -9999 -9999 -9999 -9999 -9999 -9999 -9999 -9999 -9999 -9999 -9999 -9999 -9999 -9999 -9999 -9999 -9999 -9999 -9999 -9999 -9999 -9999 -9999 -9999 -9999 -9999 -9999 -9999 -9999 -9999 -9999 -9999 -9999 -9999 -9999 -9999 -9999 -9999 -9999 -9999 -9999 -9999 -9999 -9999 -9999 267 267 267 266 266 264 238 224 222 162 185 227 241 243 243 242 217 116 74 106 157 154 170 218 199 222 234 280 281 275 261 217 201 164 157 199
-9999 -9999 -9999 -9999 -9999 -9999 -9999 -9999 -9999 -9999 -9999 -9999 -9999 -9999 -9999 -9999 -9999 -9999 -9999 -9999 -9999 -9999 -9999 -9999 -9999 -9999 -9999 -9999 -9999 -9999 -9999 -9999 -9999 -9999 -9999 -9999 -9999 -9999 -9999 -9999 -9999 -9999 -9999 -9999 -9999 -9999 -9999 -9999 -9999 -9999 -9999 -9999 -9999 267 267 267 267 266 255 229 251 226 179 220 235 241 242 242 226 191 96 66 82 110 129 170 189 192 223 252 281 278 272 246 180 172 150 181 225
-9999 -9999 -9999 -9999 -9999 -9999 -9999 -9999 -9999 -9999 -9999 -9999 -9999 -9999 -9999 -9999 -9999 -9999 -9999 -9999 -9999 -9999 -9999 -9999 -9999 -9999 -9999 -9999 -9999 -9999 -9999 -9999 -9999 -9999 -9999 -9999 -9999 -9999 -9999 -9999 -9999 -9999 -9999 -9999 -9999 -9999 -9999 -9999 -9999 -9999 -9999 -9999 267 267 267 267 266 267 256 219 218 211 181 218 234 238 238 227 203 164 78 64 86 130 162 171 146 169 231 267 277 274 255 220 178 154 158 174 187
-9999 -9999 -9999 -9999 -9999 -9999 -9999 -9999 -9999 -9999 -9999 -9999 -9999 -9999 -9999 -9999 -9999 -9999 -9999 -9999 -9999 -9999 -9999 -9999 -9999 -9999 -9999 -9999 -9999 -9999 -9999 -9999 -9999 -9999 -9999 -9999 -9999 -9999 -9999 -9999 -9999 -9999 -9999 -9999 -9999 -9999 -9999 -9999 -9999 -9999 -9999 -9999 267 266 267 268 267 266 256 253 211 155 177 215 217 221 212 189 195 134 82 51 81 107 128 131 176 204 249 269 276 267 244 202 160 132 122 153 191
-9999 -9999 -9999 -9999 -9999 -9999 -9999 -9999 -9999 -9999 -9999 -9999 -9999 -9999 -9999 -9999 -9999 -9999 -9999 -9999 -9999 -9999 -9999 -9999 -9999 -9999 -9999 -9999 -9999 -9999 -9999 -9999 -9999 -9999 -9999 -9999 -9999 -9999 -9999 -9999 -9999 -9999 -9999 -9999 -9999 -9999 -9999 -9999 -9999 -9999 -9999 -9999 267 267 267 267 268 268 261 259 222 158 179 210 208 210 193 168 152 93 90 95 117 80 104 126 165 222 252 266 273 257 218 159 133 132 134 154 202
-9999 -9999 -9999 -9999 -9999 -9999 -9999 -9999 -9999 -9999 -9999 -9999 -9999 -9999 -9999 -9999 -9999 -9999 -9999 -9999 -9999 -9999 -9999 -9999 -9999 -9999 -9999 -9999 -9999 -9999 -9999 -9999 -9999 -9999 -9999 -9999 -9999 -9999 -9999 -9999 -9999 -9999 -9999 -9999 -9999 -9999 -9999 -9999 -9999 -9999 -9999 -9999 267 267 268 267 265 257 256 248 196 164 174 209 195 197 180 142 116 94 116 155 145 97 140 148 171 233 240 258 264 221 171 153 155 173 151 186 187
-9999 -9999 -9999 -9999 -9999 -9999 -9999 -9999 -9999 -9999 -9999 -9999 -9999 -9999 -9999 -9999 -9999 -9999 -9999 -9999 -9999 -9999 -9999 -9999 -9999 -9999 -9999 -9999 -9999 -9999 -9999 -9999 -9999 -9999 -9999 -9999 -9999 -9999 -9999 -9999 -9999 -9999 -9999 -9999 -9999 -9999 -9999 -9999 -9999 -9999 265 266 266 266 267 265 246 254 251 226 203 151 188 200 191 184 160 127 90 91 130 167 167 132 171 162 212 244 255 263 250 169 146 151 173 200 193 209 187
-9999 -9999 -9999 -9999 -9999 -9999 -9999 -9999 -9999 -9999 -9999 -9999 -9999 -9999 -9999 -9999 -9999 -9999 -9999 -9999 -9999 -9999 -9999 -9999 -9999 -9999 -9999 -9999 -9999 -9999 -9999 -9999 -9999 -9999 -9999 -9999 -9999 -9999 -9999 -9999 -9999 -9999 -9999 262 261 262 262 263 263 264 265 265 265 265 264 256 234 236 248 232 193 159 191 186 184 178 148 127 89 83 109 163 179 173 197 208 236 252 257 256 215 171 146 132 161 191 224 228 200
-9999 -9999 -9999 -9999 -9999 -9999 -9999 -9999 -9999 -9999 -9999 -9999 -9999 -9999 -9999 -9999 -9999 -9999 -9999 -9999 -9999 -9999 -9999 -9999 -9999 -9999 -9999 -9999 -9999 -9999 -9999 -9999 -9999 -9999 -9999 -9999 -9999 -9999 -9999 -9999 -9999 -9999 262 261 262 263 263 263 263 264 265 265 265 261 251 233 196 237 214 221 169 174 190 189 182 177 153 117 90 87 142 188 199 201 201 232 231 246 241 224 213 143 140 157 187 217 237 233 247
-9999 -9999 -9999 -9999 -9999 -9999 -9999 -9999 -9999 -9999 -9999 -9999 -9999 -9999 -9999 -9999 -9999 -9999 -9999 -9999 -9999 -9999 -9999 -9999 -9999 -9999 -9999 -9999 -9999 -9999 -9999 -9999 -9999 -9999 -9999 -9999 -9999 -9999 -9999 -9999 -9999 261 262 262 263 263 263 263 264 264 265 265 264 252 221 192 192 222 205 200 159 185 185 184 180 171 144 98 93 93 126 170 192 219 224 237 239 241 203 194 167 139 156 184 219 241 242 251 258
-9999 -9999 -9999 -9999 -9999 -9999 -9999 -9999 -9999 -9999 -9999 -9999 -9999 -9999 -9999 -9999 -9999 -9999 -9999 -9999 -9999 -9999 -9999 -9999 -9999 -9999 -9999 -9999 -9999 -9999 -9999 -9999 -9999 -9999 -9999 -9999 -9999 -9999 -9999 -9999 -9999 261 262 262 262 263 263 263 264 263 264 263 260 238 161 131 175 201 157 175 197 223 207 179 171 145 121 79 83 95 131 155 183 208 199 216 233 229 184 137 132 160 187 204 234 248 255 257 261
-9999 -9999 -9999 -9999 -9999 -9999 -9999 -9999 -9999 -9999 -9999 -9999 -9999 -9999 -9999 -9999 -9999 -9999 -9999 -9999 -9999 -9999 -9999 -9999 -9999 -9999 -9999 -9999 -9999 -9999 -9999 -9999 -9999 -9999 -9999 -9999 -9999 -9999 -9999 -9999 261 261 261 262 262 262 263 263 263 263 263 263 253 225 162 122 172 178 155 200 235 239 211 185 151 114 89 50 92 130 153 176 193 177 210 234 240 213 154 113 160 180 212 206 233 247 252 258 259
-9999 -9999 -9999 -9999 -9999 -9999 -9999 -9999 -9999 -9999 -9999 -9999 -9999 -9999 -9999 -9999 -9999 -9999 -9999 -9999 -9999 -9999 -9999 -9999 -9999 -9999 -9999 -9999 -9999 -9999 -9999 -9999 -9999 -9999 -9999 -9999 -9999 -9999 -9999 -9999 261 261 261 262 262 262 263 262 262 262 262 262 249 207 190 153 151 152 193 243 243 232 216 169 133 95 99 88 114 138 157 181 179 186 232 240 233 197 135 132 179 204 223 210 232 246 258 259 260
-9999 -9999 -9999 -9999 -9999 -9999 -9999 -9999 -9999 -9999 -9999 -9999 -9999 -9999 -9999 -9999 -9999 -9999 -9999 -9999 -9999 -9999 -9999 -9999 -9999 -9999 -9999 -9999 -9999 -9999 -9999 -9999 -9999 -9999 -9999 -9999 -9999 -9999 -9999 -9999 261 261 261 262 262 262 262 262 261 262 263 257 247 230 223 187 131 175 226 255 241 218 195 153 90 82 92 108 131 152 151 163 163 211 234 232 210 165 126 165 208 224 219 197 234 258 260 260 258
-9999 -9999 -9999 -9999 -9999 -9999 -9999 -9999 -9999 -9999 -9999 -9999 -9999 -9999 -9999 -9999 -9999 -9999 -9999 -9999 -9999 -9999 -9999 -9999 -9999 -9999 -9999 -9999 -9999 -9999 -9999 -9999 -9999 -9999 -9999 -9999 -9999 -9999 -9999 -9999 261 260 262 262 262 262 262 262 262 261 260 246 234 241 221 170 182 217 255 254 229 174 151 110 96 95 109 131 155 168 175 181 210 224 223 214 174 160 170 177 213 221 230 237 258 260 261 259 258
-9999 -9999 -9999 -9999 -9999 -9999 -9999 -9999 -9999 -9999 -9999 -9999 -9999 -9999 -9999 -9999 -9999 -9999 -9999 -9999 -9999 -9999 -9999 -9999 -9999 -9999 -9999 -9999 -9999 -9999 -9999 -9999 -9999 -9999 -9999 -9999 -9999 -9999 -9999 -9999 -9999 260 261 261 262 262 262 261 259 260 249 239 238 244 215 191 200 251 254 249 227 159 120 97 91 112 146 159 176 179 199 205 202 200 223 199 167 183 200 177 192 226 258 264 262 261 262 260 260
-9999 -9999 -9999 -9999 -9999 -9999 -9999 -9999 -9999 -9999 -9999 -9999 -9999 -9999 -9999 -9999 -9999 -9999 -9999 -9999 -9999 -9999 -9999 -9999 -9999 -9999 -9999 -9999 -9999 -9999 -9999 -9999 -9999 -9999 -9999 -9999 -9999 -9999 -9999 -9999 -9999 261 260 262 262 262 261 261 259 256 249 250 250 246 232 207 238 247 244 240 201 196 153 113 89 89 139 171 183 194 204 207 191 201 211 172 179 215 203 205 218 260 265 265 262 262 263 261 260
-9999 -9999 -9999 -9999 -9999 -9999 -9999 -9999 -9999 -9999 -9999 -9999 -9999 -9999 -9999 -9999 -9999 -9999 -9999 -9999 -9999 -9999 -9999 -9999 -9999 -9999 -9999 -9999 -9999 -9999 -9999 -9999 -9999 -9999 -9999 -9999 -9999 -9999 262 -9999 262 262 261 260 262 261 260 259 257 251 249 244 243 240 219 193 245 239 235 216 180 162 141 113 116 115 130 138 160 185 195 193 196 203 179 176 210 234 226 210 234 263 265 265 263 263 263 262 261
-9999 -9999 -9999 -9999 -9999 -9999 -9999 -9999 -9999 -9999 -9999 -9999 -9999 -9999 -9999 -9999 -9999 -9999 -9999 -9999 -9999 -9999 -9999 -9999 -9999 -9999 -9999 -9999 -9999 -9999 -9999 -9999 -9999 -9999 -9999 -9999 -9999 261 261 261 261 261 260 259 260 261 259 259 256 247 250 228 201 235 217 210 241 233 221 178 145 119 101 116 150 166 133 128 138 172 186 192 194 186 201 206 243 247 235 214 247 264 264 264 263 263 264 263 261
-9999 -9999 -9999 -9999 -9999 -9999 -9999 -9999 -9999 -9999 -9999 -9999 -9999 -9999 -9999 -9999 -9999 -9999 -9999 -9999 -9999 -9999 -9999 -9999 -9999 -9999 -9999 -9999 -9999 -9999 -9999 -9999 -9999 -9999 -9999 -9999 261 261 260 260 260 258 258 257 257 258 256 258 253 252 243 213 168 180 228 230 234 220 203 165 150 93 107 115 150 175 159 145 157 154 165 181 210 230 235 233 259 259 250 218 256 263 263 264 264 263 264 263 262
-9999 -9999 -9999 -9999 -9999 -9999 -9999 -9999 -9999 -9999 -9999 -9999 -9999 -9999 -9999 -9999 -9999 -9999 -9999 -9999 -9999 -9999 -9999 -9999 -9999 -9999 -9999 -9999 -9999 -9999 -9999 -9999 -9999 -9999 -9999 -9999 -9999 261 260 260 260 258 256 254 252 253 249 249 247 246 233 199 151 161 227 226 204 162 156 148 118 93 126 144 187 201 179 174 173 146 157 186 222 249 248 256 264 264 256 252 263 263 263 263 264 263 264 262 262
-9999 -9999 -9999 -9999 -9999 -9999 -9999 -9999 -9999 -9999 -9999 -9999 -9999 -9999 -9999 -9999 -9999 -9999 -9999 -9999 -9999 -9999 -9999 -9999 -9999 -9999 -9999 -9999 -9999 -9999 -9999 -9999 -9999 -9999 -9999 -9999 -9999 -9999 262 261 260 257 253 248 244 242 237 242 234 236 227 197 157 194 211 182 207 192 190 161 107 108 142 195 224 199 204 195 176 177 175 199 233 253 257 263 264 264 264 262 263 263 262 263 264 263 264 262 261
-9999 -9999 -9999 -9999 -9999 -9999 -9999 -9999 -9999 -9999 -9999 -9999 -9999 -9999 -9999 -9999 -9999 -9999 -9999 -9999 -9999 -9999 -9999 -9999 -9999 -9999 -9999 -9999 -9999 -9999 -9999 -9999 -9999 -9999 -9999 -9999 -9999 -9999 263 261 259 258 254 248 240 234 224 226 216 215 218 190 159 189 199 158 180 167 163 159 102 123 142 160 211 231 206 207 180 193 185 220 249 260 262 263 264 263 264 263 263 263 261 262 263 264 264 263 262
-9999 -9999 -9999 -9999 -9999 -9999 -9999 -9999 -9999 -9999 -9999 -9999 -9999 -9999 -9999 -9999 -9999 -9999 -9999 -9999 -9999 -9999 -9999 -9999 -9999 -9999 -9999 -9999 -9999 -9999 -9999 -9999 -9999 -9999 -9999 -9999 264 265 263 259 257 257 254 249 235 226 216 194 192 196 186 161 164 178 179 146 146 126 123 129 118 95 143 161 211 233 228 203 210 216 228 242 258 260 261 262 262 263 262 262 262 263 262 261 262 263 264 263 262
-9999 -9999 -9999 -9999 -9999 -9999 -9999 -9999 -9999 -9999 -9999 -9999 -9999 -9999 -9999 -9999 -9999 -9999 -9999 -9999 -9999 -9999 -9999 -9999 -9999 -9999 -9999 -9999 -9999 -9999 -9999 -9999 -9999 -9999 -9999 264 265 265 264 261 255 253 249 241 239 225 203 197 184 170 143 128 138 155 170 92 129 115 91 116 150 139 165 196 226 217 192 199 234 243 256 260 260 260 261 261 262 262 263 262 262 263 262 261 262 263 264 263 262
-9999 -9999 -9999 -9999 -9999 -9999 -9999 -9999 -9999 -9999 -9999 -9999 -9999 -9999 -9999 -9999 -9999 -9999 -9999 -9999 -9999 -9999 -9999 -9999 -9999 -9999 -9999 -9999 -9999 -9999 -9999 -9999 -9999 -9999 264 264 265 264 264 261 257 247 247 238 228 216 186 195 175 155 121 93 107 131 164 122 114 106 118 134 158 135 127 209 231 225 202 241 255 259 261 261 261 261 261 261 261 262 262 262 262 263 262 261 261 262 264 263 262
-9999 -9999 -9999 -9999 -9999 -9999 -9999 -9999 -9999 -9999 -9999 -9999 -9999 -9999 -9999 -9999 -9999 -9999 -9999 -9999 -9999 -9999 -9999 -9999 -9999 -9999 -9999 -9999 -9999 -9999 259 260 262 262 263 264 264 264 263 260 253 241 239 226 216 205 197 182 166 120 104 105 114 130 164 123 103 108 121 111 133 173 186 218 243 243 251 256 258 259 260 260 261 261 260 261 261 261 262 262 262 263 263 261 261 261 263 264 263
-9999 -9999 -9999 -9999 -9999 -9999 -9999 -9999 -9999 -9999 -9999 -9999 -9999 -9999 -9999 -9999 -9999 -9999 -9999 -9999 -9999 -9999 -9999 -9999 -9999 -9999 -9999 256 258 255 256 258 259 260 262 263 262 262 259 256 246 233 220 200 202 198 185 149 114 75 95 110 104 115 141 91 98 108 118 113 152 178 193 237 250 251 253 257 259 259 259 260 261 260 261 261 261 261 261 261 262 262 261 261 260 262 262 264 263
-9999 -9999 -9999 -9999 -9999 -9999 -9999 -9999 -9999 -9999 -9999 -9999 -9999 -9999 -9999 -9999 -9999 -9999 -9999 -9999 -9999 -9999 -9999 -9999 -9999 -9999 257 256 257 249 253 259 257 259 262 263 263 259 257 247 231 219 222 201 184 172 170 158 88 81 108 112 119 131 109 98 130 106 130 159 194 216 233 249 252 252 253 255 256 258 258 259 260 260 261 261 262 262 261 261 262 262 261 260 260 261 262 264 264
-9999 -9999 -9999 -9999 -9999 -9999 -9999 -9999 -9999 -9999 -9999 -9999 -9999 -9999 -9999 -9999 -9999 -9999 -9999 -9999 -9999 -9999 -9999 254 257 257 252 252 255 255 256 258 255 258 261 261 261 260 251 231 214 196 210 211 208 189 158 119 62 88 111 116 120 116 97 125 164 140 182 204 224 238 249 252 253 254 254 255 255 256 257 258 259 259 260 260 260 262 262 262 262 263 261 261 260 261 262 263 265
-9999 -9999 -9999 -9999 -9999 -9999 -9999 -9999 -9999 -9999 -9999 -9999 -9999 -9999 -9999 -9999 -9999 -9999 -9999 -9999 -9999 -9999 -9999 254 256 254 251 252 248 259 251 257 256 258 257 257 260 256 244 230 208 197 198 187 173 197 161 82 77 75 92 105 101 116 122 122 141 189 209 228 241 249 252 254 255 255 255 255 256 257 257 258 259 259 260 260 260 261 262 262 263 263 262 261 261 262 263 263 263
-9999 -9999 -9999 -9999 -9999 -9999 -9999 -9999 -9999 -9999 -9999 -9999 -9999 -9999 -9999 -9999 -9999 -9999 -9999 -9999 -9999 -9999 -9999 -9999 259 257 249 247 249 261 256 255 255 251 256 258 249 239 230 224 213 193 166 147 149 165 181 111 110 98 120 105 96 117 132 95 169 203 228 234 240 248 253 254 255 256 255 256 256 256 257 258 258 259 260 260 261 260 260 260 262 262 262 262 261 262 263 264 264
-9999 -9999 -9999 -9999 -9999 -9999 -9999 -9999 -9999 -9999 -9999 -9999 -9999 -9999 -9999 -9999 -9999 -9999 -9999 -9999 -9999 -9999 -9999 -9999 260 259 251 250 253 256 258 253 249 251 250 244 233 215 197 209 194 156 113 89 96 144 180 154 127 126 124 95 84 138 117 149 198 228 240 241 244 249 253 254 255 256 256 256 257 257 257 258 258 259 259 260 261 261 261 261 262 263 263 262 262 262 263 263 264
-9999 -9999 -9999 -9999 -9999 -9999 -9999 -9999 -9999 -9999 -9999 -9999 -9999 -9999 -9999 -9999 -9999 -9999 -9999 -9999 -9999 -9999 -9999 260 258 257 249 243 250 254 257 258 255 253 251 243 222 185 171 187 150 152 126 79 82 155 183 185 170 132 95 134 125 171 147 183 220 242 247 246 249 251 253 254 255 256 257 257 258 258 258 258 258 259 259 259 260 260 262 262 263 263 264 264 263 263 264 264 264
-9999 -9999 -9999 -9999 -9999 -9999 -9999 -9999 -9999 -9999 -9999 -9999 -9999 -9999 -9999 -9999 -9999 -9999 -9999 -9999 -9999 -9999 -9999 -9999 259 256 245 243 250 258 259 258 258 256 254 243 211 185 160 157 138 172 158 86 120 159 163 140 158 132 91 133 161 170 178 206 236 244 248 250 251 252 253 254 255 256 257 256 257 257 258 258 258 258 259 259 260 261 261 261 262 262 263 265 265 264 264 265 264
-9999 -9999 -9999 -9999 -9999 -9999 -9999 -9999 -9999 -9999 -9999 -9999 -9999 -9999 -9999 -9999 -9999 -9999 -9999 -9999 -9999 -9999 -9999 -9999 261 258 246 245 256 257 259 258 258 255 251 244 226 202 195 186 181 178 131 102 141 128 138 94 123 106 107 160 178 194 218 226 238 245 248 250 252 253 254 254 255 255 255 255 256 256 257 258 258 257 258 259 259 260 262 262 262 262 262 264 265 264 265 265 265
-9999 -9999 -9999 -9999 -9999 -9999 -9999 -9999 -9999 -9999 -9999 -9999 -9999 -9999 -9999 -9999 -9999 -9999 -9999 -9999 -9999 -9999 -9999 -9999 -9999 255 246 252 257 258 258 259 258 253 246 242 235 225 209 208 200 177 137 127 125 127 107 85 82 95 147 180 207 218 231 231 236 246 248 249 251 252 253 253 254 255 256 256 257 257 257 258 259 258 258 258 259 260 261 262 262 263 263 263 264 265 266 266 265
-9999 -9999 -9999 -9999 -9999 -9999 -9999 -9999 -9999 -9999 -9999 -9999 -9999 -9999 -9999 -9999 -9999 -9999 -9999 -9999 -9999 -9999 -9999 260 256 250 246 253 257 258 258 258 256 254 244 235 229 208 190 192 189 176 170 153 82 100 104 88 78 94 116 183 194 215 233 229 230 244 248 250 251 251 252 252 253 254 254 255 256 257 257 258 259 259 259 259 259 260 261 262 262 264 264 265 265 265 265 266 265
-9999 -9999 -9999 -9999 -9999 -9999 -9999 -9999 -9999 -9999 -9999 -9999 -9999 -9999 -9999 -9999 -9999 -9999 -9999 -9999 -9999 -9999 -9999 256 250 252 250 253 257 257 257 256 254 249 241 232 221 210 186 175 164 148 150 155 130 133 122 52 48 110 142 157 195 209 224 237 238 246 248 249 250 251 251 252 253 253 253 254 256 257 256 257 257 259 259 260 261 261 262 262 264 264 264 266 266 266 266 266 265
