bio_clim/bio_11.asc
ncols         156
nrows         252
xllcorner     -82
yllcorner     -8
cellsize      0.083333337679505
NODATA_value  -9999
[rows 39 to 77 of 252, columns 0 to 88 of 156]
-9999 -9999 -9999 -9999 -9999 -9999 -9999 -9999 -9999 -9999 -9999 -9999 -9999 -9999 -9999 -9999 -9999 -9999 -9999 -9999 -9999 -9999 -9999 -9999 -9999 -9999 -9999 -9999 -9999 -9999 -9999 -9999 -9999 -9999 -9999 -9999 -9999 -9999 -9999 -9999 -9999 -9999 -9999 -9999 -9999 -9999 -9999 -9999 -9999 -9999 -9999 -9999 -9999 -9999 -9999 -9999 -9999 -9999 -9999 -9999 -9999 -9999 -9999 -9999 -9999 -9999 -9999 -9999 -9999 -9999 -9999 -9999 -9999 -9999 -9999 -9999 270 270 268 265 252 253 261 265 267 270 273 273 270
-9999 -9999 -9999 -9999 -9999 -9999 -9999 -9999 -9999 -9999 -9999 -9999 -9999 -9999 -9999 -9999 -9999 -9999 -9999 -9999 -9999 -9999 -9999 -9999 -9999 -9999 -9999 -9999 -9999 -9999 -9999 -9999 -9999 -9999 -9999 -9999 -9999 -9999 -9999 -9999 -9999 -9999 -9999 -9999 -9999 -9999 -9999 -9999 -9999 -9999 -9999 -9999 -9999 -9999 -9999 -9999 -9999 -9999 -9999 -9999 -9999 -9999 -9999 -9999 -9999 -9999 -9999 -9999 -9999 -9999 -9999 -9999 -9999 -9999 -9999 -9999 -9999 270 269 262 249 251 259 264 268 271 272 272 270
-9999 -9999 -9999 -9999 -9999 -9999 -9999 -9999 -9999 -9999 -9999 -9999 -9999 -9999 -9999 -9999 -9999 -9999 -9999 -9999 -9999 -9999 -9999 -9999 -9999 -9999 -9999 -9999 250 249 254 253 256 257 257 260 -9999 -9999 -9999 -9999 -9999 -9999 -9999 -9999 -9999 -9999 -9999 -9999 -9999 -9999 -9999 -9999 -9999 -9999 -9999 -9999 -9999 -9999 -9999 -9999 -9999 -9999 -9999 -9999 -9999 -9999 -9999 -9999 -9999 -9999 -9999 -9999 -9999 -9999 -9999 -9999 -9999 269 268 256 255 258 259 265 267 271 272 271 269
-9999 -9999 -9999 -9999 -9999 -9999 -9999 -9999 -9999 -9999 -9999 -9999 -9999 -9999 -9999 -9999 -9999 -9999 -9999 -9999 -9999 -9999 -9999 -9999 -9999 -9999 -9999 247 223 234 241 243 241 249 258 -9999 260 -9999 -9999 -9999 -9999 -9999 -9999 -9999 -9999 -9999 -9999 -9999 -9999 -9999 -9999 -9999 -9999 -9999 -9999 -9999 -9999 -9999 -9999 -9999 -9999 -9999 -9999 -9999 -9999 -9999 -9999 -9999 -9999 -9999 -9999 -9999 -9999 -9999 -9999 -9999 -9999 268 266 264 262 259 263 265 268 271 272 271 270
-9999 -9999 -9999 -9999 -9999 -9999 -9999 -9999 -9999 -9999 -9999 -9999 -9999 -9999 -9999 -9999 -9999 -9999 -9999 -9999 -9999 -9999 -9999 -9999 -9999 259 255 242 238 246 234 233 231 243 251 253 252 247 240 241 250 253 254 -9999 -9999 -9999 -9999 -9999 -9999 -9999 -9999 -9999 -9999 -9999 -9999 -9999 -9999 -9999 -9999 -9999 -9999 -9999 -9999 -9999 -9999 -9999 -9999 -9999 -9999 -9999 -9999 -9999 271 271 270 268 269 268 265 264 262 262 263 265 268 270 272 271 271
-9999 -9999 -9999 -9999 -9999 -9999 -9999 -9999 -9999 -9999 -9999 -9999 -9999 -9999 -9999 -9999 -9999 -9999 -9999 -9999 -9999 -9999 -9999 -9999 259 259 255 251 251 246 238 233 228 239 245 243 242 243 243 244 242 241 246 250 251 -9999 -9999 -9999 -9999 -9999 -9999 -9999 -9999 -9999 -9999 -9999 -9999 -9999 -9999 -9999 -9999 -9999 -9999 -9999 -9999 -9999 -9999 -9999 -9999 -9999 -9999 269 271 269 269 268 268 267 264 261 263 265 265 267 268 269 271 271 271
-9999 -9999 -9999 -9999 -9999 -9999 -9999 -9999 -9999 -9999 -9999 -9999 -9999 -9999 -9999 -9999 -9999 -9999 -9999 -9999 -9999 -9999 260 259 258 259 255 250 255 252 236 225 242 249 252 258 258 258 256 256 255 252 246 242 244 249 250 259 -9999 -9999 -9999 -9999 -9999 -9999 -9999 -9999 -9999 -9999 -9999 -9999 -9999 -9999 -9999 -9999 -9999 -9999 -9999 -9999 -9999 -9999 267 267 269 271 270 271 270 267 264 264 264 266 267 268 270 270 272 272 272
-9999 249 -9999 -9999 -9999 -9999 -9999 -9999 -9999 -9999 -9999 -9999 -9999 -9999 -9999 -9999 -9999 -9999 257 256 258 258 258 259 260 258 257 255 254 253 251 253 260 260 262 261 258 256 258 258 258 257 255 253 252 247 239 244 258 -9999 -9999 -9999 -9999 -9999 -9999 -9999 -9999 -9999 -9999 -9999 -9999 -9999 -9999 -9999 -9999 -9999 -9999 -9999 -9999 -9999 266 265 267 270 271 271 270 268 267 266 267 268 269 270 272 272 273 273 273
-9999 -9999 249 -9999 -9999 -9999 -9999 -9999 -9999 -9999 -9999 -9999 -9999 -9999 -9999 -9999 254 255 253 254 258 258 259 260 260 258 257 255 257 259 262 262 262 262 261 260 253 250 252 248 253 257 257 255 254 253 250 246 246 259 -9999 -9999 -9999 -9999 -9999 -9999 -9999 -9999 -9999 -9999 -9999 -9999 -9999 -9999 -9999 -9999 -9999 -9999 -9999 267 266 266 268 271 272 272 271 270 268 268 269 269 271 272 273 274 274 274 274
-9999 249 -9999 250 -9999 -9999 -9999 -9999 -9999 -9999 -9999 -9999 -9999 -9999 -9999 257 254 255 255 255 256 257 257 257 257 257 258 260 259 264 -9999 -9999 -9999 -9999 -9999 -9999 259 257 244 240 229 250 250 256 256 256 255 255 248 249 261 -9999 -9999 -9999 -9999 -9999 -9999 -9999 -9999 -9999 -9999 -9999 -9999 -9999 -9999 -9999 -9999 -9999 266 266 264 265 268 271 271 272 272 271 269 269 271 271 273 273 274 275 275 275 276
248 249 247 250 252 -9999 -9999 -9999 -9999 -9999 -9999 -9999 -9999 260 257 255 256 257 257 257 256 254 255 255 255 259 261 -9999 -9999 -9999 -9999 -9999 -9999 -9999 -9999 -9999 -9999 260 258 255 248 235 227 251 253 256 257 258 256 253 246 259 -9999 -9999 -9999 -9999 -9999 -9999 -9999 -9999 -9999 -9999 -9999 -9999 -9999 -9999 -9999 265 263 265 262 266 269 271 272 272 272 271 268 269 271 272 273 274 275 275 275 276 276
243 230 239 236 242 247 248 253 -9999 -9999 257 256 257 257 258 255 257 258 255 256 256 253 250 252 252 260 264 -9999 -9999 -9999 -9999 -9999 -9999 -9999 -9999 -9999 -9999 -9999 -9999 257 259 249 228 249 249 258 257 259 259 256 247 245 254 -9999 -9999 -9999 -9999 -9999 -9999 -9999 -9999 -9999 -9999 -9999 -9999 -9999 263 261 263 263 262 267 270 270 271 272 269 268 267 269 271 273 274 274 275 275 275 276 276
230 203 231 218 222 226 229 235 234 253 243 234 238 244 236 241 241 244 249 250 256 251 237 235 241 259 264 -9999 -9999 -9999 -9999 -9999 -9999 -9999 -9999 -9999 -9999 -9999 -9999 -9999 259 257 249 248 248 256 259 258 259 258 254 244 243 254 -9999 -9999 -9999 -9999 -9999 -9999 -9999 -9999 -9999 -9999 262 262 263 262 262 261 261 268 269 269 271 270 265 265 267 269 271 272 274 274 274 275 275 275 275
200 162 206 218 200 188 214 214 231 250 228 223 226 209 217 216 228 247 256 253 255 247 224 233 256 264 -9999 -9999 -9999 -9999 -9999 -9999 -9999 -9999 -9999 262 -9999 -9999 -9999 -9999 -9999 -9999 257 255 249 254 258 257 259 258 257 253 237 241 252 250 -9999 -9999 -9999 -9999 -9999 -9999 262 262 260 259 261 263 260 259 263 268 269 268 269 269 263 266 268 270 272 273 274 274 274 274 274 274 274
224 188 184 179 182 193 200 201 195 218 220 225 215 203 209 220 244 258 257 260 258 253 245 252 262 -9999 -9999 -9999 -9999 -9999 -9999 -9999 -9999 -9999 -9999 -9999 -9999 -9999 -9999 -9999 -9999 -9999 258 259 256 257 257 255 258 258 258 257 245 236 234 250 256 -9999 -9999 -9999 -9999 262 262 261 260 259 258 262 262 261 264 267 268 267 267 266 265 267 268 270 272 273 274 274 274 274 274 274 273
230 223 218 209 223 218 231 235 224 228 229 236 229 231 229 249 255 260 262 263 263 261 260 261 -9999 -9999 -9999 -9999 -9999 -9999 -9999 -9999 -9999 -9999 -9999 -9999 261 -9999 -9999 -9999 -9999 -9999 255 258 259 259 257 255 254 259 259 259 254 239 218 233 255 -9999 -9999 -9999 -9999 -9999 262 261 261 258 256 259 263 261 261 267 268 268 268 267 267 268 269 271 272 273 274 274 274 274 273 273 273
246 240 235 237 239 241 244 242 243 240 244 248 248 247 253 257 260 263 263 265 265 264 263 -9999 -9999 -9999 -9999 -9999 -9999 -9999 -9999 -9999 -9999 -9999 -9999 -9999 259 258 -9999 -9999 -9999 -9999 -9999 -9999 -9999 258 258 259 257 254 260 259 257 250 234 214 246 254 254 -9999 -9999 -9999 -9999 261 259 259 258 259 261 258 264 267 268 268 269 268 268 269 270 272 273 273 274 274 274 275 274 274 274
258 256 248 246 245 245 248 248 250 248 253 253 254 258 259 260 262 264 265 -9999 -9999 -9999 -9999 -9999 -9999 -9999 -9999 -9999 -9999 -9999 -9999 -9999 -9999 -9999 260 -9999 260 -9999 -9999 -9999 -9999 -9999 -9999 -9999 -9999 -9999 255 258 260 256 261 260 258 256 239 208 218 247 256 -9999 -9999 -9999 -9999 259 256 256 258 258 257 261 266 267 268 268 268 269 268 270 271 272 273 273 274 275 275 275 275 275 274
258 258 258 252 246 248 245 250 251 252 255 258 260 261 262 262 263 264 -9999 -9999 -9999 -9999 -9999 -9999 -9999 -9999 -9999 -9999 -9999 -9999 -9999 -9999 -9999 -9999 -9999 -9999 -9999 -9999 -9999 -9999 -9999 -9999 -9999 -9999 -9999 254 253 253 260 261 261 261 260 256 237 218 197 231 254 260 -9999 -9999 -9999 257 253 254 257 253 258 262 266 267 267 267 266 267 268 269 271 272 273 273 274 274 275 276 276 276 274
-9999 -9999 -9999 254 246 244 246 255 254 253 257 258 259 261 262 262 264 265 -9999 -9999 -9999 -9999 -9999 -9999 -9999 -9999 -9999 -9999 -9999 -9999 -9999 -9999 -9999 -9999 -9999 -9999 -9999 -9999 -9999 -9999 -9999 -9999 -9999 -9999 -9999 254 250 252 259 261 262 262 260 256 243 214 199 216 252 261 262 263 -9999 260 257 249 253 251 256 262 265 263 265 262 263 266 269 270 271 273 273 273 273 274 276 277 277 276 274
-9999 -9999 -9999 258 256 251 248 255 256 256 259 261 259 260 261 262 263 265 -9999 -9999 -9999 -9999 -9999 -9999 -9999 -9999 -9999 -9999 -9999 -9999 -9999 -9999 -9999 -9999 -9999 -9999 -9999 -9999 -9999 -9999 -9999 -9999 -9999 252 256 256 247 251 254 260 260 252 258 257 251 233 216 218 255 262 263 263 -9999 262 262 253 247 254 255 260 262 243 251 258 266 266 270 270 271 273 273 273 274 276 277 278 279 277 268
-9999 -9999 -9999 -9999 -9999 254 245 251 258 258 259 261 258 256 258 261 264 266 267 267 -9999 -9999 -9999 -9999 -9999 -9999 -9999 -9999 -9999 -9999 -9999 -9999 -9999 -9999 -9999 -9999 -9999 -9999 -9999 -9999 -9999 -9999 -9999 237 246 256 250 248 253 257 253 225 253 256 255 248 232 234 252 262 263 -9999 -9999 264 262 243 238 249 260 256 242 222 239 257 266 266 270 271 272 273 274 274 276 277 278 279 280 277 261
-9999 -9999 -9999 -9999 -9999 249 245 245 254 259 261 261 255 249 253 259 263 265 263 265 -9999 -9999 -9999 -9999 -9999 -9999 -9999 -9999 -9999 -9999 -9999 -9999 -9999 -9999 -9999 -9999 -9999 -9999 -9999 -9999 -9999 -9999 -9999 -9999 236 248 252 249 250 254 245 217 241 254 255 254 246 244 258 263 264 264 265 265 264 244 233 248 258 254 242 239 246 263 265 268 270 271 272 272 274 275 276 278 280 280 281 273 256
-9999 -9999 -9999 -9999 -9999 251 246 248 254 259 -9999 259 254 245 240 248 257 262 261 262 265 265 -9999 -9999 -9999 -9999 -9999 -9999 -9999 -9999 -9999 -9999 -9999 -9999 -9999 -9999 -9999 -9999 -9999 -9999 -9999 -9999 -9999 -9999 223 234 227 251 238 247 236 209 227 252 252 251 257 255 263 264 264 265 265 266 264 252 240 253 255 254 245 252 252 265 266 267 266 268 271 273 274 276 276 279 281 281 283 278 260
-9999 -9999 -9999 -9999 -9999 -9999 249 249 256 258 -9999 260 258 236 227 239 253 260 252 253 259 264 264 -9999 -9999 -9999 -9999 -9999 -9999 -9999 -9999 -9999 -9999 -9999 -9999 -9999 -9999 -9999 -9999 -9999 -9999 -9999 -9999 -9999 245 220 209 235 235 245 236 204 224 249 247 253 261 262 263 264 264 265 266 266 264 252 224 240 253 258 257 257 253 264 263 257 253 257 270 272 274 275 276 278 280 282 284 280 264
-9999 -9999 -9999 -9999 -9999 -9999 -9999 -9999 -9999 -9999 -9999 -9999 258 242 223 231 248 242 237 244 250 258 262 -9999 -9999 -9999 -9999 -9999 -9999 -9999 -9999 -9999 -9999 -9999 -9999 -9999 -9999 -9999 -9999 -9999 -9999 -9999 -9999 -9999 -9999 245 230 230 213 241 245 225 218 234 242 259 262 263 264 264 265 266 267 267 264 237 224 231 247 253 260 260 253 256 233 228 238 253 267 271 273 271 266 277 280 282 284 280 260
-9999 -9999 246 -9999 -9999 -9999 -9999 -9999 -9999 -9999 -9999 -9999 -9999 240 231 227 251 243 240 241 249 253 257 261 -9999 -9999 -9999 -9999 -9999 -9999 -9999 -9999 -9999 -9999 -9999 -9999 -9999 -9999 -9999 -9999 -9999 -9999 -9999 -9999 -9999 -9999 253 241 215 224 247 242 232 221 240 259 262 263 264 265 265 266 267 268 267 252 214 230 238 248 253 256 251 222 224 225 233 242 252 265 270 259 255 273 278 280 280 280 256
-9999 -9999 244 -9999 -9999 -9999 -9999 -9999 -9999 -9999 -9999 -9999 -9999 255 251 225 252 253 256 258 255 255 258 261 -9999 -9999 -9999 -9999 -9999 -9999 -9999 -9999 -9999 -9999 -9999 -9999 -9999 -9999 -9999 -9999 -9999 -9999 -9999 -9999 -9999 -9999 -9999 248 237 229 240 243 237 236 252 261 262 263 264 265 266 264 267 268 269 262 214 226 231 238 243 244 243 210 207 217 235 236 228 254 264 240 250 264 272 277 276 277 254
-9999 -9999 -9999 251 252 -9999 -9999 -9999 -9999 -9999 -9999 -9999 -9999 258 250 222 221 242 255 260 -9999 -9999 -9999 -9999 -9999 -9999 -9999 -9999 -9999 -9999 -9999 -9999 -9999 -9999 -9999 -9999 -9999 -9999 -9999 -9999 -9999 -9999 -9999 -9999 -9999 -9999 -9999 -9999 232 239 240 246 243 247 254 257 259 264 265 266 266 267 268 268 269 267 243 211 213 210 229 225 220 177 178 198 199 187 213 247 250 235 244 257 265 270 271 275 258
-9999 -9999 248 -9999 -9999 -9999 -9999 -9999 -9999 -9999 -9999 -9999 -9999 249 221 214 232 239 254 -9999 -9999 -9999 -9999 -9999 -9999 -9999 -9999 -9999 -9999 -9999 -9999 -9999 -9999 -9999 -9999 -9999 -9999 -9999 -9999 -9999 -9999 -9999 -9999 -9999 -9999 -9999 -9999 -9999 241 234 250 242 246 241 251 246 256 264 265 267 267 268 269 269 269 268 260 225 184 196 208 211 200 157 156 176 190 186 212 240 229 231 228 242 260 263 263 269 258
-9999 -9999 -9999 -9999 -9999 -9999 -9999 -9999 -9999 -9999 -9999 -9999 -9999 246 248 -9999 -9999 -9999 -9999 -9999 -9999 -9999 -9999 -9999 -9999 -9999 -9999 -9999 -9999 -9999 -9999 -9999 -9999 -9999 -9999 -9999 -9999 -9999 -9999 -9999 -9999 -9999 -9999 -9999 -9999 -9999 -9999 -9999 -9999 243 253 246 239 236 243 250 262 264 265 267 268 268 269 269 268 264 262 243 189 167 179 178 158 152 195 205 205 225 231 228 221 221 213 231 257 254 256 258 262
-9999 -9999 -9999 -9999 -9999 -9999 -9999 -9999 -9999 -9999 -9999 -9999 -9999 -9999 -9999 -9999 -9999 -9999 -9999 -9999 -9999 -9999 -9999 -9999 -9999 -9999 -9999 -9999 -9999 -9999 -9999 -9999 -9999 -9999 -9999 -9999 -9999 -9999 -9999 -9999 -9999 -9999 -9999 -9999 -9999 -9999 -9999 -9999 -9999 -9999 -9999 256 248 248 245 260 263 263 264 268 269 270 270 266 267 254 252 231 184 150 139 148 105 145 195 218 218 208 204 204 212 204 200 230 239 248 252 246 258
-9999 -9999 -9999 -9999 -9999 -9999 -9999 -9999 -9999 -9999 -9999 -9999 -9999 -9999 -9999 -9999 -9999 -9999 -9999 -9999 -9999 -9999 -9999 -9999 -9999 -9999 -9999 -9999 -9999 -9999 -9999 -9999 -9999 -9999 -9999 -9999 -9999 -9999 -9999 -9999 -9999 -9999 -9999 -9999 -9999 -9999 -9999 -9999 -9999 -9999 -9999 -9999 251 254 253 254 262 259 265 268 270 271 271 264 262 240 245 245 217 210 197 161 147 190 227 219 197 183 170 188 207 208 191 228 222 239 237 240 249
-9999 -9999 -9999 -9999 -9999 -9999 -9999 -9999 -9999 -9999 -9999 -9999 -9999 -9999 -9999 -9999 -9999 -9999 -9999 -9999 -9999 -9999 -9999 -9999 -9999 -9999 -9999 -9999 -9999 -9999 -9999 -9999 -9999 -9999 -9999 -9999 -9999 -9999 -9999 -9999 -9999 -9999 -9999 -9999 -9999 -9999 -9999 -9999 -9999 -9999 -9999 -9999 252 247 251 248 257 258 265 268 271 272 272 269 263 241 237 234 217 207 194 186 147 186 215 193 171 139 153 171 196 199 208 205 208 226 233 236 245
-9999 -9999 -9999 -9999 -9999 -9999 -9999 -9999 -9999 -9999 -9999 -9999 -9999 -9999 -9999 -9999 -9999 -9999 -9999 -9999 -9999 -9999 -9999 -9999 -9999 -9999 -9999 -9999 -9999 -9999 -9999 -9999 -9999 -9999 -9999 -9999 -9999 -9999 -9999 -9999 -9999 -9999 -9999 -9999 -9999 -9999 -9999 -9999 -9999 -9999 -9999 -9999 250 244 247 243 250 257 265 268 271 272 273 269 245 234 232 224 194 214 217 199 164 214 196 149 129 121 141 171 193 208 197 195 203 214 224 235 245
-9999 -9999 -9999 -9999 -9999 -9999 -9999 -9999 -9999 -9999 -9999 -9999 -9999 -9999 -9999 -9999 -9999 -9999 -9999 -9999 -9999 -9999 -9999 -9999 -9999 -9999 -9999 -9999 -9999 -9999 -9999 -9999 -9999 -9999 -9999 -9999 -9999 -9999 -9999 -9999 -9999 -9999 -9999 -9999 -9999 -9999 -9999 -9999 -9999 -9999 -9999 -9999 -9999 249 247 243 238 255 262 267 271 272 273 268 246 229 225 222 180 199 208 202 173 227 169 117 130 128 132 159 184 203 214 203 205 211 222 233 245
-9999 -9999 -9999 -9999 -9999 -9999 -9999 -9999 -9999 -9999 -9999 -9999 -9999 -9999 -9999 -9999 -9999 -9999 -9999 -9999 -9999 -9999 -9999 -9999 -9999 -9999 -9999 -9999 -9999 -9999 -9999 -9999 -9999 -9999 -9999 -9999 -9999 -9999 -9999 -9999 -9999 -9999 -9999 -9999 -9999 -9999 -9999 -9999 -9999 -9999 -9999 -9999 -9999 -9999 257 245 248 258 262 266 270 272 271 270 239 226 232 234 190 171 183 179 171 221 208 126 133 139 138 148 182 196 220 207 210 215 221 232 246
-9999 -9999 -9999 -9999 -9999 -9999 -9999 -9999 -9999 -9999 -9999 -9999 -9999 -9999 -9999 -9999 -9999 -9999 -9999 -9999 -9999 -9999 -9999 -9999 -9999 -9999 -9999 -9999 -9999 -9999 -9999 -9999 -9999 -9999 -9999 -9999 -9999 -9999 -9999 -9999 -9999 -9999 -9999 -9999 -9999 -9999 -9999 -9999 -9999 -9999 -9999 -9999 -9999 -9999 -9999 252 252 258 261 264 267 269 269 268 253 237 241 237 196 151 145 153 168 217 227 145 133 155 151 152 174 203 215 206 210 217 221 231 251
-9999 -9999 -9999 -9999 -9999 -9999 -9999 -9999 -9999 -9999 -9999 -9999 -9999 -9999 -9999 -9999 -9999 -9999 -9999 -9999 -9999 -9999 -9999 -9999 -9999 -9999 -9999 -9999 -9999 -9999 -9999 -9999 -9999 -9999 -9999 -9999 -9999 -9999 -9999 -9999 -9999 -9999 -9999 -9999 -9999 -9999 -9999 -9999 -9999 -9999 -9999 -9999 -9999 -9999 -9999 -9999 247 251 257 261 264 266 267 265 252 245 249 243 210 158 139 130 175 228 250 197 141 160 162 172 201 213 203 212 219 222 225 233 248
