bio_clim/bio_1.asc
ncols         156
nrows         252
xllcorner     -82
yllcorner     -8
cellsize      0.083333337679505
NODATA_value  -9999
[rows 195 to 233 of 252, columns 0 to 88 of 156]
-9999 -9999 -9999 -9999 -9999 -9999 -9999 -9999 -9999 -9999 -9999 -9999 -9999 -9999 -9999 -9999 -9999 -9999 -9999 -9999 -9999 -9999 -9999 252 252 251 249 242 231 211 194 196 211 163 108 120 102 128 136 164 199 206 219 190 186 212 190 204 237 256 252 255 259 260 260 259 259 259 260 260 260 260 259 260 259 259 259 259 259 259 259 258 258 257 257 257 257 256 256 257 257 258 259 259 258 258 257 258 260
-9999 -9999 -9999 -9999 -9999 -9999 -9999 -9999 -9999 -9999 -9999 -9999 -9999 -9999 -9999 -9999 -9999 -9999 -9999 -9999 252 253 253 253 252 251 249 237 219 211 203 208 197 133 143 119 95 117 161 156 216 211 217 182 197 200 197 206 239 256 252 255 259 260 260 260 260 260 260 260 260 260 260 260 260 260 260 260 260 259 259 259 258 258 258 257 257 257 257 257 258 258 258 259 259 259 258 258 260
-9999 -9999 -9999 -9999 -9999 -9999 -9999 -9999 -9999 -9999 -9999 -9999 -9999 -9999 -9999 -9999 -9999 -9999 -9999 -9999 253 254 254 253 252 249 237 217 154 148 127 165 192 173 142 115 133 142 162 204 216 225 215 180 210 208 214 233 246 255 254 252 260 261 261 261 261 261 261 261 261 261 261 261 261 261 261 260 260 260 259 259 259 259 258 258 257 257 258 257 258 258 258 258 259 259 260 259 259
-9999 -9999 -9999 -9999 -9999 -9999 -9999 -9999 -9999 -9999 -9999 -9999 -9999 -9999 -9999 -9999 -9999 -9999 252 252 254 254 255 254 251 244 226 190 157 109 98 121 165 128 116 112 186 160 145 205 215 228 219 191 215 219 232 239 246 254 259 255 259 261 261 261 262 262 262 261 262 261 261 261 261 261 261 261 260 260 260 259 259 259 259 258 258 258 258 258 257 257 258 258 258 259 259 260 259
-9999 -9999 -9999 -9999 -9999 -9999 -9999 -9999 -9999 -9999 -9999 -9999 -9999 -9999 -9999 -9999 -9999 251 253 253 254 255 254 252 249 245 231 203 208 197 136 98 126 134 110 131 204 182 184 206 208 225 206 206 225 219 231 242 248 254 260 260 248 261 262 262 263 262 262 262 262 262 262 262 262 262 262 261 261 260 260 260 259 259 259 259 258 258 258 257 257 257 258 258 258 259 259 260 260
-9999 -9999 -9999 -9999 -9999 -9999 -9999 -9999 -9999 -9999 -9999 -9999 -9999 -9999 -9999 249 248 247 255 254 252 253 254 248 237 240 229 224 231 218 158 105 116 118 114 145 179 209 212 212 211 214 195 206 228 219 233 236 241 251 260 261 243 260 262 263 263 263 263 263 263 263 263 262 262 262 262 262 261 261 261 260 260 260 259 259 259 258 258 258 258 258 258 258 259 259 260 260 261
-9999 -9999 -9999 -9999 -9999 -9999 -9999 -9999 -9999 -9999 -9999 -9999 -9999 -9999 247 248 246 248 252 245 243 244 245 238 235 235 231 233 234 228 187 134 130 133 138 148 170 211 214 222 214 205 189 217 233 225 230 239 244 248 260 259 242 260 262 264 264 264 264 264 264 263 263 263 263 263 262 262 261 261 261 261 260 260 260 259 259 259 258 258 258 258 258 259 259 259 260 261 261
-9999 -9999 -9999 -9999 -9999 -9999 -9999 -9999 -9999 -9999 -9999 -9999 -9999 -9999 243 243 247 246 243 226 230 235 238 238 234 225 227 226 223 209 169 159 143 153 164 161 175 217 216 217 202 196 178 208 234 228 223 226 236 252 261 263 256 255 263 264 265 265 265 264 264 264 264 264 263 263 263 262 262 262 261 261 261 260 260 260 260 259 259 259 259 259 259 259 259 260 261 261 261
-9999 -9999 -9999 -9999 -9999 -9999 -9999 -9999 -9999 -9999 -9999 -9999 239 239 238 238 244 237 235 240 236 241 232 228 218 202 179 198 206 193 181 209 168 159 145 171 169 214 205 217 212 188 203 216 220 230 226 221 224 250 261 263 263 245 263 265 265 265 265 265 265 264 264 264 264 264 263 263 262 262 262 262 261 261 261 261 260 260 260 259 260 259 260 260 260 260 261 262 262
-9999 -9999 -9999 -9999 -9999 -9999 -9999 -9999 -9999 -9999 -9999 -9999 237 236 235 237 233 229 243 232 242 236 229 222 194 168 218 225 190 217 206 222 180 151 136 165 201 208 197 209 217 201 213 215 202 224 225 237 232 254 262 264 263 241 263 264 265 266 266 266 265 265 265 264 264 264 263 263 263 263 262 262 262 261 261 261 260 260 260 260 260 260 260 261 261 261 262 262 262
-9999 -9999 -9999 -9999 -9999 -9999 -9999 -9999 -9999 -9999 -9999 231 233 232 232 220 206 228 238 231 234 235 230 208 197 220 223 212 208 226 194 201 186 151 125 152 206 174 174 195 217 211 219 221 200 218 216 227 248 260 262 264 262 242 264 265 266 267 266 266 266 265 265 265 265 264 264 264 263 263 263 262 262 262 262 262 261 261 261 261 261 261 261 261 261 262 262 263 263
-9999 -9999 -9999 -9999 -9999 -9999 -9999 -9999 -9999 -9999 225 222 231 231 220 207 208 229 235 237 237 242 233 234 231 227 212 204 216 206 168 160 203 179 119 137 186 168 201 206 214 218 217 230 219 231 207 230 251 261 262 265 255 248 266 266 267 268 267 266 266 266 266 265 265 264 265 264 264 263 263 263 262 262 262 262 262 262 261 262 262 262 262 262 262 263 263 263 263
-9999 -9999 -9999 -9999 -9999 -9999 -9999 -9999 -9999 217 217 221 222 221 213 208 222 235 239 239 243 247 246 238 226 188 206 181 196 196 193 170 185 186 125 135 153 174 199 216 220 227 229 235 219 241 222 235 248 261 263 266 255 248 265 266 267 268 267 267 267 266 266 266 266 265 265 264 264 264 264 263 263 263 263 262 263 262 262 262 262 262 263 263 263 263 264 264 264
-9999 -9999 -9999 -9999 -9999 -9999 -9999 -9999 -9999 219 220 222 222 219 209 218 228 238 240 244 247 248 244 237 242 233 222 179 203 184 217 187 146 178 139 161 164 199 202 220 221 234 228 239 239 249 244 240 253 261 264 266 261 248 266 266 267 268 267 267 267 266 267 266 266 265 265 265 264 264 264 264 263 263 263 263 263 263 263 263 263 263 263 264 264 264 264 264 265
-9999 -9999 -9999 -9999 -9999 -9999 -9999 -9999 225 223 222 224 223 215 217 225 233 239 242 246 246 246 245 236 242 235 218 211 217 203 219 170 123 135 152 170 176 193 212 209 219 228 242 234 240 245 249 247 257 261 264 266 256 261 269 267 267 268 267 267 267 266 266 266 266 266 265 265 265 265 264 264 264 264 264 264 263 264 264 264 264 264 264 264 265 265 265 265 265
-9999 -9999 -9999 -9999 -9999 -9999 -9999 -9999 -9999 222 222 218 214 216 223 229 234 240 244 244 243 242 240 237 234 212 216 179 193 212 199 152 135 139 185 195 175 194 191 202 211 229 238 223 238 248 247 252 259 261 263 260 249 266 268 268 267 268 267 267 267 266 266 266 266 265 265 265 265 265 265 264 264 264 264 264 264 264 264 264 264 265 265 265 265 265 265 265 265
-9999 -9999 -9999 -9999 -9999 -9999 -9999 -9999 221 221 220 212 208 215 229 233 235 240 243 242 242 239 231 234 229 209 185 162 189 175 176 129 133 176 211 194 190 181 167 191 219 226 236 223 233 248 247 254 258 260 260 252 258 265 266 267 267 267 267 267 267 267 266 266 266 265 266 265 265 265 265 265 265 265 265 265 265 265 265 265 265 265 265 265 266 266 266 266 266
-9999 -9999 -9999 -9999 -9999 -9999 -9999 -9999 223 224 223 219 219 225 233 235 237 242 242 242 242 241 237 221 197 202 188 195 188 158 122 108 129 166 218 199 174 169 199 207 213 231 225 228 237 247 248 255 255 259 244 241 261 265 265 267 267 267 267 266 266 267 266 265 265 266 266 265 265 266 265 265 265 265 265 265 265 265 265 266 265 265 265 265 266 266 266 266 266
-9999 -9999 -9999 -9999 -9999 -9999 -9999 -9999 -9999 225 226 225 227 231 234 237 240 241 241 241 244 243 231 212 179 149 189 195 191 178 120 120 159 192 218 206 171 165 199 205 216 230 222 235 246 248 248 254 256 257 234 248 257 264 264 266 266 266 266 266 266 266 266 265 265 265 266 266 265 266 266 266 266 266 266 265 265 266 266 266 266 266 266 266 267 267 267 267 267
-9999 -9999 -9999 -9999 -9999 -9999 -9999 -9999 -9999 -9999 228 229 231 234 236 238 240 240 243 245 246 246 232 202 163 122 150 188 204 189 154 128 159 191 221 214 193 182 206 214 221 233 224 238 243 246 248 254 256 256 234 244 249 259 264 264 265 265 265 266 266 266 266 266 266 265 266 266 266 266 266 266 266 266 266 266 266 266 266 266 266 266 266 266 267 267 267 267 267
-9999 -9999 -9999 -9999 -9999 -9999 -9999 -9999 -9999 -9999 -9999 228 229 232 235 237 240 242 243 245 247 247 241 214 194 139 127 178 186 178 113 151 189 204 228 221 201 179 205 211 217 232 229 240 240 239 245 253 254 251 234 239 246 252 261 263 264 264 265 265 265 265 265 265 265 265 266 266 266 266 266 266 266 266 266 266 266 266 266 267 267 267 267 267 267 267 267 268 268
-9999 -9999 -9999 -9999 -9999 -9999 -9999 -9999 -9999 -9999 -9999 228 229 232 235 238 241 241 240 242 245 248 245 231 210 191 165 145 140 127 103 136 150 166 222 227 222 193 215 179 196 222 238 245 245 227 231 247 247 222 219 227 235 243 255 262 263 264 264 264 265 265 265 265 265 265 266 265 266 266 266 266 266 267 267 266 267 267 267 267 267 267 267 267 267 267 268 268 268
-9999 -9999 -9999 -9999 -9999 -9999 -9999 -9999 -9999 -9999 225 227 229 232 234 239 242 241 239 239 243 247 248 246 236 218 195 169 155 118 125 136 144 172 211 211 234 205 216 178 206 218 231 244 247 242 234 242 251 239 221 223 235 237 238 254 262 263 262 264 263 264 264 263 263 264 265 265 265 266 266 266 266 267 267 267 267 267 267 267 267 268 268 267 268 268 268 268 268
-9999 -9999 -9999 -9999 -9999 -9999 -9999 -9999 -9999 226 223 225 226 232 235 239 242 242 238 238 242 244 247 248 248 241 230 224 198 130 165 126 119 150 186 197 214 230 232 188 197 205 239 247 249 242 239 234 231 242 231 221 237 233 234 236 247 254 261 263 262 261 262 261 261 262 263 264 265 266 266 266 267 266 267 267 267 267 267 267 268 268 268 268 268 268 268 268 269
-9999 -9999 -9999 -9999 -9999 -9999 -9999 -9999 -9999 -9999 -9999 225 228 233 236 239 241 240 238 237 239 242 245 245 245 237 244 239 201 120 165 143 162 190 201 179 196 215 242 213 184 199 240 239 239 232 223 229 208 223 217 218 234 221 226 234 232 234 246 258 261 261 261 261 260 261 262 263 264 265 266 267 266 267 267 267 267 267 267 268 268 268 268 268 268 268 268 269 269
-9999 -9999 -9999 -9999 -9999 -9999 -9999 -9999 -9999 -9999 -9999 -9999 230 232 236 238 240 240 238 237 238 240 243 245 241 241 239 235 209 144 170 175 157 182 208 204 195 228 248 242 210 207 239 216 214 211 216 214 190 207 209 206 219 213 217 231 237 234 232 233 243 258 260 261 260 261 260 262 263 265 266 266 267 267 267 266 266 266 267 268 268 268 268 269 268 269 269 269 269
-9999 -9999 -9999 -9999 -9999 -9999 -9999 -9999 -9999 -9999 -9999 -9999 -9999 233 235 237 239 239 238 237 237 238 240 242 240 234 234 237 213 178 163 179 138 157 198 217 222 235 246 248 239 233 237 207 164 196 211 218 192 198 196 201 211 205 205 213 230 234 231 236 229 230 256 259 259 260 260 261 262 264 265 267 267 267 267 266 265 265 266 267 268 269 269 269 268 269 269 269 269
-9999 -9999 -9999 -9999 -9999 -9999 -9999 -9999 -9999 -9999 -9999 -9999 -9999 232 234 236 238 238 238 237 237 238 238 239 237 230 225 233 217 189 146 179 128 123 175 190 201 221 246 240 247 248 219 177 146 184 180 177 195 187 197 204 216 199 203 213 219 215 222 227 226 221 233 258 260 261 260 261 262 263 265 266 267 267 266 265 264 264 265 266 267 269 269 268 269 269 270 270 270
-9999 -9999 -9999 -9999 -9999 -9999 -9999 -9999 -9999 -9999 -9999 -9999 -9999 -9999 233 235 237 237 237 238 237 238 238 239 240 242 234 226 207 169 165 186 155 126 183 170 179 205 237 247 250 249 240 201 151 132 134 166 188 172 186 197 214 208 209 211 208 208 214 217 223 221 218 250 260 261 261 262 263 263 265 267 267 266 265 264 265 264 265 267 268 269 269 269 269 269 270 270 270
-9999 -9999 -9999 -9999 -9999 -9999 -9999 -9999 -9999 -9999 -9999 -9999 -9999 -9999 232 234 235 236 237 237 237 237 238 240 241 243 240 221 181 161 162 184 160 119 175 197 168 199 236 246 248 247 247 234 213 169 134 162 176 170 155 186 207 224 229 228 222 227 226 226 216 214 221 243 258 260 261 262 263 264 265 267 266 266 265 266 265 265 266 267 268 269 269 269 269 269 270 270 270
-9999 -9999 -9999 -9999 -9999 -9999 -9999 -9999 -9999 -9999 -9999 -9999 -9999 229 230 232 234 235 236 236 237 238 239 240 239 242 241 231 196 166 182 191 163 155 164 202 168 177 229 242 229 237 237 240 242 210 154 137 158 173 141 157 153 202 222 230 231 229 229 230 229 217 208 231 250 259 260 262 263 265 266 266 265 265 265 266 266 266 266 267 268 269 269 269 269 269 270 270 270
-9999 -9999 -9999 -9999 -9999 -9999 -9999 -9999 -9999 -9999 220 216 225 227 229 231 232 234 235 235 236 237 238 239 240 241 242 238 225 195 150 185 178 178 164 196 206 208 233 241 211 187 187 201 222 225 195 158 173 154 158 126 153 177 205 222 231 231 230 226 228 218 197 232 241 249 258 261 263 265 266 266 266 266 265 265 265 266 267 267 268 269 269 269 269 269 269 270 270
-9999 -9999 -9999 -9999 -9999 -9999 -9999 -9999 -9999 -9999 217 210 219 225 227 229 231 232 233 234 235 236 237 238 238 233 234 237 222 200 153 165 181 198 174 174 184 213 204 229 233 184 169 157 178 197 190 168 185 131 132 127 123 134 176 206 226 231 231 229 219 219 195 214 227 239 258 260 262 263 265 266 266 265 265 265 265 266 267 267 268 269 269 269 270 269 269 269 269
-9999 -9999 -9999 -9999 -9999 -9999 -9999 -9999 -9999 -9999 -9999 213 216 224 227 228 229 231 232 233 233 234 235 236 236 234 235 233 229 208 171 143 138 169 205 207 203 214 199 202 228 218 196 184 131 179 182 134 170 146 136 128 102 102 122 163 211 230 231 229 228 221 211 202 226 230 254 259 260 262 263 264 266 266 265 265 266 266 267 267 268 269 269 269 269 269 270 270 269
-9999 -9999 -9999 -9999 -9999 -9999 -9999 -9999 -9999 -9999 -9999 -9999 222 224 225 226 228 228 230 231 232 233 234 235 235 235 228 236 230 203 146 103 104 148 185 193 177 200 186 177 212 210 219 193 147 158 145 128 146 166 154 121 114 106 113 154 196 218 229 227 217 223 220 221 217 231 246 257 259 260 262 263 265 266 266 266 266 265 266 267 268 269 269 269 269 269 269 269 269
-9999 -9999 -9999 -9999 -9999 -9999 -9999 -9999 -9999 -9999 -9999 -9999 -9999 223 224 225 226 227 228 229 230 231 232 233 234 233 233 236 230 202 152 113 102 113 159 196 175 189 153 166 172 202 199 214 189 157 131 130 155 164 153 152 140 133 127 162 191 204 224 216 208 214 227 230 229 239 243 250 257 259 261 263 263 264 266 267 266 265 266 268 269 269 269 269 269 269 269 269 269
-9999 -9999 -9999 -9999 -9999 -9999 -9999 -9999 -9999 -9999 -9999 -9999 -9999 -9999 223 223 224 226 227 228 229 230 230 231 232 233 233 235 234 215 182 162 136 103 152 174 183 159 131 157 161 182 180 201 192 182 165 124 160 138 122 147 134 153 154 147 159 193 199 201 196 200 217 227 233 223 225 242 254 257 260 262 263 262 266 267 266 266 266 268 269 269 269 269 269 269 269 269 269
-9999 -9999 -9999 -9999 -9999 -9999 -9999 -9999 -9999 -9999 -9999 -9999 -9999 -9999 -9999 -9999 223 224 225 226 227 228 229 230 230 231 232 230 230 218 217 198 139 96 139 149 174 149 144 147 153 138 166 177 201 176 160 117 136 152 122 142 167 183 175 161 148 164 186 185 191 203 208 222 244 240 235 235 245 242 251 261 262 264 266 266 266 265 267 268 269 269 269 269 269 269 269 269 268
-9999 -9999 -9999 -9999 -9999 -9999 -9999 -9999 -9999 -9999 -9999 -9999 -9999 -9999 -9999 -9999 -9999 -9999 -9999 224 225 226 227 228 228 229 230 230 231 222 215 191 174 173 168 132 159 164 138 127 144 120 157 126 173 202 175 119 119 150 125 136 175 182 183 192 165 164 172 198 195 213 226 229 234 246 248 247 241 242 241 246 257 262 264 266 266 265 266 268 269 269 269 269 269 269 269 268 267
