bio_clim/bio_11.asc
ncols         156
nrows         252
xllcorner     -82
yllcorner     -8
cellsize      0.083333337679505
NODATA_value  -9999
[rows 195 to 233 of 252, columns 0 to 88 of 156]
-9999 -9999 -9999 -9999 -9999 -9999 -9999 -9999 -9999 -9999 -9999 -9999 -9999 -9999 -9999 -9999 -9999 -9999 -9999 -9999 -9999 -9999 -9999 235 236 235 235 233 228 207 189 190 206 160 98 111 93 118 126 157 193 200 212 183 178 205 182 197 229 247 244 247 251 252 253 252 252 252 252 253 252 252 252 252 253 253 253 253 252 252 252 252 251 251 250 250 250 250 250 250 251 252 252 252 252 251 251 252 253
-9999 -9999 -9999 -9999 -9999 -9999 -9999 -9999 -9999 -9999 -9999 -9999 -9999 -9999 -9999 -9999 -9999 -9999 -9999 -9999 235 236 237 237 236 236 235 231 217 207 197 203 192 126 137 110 86 108 154 148 210 205 210 174 190 192 189 198 231 248 243 247 251 253 253 253 253 253 253 253 253 253 253 253 253 253 253 253 253 253 252 252 252 251 251 251 251 251 250 250 251 252 252 252 252 253 252 252 253
-9999 -9999 -9999 -9999 -9999 -9999 -9999 -9999 -9999 -9999 -9999 -9999 -9999 -9999 -9999 -9999 -9999 -9999 -9999 -9999 236 238 238 239 238 236 231 215 152 145 122 162 188 171 136 106 125 134 155 198 210 218 208 173 203 200 206 225 238 247 246 244 252 254 253 254 254 254 254 254 254 254 254 254 254 254 254 253 253 253 253 252 252 252 252 251 251 251 251 250 251 251 251 252 252 253 254 253 253
-9999 -9999 -9999 -9999 -9999 -9999 -9999 -9999 -9999 -9999 -9999 -9999 -9999 -9999 -9999 -9999 -9999 -9999 235 236 238 240 241 240 239 235 224 186 154 104 91 115 163 122 109 104 182 154 137 199 209 221 212 184 208 211 224 231 238 246 251 247 251 254 254 254 254 254 254 255 255 255 255 255 254 254 254 254 254 254 253 253 253 252 252 252 251 251 251 251 251 251 251 251 252 253 253 254 253
-9999 -9999 -9999 -9999 -9999 -9999 -9999 -9999 -9999 -9999 -9999 -9999 -9999 -9999 -9999 -9999 -9999 234 237 238 239 241 241 240 239 237 228 197 203 192 132 92 120 128 102 125 201 177 178 200 201 217 199 199 217 212 223 234 240 246 252 252 240 254 255 255 255 255 255 256 255 255 255 255 255 255 255 255 254 254 254 253 253 253 253 252 252 252 251 251 251 251 251 252 252 253 253 254 254
-9999 -9999 -9999 -9999 -9999 -9999 -9999 -9999 -9999 -9999 -9999 -9999 -9999 -9999 -9999 230 231 231 239 239 239 241 241 238 232 235 227 221 228 214 156 99 110 112 107 139 174 204 206 205 204 207 188 199 220 211 225 229 233 243 252 253 235 253 255 256 256 256 256 256 256 256 256 256 256 256 256 255 255 255 254 254 253 253 253 252 252 252 251 251 251 251 251 252 252 253 253 254 254
-9999 -9999 -9999 -9999 -9999 -9999 -9999 -9999 -9999 -9999 -9999 -9999 -9999 -9999 227 229 229 233 238 233 232 234 236 233 231 232 229 230 231 225 184 129 125 127 132 142 164 206 207 214 207 198 181 209 226 217 222 231 237 241 252 252 235 253 255 257 257 257 257 257 257 257 257 257 257 256 256 256 255 255 255 254 254 254 254 253 253 252 252 251 251 251 252 253 253 253 254 254 255
-9999 -9999 -9999 -9999 -9999 -9999 -9999 -9999 -9999 -9999 -9999 -9999 -9999 -9999 223 225 230 231 229 218 222 227 231 232 230 223 225 224 220 206 167 156 138 148 158 155 169 210 209 210 195 189 170 201 226 220 215 218 229 245 253 255 249 248 256 257 258 258 258 258 257 257 258 257 257 257 257 256 256 256 256 255 255 254 254 254 253 253 252 252 252 252 253 253 253 254 254 255 255
-9999 -9999 -9999 -9999 -9999 -9999 -9999 -9999 -9999 -9999 -9999 -9999 216 218 218 220 227 223 222 228 226 231 226 223 216 200 174 193 202 189 178 207 164 153 140 165 162 207 197 209 204 180 195 208 212 222 219 214 217 243 254 256 255 239 256 258 259 259 259 258 258 258 258 258 258 257 257 257 256 256 256 256 255 255 255 254 254 254 253 253 253 253 253 254 254 254 255 255 256
-9999 -9999 -9999 -9999 -9999 -9999 -9999 -9999 -9999 -9999 -9999 -9999 214 214 215 219 218 216 228 222 230 228 223 218 191 165 216 222 186 215 204 220 175 146 130 158 194 200 190 201 209 193 205 207 194 216 217 230 225 247 255 256 256 235 256 258 259 260 260 259 259 258 259 258 258 258 258 257 257 257 257 256 256 256 255 255 254 254 254 253 253 254 254 255 255 255 256 256 256
-9999 -9999 -9999 -9999 -9999 -9999 -9999 -9999 -9999 -9999 -9999 207 210 210 212 205 197 215 224 220 224 226 223 206 195 217 220 210 206 223 191 198 182 146 120 146 199 166 167 188 208 203 211 213 192 211 208 220 241 253 256 257 256 236 258 259 260 261 260 260 260 259 259 259 259 258 258 258 257 257 257 256 256 256 256 255 255 255 255 254 254 255 255 255 255 256 256 257 257
-9999 -9999 -9999 -9999 -9999 -9999 -9999 -9999 -9999 -9999 200 198 207 209 203 195 197 214 220 224 225 230 224 226 225 222 210 202 213 204 165 156 198 173 114 131 179 161 193 198 206 210 209 222 211 223 199 223 244 255 256 258 249 241 260 260 261 262 261 261 261 260 260 260 259 258 259 259 258 257 258 257 257 257 256 256 255 256 255 255 255 256 256 256 256 256 257 257 257
-9999 -9999 -9999 -9999 -9999 -9999 -9999 -9999 -9999 190 192 196 199 200 197 195 206 217 222 224 228 233 233 228 220 187 204 179 194 193 190 166 180 180 119 130 147 166 191 208 212 219 221 227 212 234 215 229 242 255 257 259 249 242 259 260 261 262 262 261 261 260 260 261 260 259 259 259 258 258 258 258 257 257 257 257 256 256 256 256 256 256 257 257 257 257 257 258 258
-9999 -9999 -9999 -9999 -9999 -9999 -9999 -9999 -9999 193 194 197 198 198 194 201 210 218 222 226 229 232 230 226 231 225 217 177 199 181 213 183 142 172 134 155 157 192 195 212 213 226 220 231 232 242 238 234 247 255 258 260 256 242 260 261 262 262 262 261 261 261 261 261 260 260 260 260 259 259 259 258 258 258 257 257 257 257 257 257 257 257 257 258 258 258 258 258 258
-9999 -9999 -9999 -9999 -9999 -9999 -9999 -9999 197 196 196 198 199 195 198 205 212 218 221 226 228 229 229 224 230 226 213 207 212 200 215 166 118 131 147 164 169 186 205 202 212 220 234 227 233 239 242 241 251 255 258 260 250 255 263 262 262 262 262 262 261 261 261 261 260 260 260 260 259 259 259 259 259 258 258 258 258 258 258 258 258 258 258 258 259 259 259 259 259
-9999 -9999 -9999 -9999 -9999 -9999 -9999 -9999 -9999 195 196 193 192 195 201 207 212 217 222 223 224 224 225 224 223 206 211 177 190 208 195 149 131 134 179 189 169 188 185 195 204 222 231 216 232 242 241 246 253 255 257 254 243 260 262 262 262 262 262 262 261 261 261 261 261 260 260 260 259 259 260 259 259 259 259 259 258 259 258 258 258 259 259 259 259 260 259 259 259
-9999 -9999 -9999 -9999 -9999 -9999 -9999 -9999 193 193 193 188 187 193 204 209 211 217 220 220 222 221 218 221 218 203 183 160 186 173 173 125 129 172 206 189 185 175 161 185 212 219 230 217 227 242 241 249 252 255 255 247 252 259 261 262 262 262 262 262 261 261 261 260 260 260 260 261 260 260 260 260 259 260 260 259 260 259 259 259 259 259 260 260 260 259 259 260 260
-9999 -9999 -9999 -9999 -9999 -9999 -9999 -9999 195 196 195 193 194 200 207 210 213 218 219 219 221 221 220 211 193 197 185 192 186 155 118 104 124 162 212 194 169 164 193 201 207 224 219 222 231 241 242 249 249 253 239 236 256 259 260 261 262 261 261 261 261 261 261 260 260 260 261 261 260 260 260 260 260 260 260 260 260 260 260 260 260 260 260 260 260 260 260 260 261
-9999 -9999 -9999 -9999 -9999 -9999 -9999 -9999 -9999 197 198 198 200 204 208 211 215 217 217 219 221 222 215 204 175 146 186 192 189 175 116 116 155 188 213 201 166 160 193 199 210 224 216 229 240 243 242 248 251 251 229 242 252 258 259 261 261 261 261 261 261 260 261 260 260 260 261 261 260 261 261 260 261 261 260 260 260 260 260 260 261 260 260 260 260 261 261 261 262
-9999 -9999 -9999 -9999 -9999 -9999 -9999 -9999 -9999 -9999 199 201 203 206 209 212 214 216 218 221 223 225 216 196 160 118 148 185 200 186 150 124 156 187 215 209 189 177 200 208 215 227 219 233 237 240 243 249 250 250 228 239 243 255 259 259 260 260 260 260 260 260 261 260 260 260 261 261 260 261 261 261 261 261 261 261 261 261 261 261 261 260 260 260 261 261 261 261 261
-9999 -9999 -9999 -9999 -9999 -9999 -9999 -9999 -9999 -9999 -9999 200 202 205 208 211 214 217 218 221 223 224 222 204 188 136 124 174 183 174 108 147 185 200 222 216 197 174 200 206 211 226 224 235 234 233 239 247 249 246 229 233 241 246 256 258 259 259 259 260 260 260 260 260 260 260 261 260 261 261 261 261 261 261 261 260 261 261 261 261 261 261 262 261 261 261 261 262 262
-9999 -9999 -9999 -9999 -9999 -9999 -9999 -9999 -9999 -9999 -9999 200 202 205 208 212 215 216 216 219 222 225 225 216 201 186 161 141 136 123 98 131 146 162 217 221 217 189 210 174 191 217 232 240 240 222 226 242 242 217 213 221 229 237 250 257 258 259 259 259 260 259 260 259 260 261 261 260 261 260 261 262 261 261 261 261 262 261 261 261 261 262 262 262 262 261 262 262 263
-9999 -9999 -9999 -9999 -9999 -9999 -9999 -9999 -9999 -9999 198 200 202 205 207 212 216 216 215 216 220 224 226 226 220 208 189 165 151 114 121 131 140 168 207 207 228 200 211 174 201 213 226 238 241 236 229 237 246 233 215 217 230 232 233 249 256 258 257 258 258 259 258 257 258 259 259 261 261 261 262 261 261 262 262 262 262 262 262 262 262 262 262 262 262 262 262 262 262
-9999 -9999 -9999 -9999 -9999 -9999 -9999 -9999 -9999 197 195 198 199 205 208 213 216 216 215 215 219 222 225 228 228 225 218 214 192 125 161 121 115 145 182 192 210 224 226 183 193 200 233 241 243 236 234 229 226 236 226 216 232 228 228 230 242 249 256 257 256 257 257 256 256 257 258 260 260 261 261 261 262 262 262 262 262 262 262 262 262 262 262 262 262 261 262 262 262
-9999 -9999 -9999 -9999 -9999 -9999 -9999 -9999 -9999 -9999 -9999 198 201 205 209 212 215 215 214 214 217 220 223 225 226 221 227 225 194 115 160 138 157 185 197 175 192 211 236 208 180 194 234 233 233 227 218 224 202 218 212 212 228 216 221 229 227 229 240 253 256 256 256 256 255 256 257 258 260 261 262 262 262 262 262 262 262 262 262 262 262 262 262 262 262 262 263 263 263
-9999 -9999 -9999 -9999 -9999 -9999 -9999 -9999 -9999 -9999 -9999 -9999 202 205 209 211 214 214 214 214 215 218 221 224 222 224 224 222 201 139 165 170 152 178 204 200 191 223 241 237 205 203 233 210 209 206 211 209 184 201 203 200 214 207 211 225 232 229 227 227 238 253 255 255 255 256 256 257 258 260 261 261 261 262 262 261 261 261 262 262 262 262 262 262 262 263 263 263 263
-9999 -9999 -9999 -9999 -9999 -9999 -9999 -9999 -9999 -9999 -9999 -9999 -9999 205 208 211 212 213 213 214 214 216 219 221 221 218 219 222 205 172 158 174 133 152 194 212 217 229 240 241 233 227 231 202 159 190 206 212 186 193 190 195 205 200 199 207 225 228 226 230 224 225 251 254 254 255 255 256 257 259 260 262 262 262 261 260 260 260 261 261 262 263 263 262 262 263 262 263 263
-9999 -9999 -9999 -9999 -9999 -9999 -9999 -9999 -9999 -9999 -9999 -9999 -9999 205 207 209 211 212 212 213 214 215 217 219 218 214 212 219 208 183 141 174 122 117 170 185 197 216 240 234 241 242 214 172 139 179 174 171 189 181 191 199 210 193 197 208 213 210 216 222 221 215 228 253 255 256 256 256 257 259 260 261 261 262 261 260 259 259 260 260 262 263 263 262 263 263 263 264 264
-9999 -9999 -9999 -9999 -9999 -9999 -9999 -9999 -9999 -9999 -9999 -9999 -9999 -9999 205 208 210 210 212 213 213 215 216 218 220 223 218 213 198 163 159 180 149 120 178 165 174 200 231 240 243 242 233 195 145 125 127 160 182 166 180 191 209 202 203 205 202 202 208 211 218 215 212 245 254 256 256 257 258 258 260 261 262 261 259 259 259 258 259 261 262 263 263 263 263 263 264 263 263
-9999 -9999 -9999 -9999 -9999 -9999 -9999 -9999 -9999 -9999 -9999 -9999 -9999 -9999 204 206 208 209 211 212 213 214 216 218 220 222 221 208 173 155 156 178 154 113 170 192 163 194 230 239 241 240 240 228 207 162 127 156 170 163 149 180 201 219 223 222 216 221 220 220 210 208 215 238 253 255 256 257 259 260 260 261 261 260 260 260 260 259 260 261 262 263 263 263 263 263 263 263 263
-9999 -9999 -9999 -9999 -9999 -9999 -9999 -9999 -9999 -9999 -9999 -9999 -9999 201 203 205 207 208 209 211 212 213 215 217 218 221 221 215 187 159 175 184 157 149 158 196 162 172 222 235 223 231 230 233 235 204 148 130 152 166 134 150 146 196 215 224 225 223 223 224 223 211 202 225 244 254 255 257 258 260 261 261 260 259 260 260 260 260 260 261 262 263 262 263 262 262 263 263 263
-9999 -9999 -9999 -9999 -9999 -9999 -9999 -9999 -9999 -9999 192 189 196 199 201 203 205 207 208 209 211 212 214 216 217 219 221 219 211 186 144 178 171 172 158 190 199 202 226 233 205 181 181 195 215 219 189 151 166 147 152 119 146 170 199 215 225 225 223 220 222 211 190 226 235 244 252 256 258 259 261 261 260 260 259 259 260 260 261 261 262 263 263 263 263 263 263 263 263
-9999 -9999 -9999 -9999 -9999 -9999 -9999 -9999 -9999 -9999 190 184 191 197 199 201 203 205 206 208 209 210 212 214 215 212 214 217 207 190 146 157 173 190 167 168 177 206 198 221 225 177 162 151 172 190 184 161 178 123 124 119 115 126 169 199 220 225 224 223 212 213 188 208 221 233 253 255 257 258 260 261 260 259 259 259 259 260 261 261 262 263 263 263 263 263 262 263 263
-9999 -9999 -9999 -9999 -9999 -9999 -9999 -9999 -9999 -9999 -9999 186 189 196 199 200 202 203 204 206 207 209 210 211 213 212 214 213 212 196 163 136 131 162 197 199 195 206 192 195 220 210 189 177 124 172 175 127 163 138 129 121 94 94 114 155 204 223 224 222 221 215 204 196 220 224 248 253 255 257 257 259 260 260 259 259 260 260 260 261 262 262 263 263 263 263 263 263 262
-9999 -9999 -9999 -9999 -9999 -9999 -9999 -9999 -9999 -9999 -9999 -9999 193 196 197 198 200 201 203 204 205 207 208 210 210 211 207 214 211 191 138 95 97 141 177 185 169 192 179 170 205 202 211 186 140 151 138 121 139 159 147 113 106 98 105 147 189 211 222 220 210 217 213 215 211 225 240 251 254 255 256 257 259 260 260 260 260 259 260 261 262 263 263 263 263 262 262 262 262
-9999 -9999 -9999 -9999 -9999 -9999 -9999 -9999 -9999 -9999 -9999 -9999 -9999 195 196 197 198 199 201 202 204 205 206 207 209 209 210 213 210 189 144 105 94 105 152 187 167 181 146 159 165 194 191 206 182 149 124 122 148 156 146 144 133 126 119 155 184 197 217 208 201 207 220 223 223 233 236 244 251 253 255 257 257 258 260 260 259 259 260 261 262 263 262 262 263 263 262 262 262
-9999 -9999 -9999 -9999 -9999 -9999 -9999 -9999 -9999 -9999 -9999 -9999 -9999 -9999 195 195 196 198 199 200 202 203 204 205 206 208 209 211 212 199 171 153 128 95 144 165 174 151 124 149 153 174 172 192 184 174 157 116 152 130 114 139 126 145 146 140 151 186 192 194 189 193 210 220 226 217 218 235 248 251 254 256 257 256 260 260 260 259 260 261 262 262 262 262 262 262 262 261 262
-9999 -9999 -9999 -9999 -9999 -9999 -9999 -9999 -9999 -9999 -9999 -9999 -9999 -9999 -9999 -9999 195 196 197 198 199 200 202 203 204 205 207 206 207 199 200 185 131 88 131 141 166 141 135 138 144 130 158 168 192 167 152 108 127 144 114 134 159 175 167 154 140 156 179 177 184 196 201 215 237 233 228 228 238 235 245 255 256 257 259 260 260 258 260 261 262 262 262 262 262 262 262 262 261
-9999 -9999 -9999 -9999 -9999 -9999 -9999 -9999 -9999 -9999 -9999 -9999 -9999 -9999 -9999 -9999 -9999 -9999 -9999 196 198 198 199 200 201 203 204 205 206 201 197 179 163 162 158 123 150 156 130 119 136 111 149 118 164 193 166 110 110 141 117 127 167 174 175 184 157 156 164 191 188 206 219 222 227 240 241 240 234 235 234 240 250 255 258 259 259 258 259 261 261 262 262 262 262 262 261 261 260
