bio_clim/bio_18.asc
ncols         156
nrows         252
xllcorner     -82
yllcorner     -8
cellsize      0.083333337679505
NODATA_value  -9999
[rows 39 to 77 of 252, columns 0 to 87 of 156]
-9999 -9999 -9999 -9999 -9999 -9999 -9999 -9999 -9999 -9999 -9999 -9999 -9999 -9999 -9999 -9999 -9999 -9999 -9999 -9999 -9999 -9999 -9999 -9999 -9999 -9999 -9999 -9999 -9999 -9999 -9999 -9999 -9999 -9999 -9999 -9999 -9999 -9999 -9999 -9999 -9999 -9999 -9999 -9999 -9999 -9999 -9999 -9999 -9999 -9999 -9999 -9999 -9999 -9999 -9999 -9999 -9999 -9999 -9999 -9999 -9999 -9999 -9999 -9999 -9999 -9999 -9999 -9999 -9999 -9999 -9999 -9999 -9999 -9999 -9999 -9999 195 212 249 306 346 346 321 303 274 239 236 267
-9999 -9999 -9999 -9999 -9999 -9999 -9999 -9999 -9999 -9999 -9999 -9999 -9999 -9999 -9999 -9999 -9999 -9999 -9999 -9999 -9999 -9999 -9999 -9999 -9999 -9999 -9999 -9999 -9999 -9999 -9999 -9999 -9999 -9999 -9999 -9999 -9999 -9999 -9999 -9999 -9999 -9999 -9999 -9999 -9999 -9999 -9999 -9999 -9999 -9999 -9999 -9999 -9999 -9999 -9999 -9999 -9999 -9999 -9999 -9999 -9999 -9999 -9999 -9999 -9999 -9999 -9999 -9999 -9999 -9999 -9999 -9999 -9999 -9999 -9999 -9999 -9999 195 226 290 341 341 320 291 253 230 234 266
-9999 -9999 -9999 -9999 -9999 -9999 -9999 -9999 -9999 -9999 -9999 -9999 -9999 -9999 -9999 -9999 -9999 -9999 -9999 -9999 -9999 -9999 -9999 -9999 -9999 -9999 -9999 -9999 544 506 472 455 429 411 401 386 -9999 -9999 -9999 -9999 -9999 -9999 -9999 -9999 -9999 -9999 -9999 -9999 -9999 -9999 -9999 -9999 -9999 -9999 -9999 -9999 -9999 -9999 -9999 -9999 -9999 -9999 -9999 -9999 -9999 -9999 -9999 -9999 -9999 -9999 -9999 -9999 -9999 -9999 -9999 -9999 -9999 186 228 308 337 327 310 272 247 222 230 149
-9999 -9999 -9999 -9999 -9999 -9999 -9999 -9999 -9999 -9999 -9999 -9999 -9999 -9999 -9999 -9999 -9999 -9999 -9999 -9999 -9999 -9999 -9999 -9999 -9999 -9999 -9999 547 560 522 501 481 474 435 393 -9999 370 -9999 -9999 -9999 -9999 -9999 -9999 -9999 -9999 -9999 -9999 -9999 -9999 -9999 -9999 -9999 -9999 -9999 -9999 -9999 -9999 -9999 -9999 -9999 -9999 -9999 -9999 -9999 -9999 -9999 -9999 -9999 -9999 -9999 -9999 -9999 -9999 -9999 -9999 -9999 -9999 193 225 280 315 307 282 257 134 122 228 270
-9999 -9999 -9999 -9999 -9999 -9999 -9999 -9999 -9999 -9999 -9999 -9999 -9999 -9999 -9999 -9999 -9999 -9999 -9999 -9999 -9999 -9999 -9999 -9999 -9999 485 499 504 496 479 498 494 499 445 407 388 388 397 406 393 369 356 343 -9999 -9999 -9999 -9999 -9999 -9999 -9999 -9999 -9999 -9999 -9999 -9999 -9999 -9999 -9999 -9999 -9999 -9999 -9999 -9999 -9999 -9999 -9999 -9999 -9999 -9999 -9999 -9999 -9999 242 234 222 211 198 207 230 261 279 277 260 240 130 115 113 129
-9999 -9999 -9999 -9999 -9999 -9999 -9999 -9999 -9999 -9999 -9999 -9999 -9999 -9999 -9999 -9999 -9999 -9999 -9999 -9999 -9999 -9999 -9999 -9999 505 472 464 445 411 420 459 480 499 444 419 417 416 408 401 391 379 365 343 325 318 -9999 -9999 -9999 -9999 -9999 -9999 -9999 -9999 -9999 -9999 -9999 -9999 -9999 -9999 -9999 -9999 -9999 -9999 -9999 -9999 -9999 -9999 -9999 -9999 -9999 -9999 267 262 262 247 237 227 236 255 133 139 137 131 123 120 114 109 135
-9999 -9999 -9999 -9999 -9999 -9999 -9999 -9999 -9999 -9999 -9999 -9999 -9999 -9999 -9999 -9999 -9999 -9999 -9999 -9999 -9999 -9999 627 533 465 434 420 402 364 367 461 522 437 409 382 349 357 367 382 383 364 337 329 329 321 316 327 337 -9999 -9999 -9999 -9999 -9999 -9999 -9999 -9999 -9999 -9999 -9999 -9999 -9999 -9999 -9999 -9999 -9999 -9999 -9999 -9999 -9999 -9999 283 284 110 111 113 112 113 123 136 143 141 131 120 111 112 119 129 152
-9999 885 -9999 -9999 -9999 -9999 -9999 -9999 -9999 -9999 -9999 -9999 -9999 -9999 -9999 -9999 -9999 -9999 788 743 713 661 580 479 403 389 382 368 353 347 364 363 354 356 339 338 362 387 409 411 375 324 284 279 286 310 331 335 338 -9999 -9999 -9999 -9999 -9999 -9999 -9999 -9999 -9999 -9999 -9999 -9999 -9999 -9999 -9999 -9999 -9999 -9999 -9999 -9999 -9999 114 119 125 131 133 131 128 140 153 162 149 135 121 112 121 134 151 169
-9999 -9999 887 -9999 -9999 -9999 -9999 -9999 -9999 -9999 -9999 -9999 -9999 -9999 -9999 -9999 751 783 746 705 676 612 536 444 376 358 361 361 344 322 302 301 328 344 346 355 393 417 437 425 396 344 290 274 279 291 311 327 338 342 -9999 -9999 -9999 -9999 -9999 -9999 -9999 -9999 -9999 -9999 -9999 -9999 -9999 -9999 -9999 -9999 -9999 -9999 -9999 118 118 126 137 150 155 145 144 153 170 170 156 142 130 128 140 146 148 171
-9999 907 -9999 881 -9999 -9999 -9999 -9999 -9999 -9999 -9999 -9999 -9999 -9999 -9999 695 710 764 714 672 624 570 509 439 373 335 336 332 325 299 -9999 -9999 -9999 -9999 -9999 -9999 387 417 427 417 395 369 332 294 284 290 302 315 335 346 350 -9999 -9999 -9999 -9999 -9999 -9999 -9999 -9999 -9999 -9999 -9999 -9999 -9999 -9999 -9999 -9999 -9999 135 121 121 131 142 155 158 145 152 165 182 178 161 150 137 131 145 154 162 185
934 909 896 881 874 -9999 -9999 -9999 -9999 -9999 -9999 -9999 -9999 588 602 613 634 669 646 603 568 533 492 438 379 324 300 -9999 -9999 -9999 -9999 -9999 -9999 -9999 -9999 -9999 -9999 415 430 436 409 381 366 324 307 299 303 311 326 344 364 374 -9999 -9999 -9999 -9999 -9999 -9999 -9999 -9999 -9999 -9999 -9999 -9999 -9999 -9999 -9999 173 142 122 126 134 137 135 135 148 165 182 195 183 166 153 142 136 143 154 169 197
934 610 891 594 858 860 563 562 -9999 -9999 541 538 542 540 537 523 527 535 517 514 506 498 471 429 391 124 106 -9999 -9999 -9999 -9999 -9999 -9999 -9999 -9999 -9999 -9999 -9999 -9999 431 96 389 367 339 324 304 305 312 323 341 367 387 408 -9999 -9999 -9999 -9999 -9999 -9999 -9999 -9999 -9999 -9999 -9999 -9999 -9999 200 178 153 135 138 140 137 128 140 163 185 201 204 183 165 153 147 140 142 150 160 174
610 518 581 533 527 519 509 506 485 520 484 455 464 473 453 450 435 433 433 442 447 458 436 423 403 332 105 -9999 -9999 -9999 -9999 -9999 -9999 -9999 -9999 -9999 -9999 -9999 -9999 -9999 88 395 360 341 326 310 307 313 325 342 367 393 416 449 -9999 -9999 -9999 -9999 -9999 -9999 -9999 -9999 -9999 -9999 232 220 205 184 166 157 156 310 308 150 159 175 195 198 192 172 156 145 135 136 143 152 157 163
508 660 506 520 466 431 468 450 465 493 437 412 421 396 408 404 406 367 341 375 394 421 409 405 355 88 -9999 -9999 -9999 -9999 -9999 -9999 -9999 -9999 -9999 341 -9999 -9999 -9999 -9999 -9999 -9999 79 330 323 310 306 313 325 345 370 399 420 448 494 516 -9999 -9999 -9999 -9999 -9999 -9999 270 260 247 231 212 191 180 174 170 326 327 332 173 176 185 176 168 157 145 131 123 133 153 165 174 182
564 465 442 426 426 433 434 425 406 419 403 404 399 388 394 403 369 271 287 291 321 364 385 389 292 -9999 -9999 -9999 -9999 -9999 -9999 -9999 -9999 -9999 -9999 -9999 -9999 -9999 -9999 -9999 -9999 -9999 75 312 305 301 303 315 327 346 373 404 432 449 467 528 571 -9999 -9999 -9999 -9999 291 287 278 264 246 227 206 192 183 176 172 173 174 176 174 165 155 153 151 145 140 141 157 179 192 203 210
551 533 513 482 505 481 501 495 444 425 406 427 430 449 419 386 294 233 225 236 250 260 269 245 -9999 -9999 -9999 -9999 -9999 -9999 -9999 -9999 -9999 -9999 -9999 -9999 330 -9999 -9999 -9999 -9999 -9999 77 74 73 289 299 313 332 348 376 406 440 458 452 495 570 -9999 -9999 -9999 -9999 -9999 306 299 284 266 247 224 203 191 182 169 168 172 178 174 160 147 155 156 154 159 176 208 220 229 244 259
534 536 531 535 536 541 537 522 498 463 460 470 470 471 419 325 244 200 194 202 213 205 191 -9999 -9999 -9999 -9999 -9999 -9999 -9999 -9999 -9999 -9999 -9999 -9999 -9999 318 323 -9999 -9999 -9999 -9999 -9999 -9999 -9999 80 285 308 329 356 376 409 444 474 481 469 542 577 581 -9999 -9999 -9999 -9999 324 307 288 266 242 219 206 174 165 169 175 181 182 179 177 173 172 172 182 202 229 248 264 289 320
498 508 524 533 542 549 546 138 524 512 502 476 457 422 360 298 237 197 183 -9999 -9999 -9999 -9999 -9999 -9999 -9999 -9999 -9999 -9999 -9999 -9999 -9999 -9999 -9999 284 -9999 302 -9999 -9999 -9999 -9999 -9999 -9999 -9999 -9999 -9999 289 304 328 357 377 409 447 481 492 474 496 557 328 -9999 -9999 -9999 -9999 353 331 311 287 262 242 215 180 172 182 190 194 197 200 200 198 196 196 206 222 247 270 292 322 357
485 493 497 517 537 177 156 154 153 559 526 479 423 375 318 278 235 198 -9999 -9999 -9999 -9999 -9999 -9999 -9999 -9999 -9999 -9999 -9999 -9999 -9999 -9999 -9999 -9999 -9999 -9999 -9999 -9999 -9999 -9999 -9999 -9999 -9999 -9999 -9999 264 294 321 333 356 381 411 452 487 495 492 486 531 335 352 -9999 -9999 -9999 378 352 332 311 289 265 239 217 210 212 214 217 218 218 221 221 215 219 231 248 269 294 322 352 383
-9999 -9999 -9999 501 522 178 171 179 175 170 542 503 448 382 320 271 233 196 -9999 -9999 -9999 -9999 -9999 -9999 -9999 -9999 -9999 -9999 -9999 -9999 -9999 -9999 -9999 -9999 -9999 -9999 -9999 -9999 -9999 -9999 -9999 -9999 -9999 -9999 -9999 269 312 335 350 371 390 420 466 497 505 500 501 523 339 358 376 397 -9999 417 385 346 332 313 291 271 257 254 245 247 243 238 235 234 232 230 237 254 275 295 319 356 398 438
-9999 -9999 -9999 483 490 508 186 198 191 182 553 533 480 410 342 280 234 193 -9999 -9999 -9999 -9999 -9999 -9999 -9999 -9999 -9999 -9999 -9999 -9999 -9999 -9999 -9999 -9999 -9999 -9999 -9999 -9999 -9999 -9999 -9999 -9999 -9999 90 97 281 343 360 382 397 418 451 484 507 512 288 522 534 343 362 382 401 -9999 428 411 373 347 333 316 299 288 303 287 273 258 255 249 245 241 241 254 276 300 321 342 391 459 493
-9999 -9999 -9999 -9999 -9999 498 199 214 529 545 565 558 508 434 367 293 232 185 144 119 -9999 -9999 -9999 -9999 -9999 -9999 -9999 -9999 -9999 -9999 -9999 -9999 -9999 -9999 -9999 -9999 -9999 -9999 -9999 -9999 -9999 -9999 -9999 114 115 119 362 396 415 433 452 480 491 505 510 296 309 323 341 360 380 -9999 -9999 433 426 377 358 351 337 324 327 350 322 295 280 274 266 260 255 258 276 297 322 347 375 420 481 521
-9999 -9999 -9999 -9999 -9999 504 206 205 202 535 549 547 507 435 375 305 233 184 145 115 -9999 -9999 -9999 -9999 -9999 -9999 -9999 -9999 -9999 -9999 -9999 -9999 -9999 -9999 -9999 -9999 -9999 -9999 -9999 -9999 -9999 -9999 -9999 -9999 386 379 401 430 451 467 482 498 505 508 283 298 312 326 337 354 376 400 423 441 439 392 366 370 359 347 339 338 328 310 303 294 287 281 277 283 297 325 350 377 407 443 484 536
-9999 -9999 -9999 -9999 -9999 505 204 200 187 521 -9999 522 492 114 88 67 54 211 161 125 113 115 -9999 -9999 -9999 -9999 -9999 -9999 -9999 -9999 -9999 -9999 -9999 -9999 -9999 -9999 -9999 -9999 -9999 -9999 -9999 -9999 -9999 -9999 430 439 456 474 484 498 506 513 522 517 282 296 304 317 326 345 368 392 417 439 445 416 387 395 381 369 354 347 342 334 328 322 317 310 303 304 318 352 378 409 444 482 514 555
-9999 -9999 -9999 -9999 -9999 -9999 202 192 511 509 -9999 489 475 108 85 80 80 66 46 35 135 132 139 -9999 -9999 -9999 -9999 -9999 -9999 -9999 -9999 -9999 -9999 -9999 -9999 -9999 -9999 -9999 -9999 -9999 -9999 -9999 -9999 -9999 146 177 480 504 513 530 530 529 541 270 286 292 294 302 315 334 359 383 406 428 444 429 393 392 401 394 381 371 360 360 356 358 367 364 333 332 336 356 403 444 482 518 543 576
-9999 -9999 -9999 -9999 -9999 -9999 -9999 -9999 -9999 -9999 -9999 -9999 126 116 88 83 105 74 54 47 39 156 157 -9999 -9999 -9999 -9999 -9999 -9999 -9999 -9999 -9999 -9999 -9999 -9999 -9999 -9999 -9999 -9999 -9999 -9999 -9999 -9999 -9999 -9999 166 186 533 522 554 561 553 557 291 296 286 289 293 305 325 354 379 401 420 450 429 399 388 407 407 406 395 377 378 405 414 416 407 383 383 399 412 460 487 522 550 573 593
-9999 -9999 503 -9999 -9999 -9999 -9999 -9999 -9999 -9999 -9999 -9999 -9999 113 99 87 110 82 63 52 43 32 174 185 -9999 -9999 -9999 -9999 -9999 -9999 -9999 -9999 -9999 -9999 -9999 -9999 -9999 -9999 -9999 -9999 -9999 -9999 -9999 -9999 -9999 -9999 162 192 545 559 585 259 289 319 306 289 292 294 302 325 355 385 410 435 469 470 401 392 395 409 408 403 387 388 403 419 441 460 472 819 868 524 537 543 563 583 600 603
-9999 -9999 192 -9999 -9999 -9999 -9999 -9999 -9999 -9999 -9999 -9999 -9999 118 112 88 98 87 74 58 44 34 27 195 -9999 -9999 -9999 -9999 -9999 -9999 -9999 -9999 -9999 -9999 -9999 -9999 -9999 -9999 -9999 -9999 -9999 -9999 -9999 -9999 -9999 -9999 -9999 189 223 253 254 266 293 312 300 297 303 307 314 336 370 407 435 468 502 521 421 396 385 389 386 377 377 628 682 445 447 505 882 887 969 940 919 594 604 610 616 606
-9999 -9999 -9999 188 183 -9999 -9999 -9999 -9999 -9999 -9999 -9999 -9999 116 108 90 82 78 71 58 -9999 -9999 -9999 -9999 -9999 -9999 -9999 -9999 -9999 -9999 -9999 -9999 -9999 -9999 -9999 -9999 -9999 -9999 -9999 -9999 -9999 -9999 -9999 -9999 -9999 -9999 -9999 -9999 240 248 265 275 300 310 313 321 328 331 342 365 398 432 467 501 538 570 472 414 395 394 359 360 350 753 782 766 811 902 962 909 975 980 961 968 981 633 626 610
-9999 -9999 181 -9999 -9999 -9999 -9999 -9999 -9999 -9999 -9999 -9999 -9999 111 98 92 84 76 65 -9999 -9999 -9999 -9999 -9999 -9999 -9999 -9999 -9999 -9999 -9999 -9999 -9999 -9999 -9999 -9999 -9999 -9999 -9999 -9999 -9999 -9999 -9999 -9999 -9999 -9999 -9999 -9999 -9999 239 271 265 297 310 338 341 365 363 365 382 404 434 466 500 534 566 590 564 437 658 434 397 378 422 789 811 812 840 882 962 945 996 997 998 954 976 627 615 602
-9999 -9999 -9999 -9999 -9999 -9999 -9999 -9999 -9999 -9999 -9999 -9999 -9999 108 102 -9999 -9999 -9999 -9999 -9999 -9999 -9999 -9999 -9999 -9999 -9999 -9999 -9999 -9999 -9999 -9999 -9999 -9999 -9999 -9999 -9999 -9999 -9999 -9999 -9999 -9999 -9999 -9999 -9999 -9999 -9999 -9999 -9999 -9999 272 279 311 342 370 379 388 390 406 425 449 477 507 537 565 589 595 580 471 461 701 672 683 758 789 697 693 792 817 867 936 986 997 981 967 956 928 916 897
-9999 -9999 -9999 -9999 -9999 -9999 -9999 -9999 -9999 -9999 -9999 -9999 -9999 -9999 -9999 -9999 -9999 -9999 -9999 -9999 -9999 -9999 -9999 -9999 -9999 -9999 -9999 -9999 -9999 -9999 -9999 -9999 -9999 -9999 -9999 -9999 -9999 -9999 -9999 -9999 -9999 -9999 -9999 -9999 -9999 -9999 -9999 -9999 -9999 -9999 -9999 318 353 378 405 408 429 452 475 497 523 549 575 594 609 564 537 477 476 745 779 764 1003 795 663 422 468 834 900 921 923 898 886 938 909 889 873 833
-9999 -9999 -9999 -9999 -9999 -9999 -9999 -9999 -9999 -9999 -9999 -9999 -9999 -9999 -9999 -9999 -9999 -9999 -9999 -9999 -9999 -9999 -9999 -9999 -9999 -9999 -9999 -9999 -9999 -9999 -9999 -9999 -9999 -9999 -9999 -9999 -9999 -9999 -9999 -9999 -9999 -9999 -9999 -9999 -9999 -9999 -9999 -9999 -9999 -9999 -9999 -9999 376 399 428 455 475 505 527 550 573 597 619 623 626 540 530 498 440 418 426 703 758 619 339 386 705 813 824 848 852 857 1069 883 882 845 806 779
-9999 -9999 -9999 -9999 -9999 -9999 -9999 -9999 -9999 -9999 -9999 -9999 -9999 -9999 -9999 -9999 -9999 -9999 -9999 -9999 -9999 -9999 -9999 -9999 -9999 -9999 -9999 -9999 -9999 -9999 -9999 -9999 -9999 -9999 -9999 -9999 -9999 -9999 -9999 -9999 -9999 -9999 -9999 -9999 -9999 -9999 -9999 -9999 -9999 -9999 -9999 -9999 404 441 468 503 527 559 583 608 629 650 669 677 662 566 526 480 445 432 434 607 740 598 352 627 721 863 806 834 779 833 851 889 869 820 786 756
-9999 -9999 -9999 -9999 -9999 -9999 -9999 -9999 -9999 -9999 -9999 -9999 -9999 -9999 -9999 -9999 -9999 -9999 -9999 -9999 -9999 -9999 -9999 -9999 -9999 -9999 -9999 -9999 -9999 -9999 -9999 -9999 -9999 -9999 -9999 -9999 -9999 -9999 -9999 -9999 -9999 -9999 -9999 -9999 -9999 -9999 -9999 -9999 -9999 -9999 -9999 -9999 435 478 511 550 583 618 648 674 692 709 726 729 647 577 536 494 479 430 400 398 654 339 369 720 985 1187 969 803 789 801 878 928 879 826 795 756
-9999 -9999 -9999 -9999 -9999 -9999 -9999 -9999 -9999 -9999 -9999 -9999 -9999 -9999 -9999 -9999 -9999 -9999 -9999 -9999 -9999 -9999 -9999 -9999 -9999 -9999 -9999 -9999 -9999 -9999 -9999 -9999 -9999 -9999 -9999 -9999 -9999 -9999 -9999 -9999 -9999 -9999 -9999 -9999 -9999 -9999 -9999 -9999 -9999 -9999 -9999 -9999 -9999 508 552 594 630 682 726 753 766 779 796 793 695 602 558 521 511 452 419 400 613 298 629 1010 859 979 1017 755 833 813 802 872 854 827 792 758
-9999 -9999 -9999 -9999 -9999 -9999 -9999 -9999 -9999 -9999 -9999 -9999 -9999 -9999 -9999 -9999 -9999 -9999 -9999 -9999 -9999 -9999 -9999 -9999 -9999 -9999 -9999 -9999 -9999 -9999 -9999 -9999 -9999 -9999 -9999 -9999 -9999 -9999 -9999 -9999 -9999 -9999 -9999 -9999 -9999 -9999 -9999 -9999 -9999 -9999 -9999 -9999 -9999 -9999 576 640 693 758 815 856 869 877 889 880 734 638 605 561 513 680 449 601 609 307 322 796 690 635 664 684 823 852 771 819 815 808 794 760
-9999 -9999 -9999 -9999 -9999 -9999 -9999 -9999 -9999 -9999 -9999 -9999 -9999 -9999 -9999 -9999 -9999 -9999 -9999 -9999 -9999 -9999 -9999 -9999 -9999 -9999 -9999 -9999 -9999 -9999 -9999 -9999 -9999 -9999 -9999 -9999 -9999 -9999 -9999 -9999 -9999 -9999 -9999 -9999 -9999 -9999 -9999 -9999 -9999 -9999 -9999 -9999 -9999 -9999 -9999 689 755 836 917 988 1017 1016 1003 976 862 731 679 620 525 732 721 685 610 323 275 672 690 520 532 588 753 790 774 778 802 807 798 775
-9999 -9999 -9999 -9999 -9999 -9999 -9999 -9999 -9999 -9999 -9999 -9999 -9999 -9999 -9999 -9999 -9999 -9999 -9999 -9999 -9999 -9999 -9999 -9999 -9999 -9999 -9999 -9999 -9999 -9999 -9999 -9999 -9999 -9999 -9999 -9999 -9999 -9999 -9999 -9999 -9999 -9999 -9999 -9999 -9999 -9999 -9999 -9999 -9999 -9999 -9999 -9999 -9999 -9999 -9999 -9999 800 887 1004 1130 1186 1160 1126 1070 937 832 774 666 564 728 741 738 585 303 118 499 606 512 525 665 727 770 840 786 775 792 790 773
