bio_clim/bio_14.asc
ncols         156
nrows         252
xllcorner     -82
yllcorner     -8
cellsize      0.083333337679505
NODATA_value  -9999
[rows 126 to 167 of 252, columns 0 to 93 of 156]
-9999 -9999 -9999 -9999 -9999 -9999 -9999 -9999 -9999 -9999 -9999 -9999 -9999 -9999 -9999 -9999 -9999 -9999 -9999 -9999 -9999 -9999 -9999 -9999 -9999 -9999 -9999 -9999 -9999 -9999 -9999 -9999 -9999 -9999 -9999 -9999 -9999 -9999 -9999 -9999 -9999 199 211 224 237 249 257 262 271 292 333 370 377 274 129 95 90 103 89 86 81 68 63 62 54 64 81 102 88 86 91 106 87 64 56 40 39 43 71 81 107 117 110 105 87 86 84 89 93 90 94 94 93 88
-9999 -9999 -9999 -9999 -9999 -9999 -9999 -9999 -9999 -9999 -9999 -9999 -9999 -9999 -9999 -9999 -9999 -9999 -9999 -9999 -9999 -9999 -9999 -9999 -9999 -9999 -9999 -9999 -9999 -9999 -9999 -9999 -9999 -9999 -9999 -9999 -9999 -9999 -9999 -9999 -9999 192 208 223 238 252 266 278 288 304 326 340 324 161 88 76 73 80 73 70 68 73 66 53 63 86 103 99 92 84 92 107 94 70 73 60 47 52 91 123 120 113 108 96 90 90 96 97 98 96 94 92 89 83
-9999 -9999 -9999 -9999 -9999 -9999 -9999 -9999 -9999 -9999 -9999 -9999 -9999 -9999 -9999 -9999 -9999 -9999 -9999 -9999 -9999 -9999 -9999 -9999 -9999 -9999 -9999 -9999 -9999 -9999 -9999 -9999 -9999 -9999 -9999 -9999 -9999 -9999 -9999 -9999 174 188 207 224 241 258 275 292 302 310 319 324 234 115 64 76 66 66 65 60 64 66 60 56 86 75 117 109 90 96 105 98 85 103 69 47 43 77 121 111 117 113 95 94 92 93 97 100 98 96 93 89 85 79
-9999 -9999 -9999 -9999 -9999 -9999 -9999 -9999 -9999 -9999 -9999 -9999 -9999 -9999 -9999 -9999 -9999 -9999 -9999 -9999 -9999 -9999 -9999 -9999 -9999 -9999 -9999 -9999 -9999 -9999 -9999 -9999 -9999 -9999 -9999 -9999 -9999 -9999 -9999 -9999 165 185 206 226 247 266 284 303 307 307 300 285 182 89 69 61 61 59 53 54 54 55 54 69 86 115 101 97 93 99 110 99 108 100 56 45 55 97 116 116 114 99 87 90 88 93 106 104 99 95 91 87 81 76
-9999 -9999 -9999 -9999 -9999 -9999 -9999 -9999 -9999 -9999 -9999 -9999 -9999 -9999 -9999 -9999 -9999 -9999 -9999 -9999 -9999 -9999 -9999 -9999 -9999 -9999 -9999 -9999 -9999 -9999 -9999 -9999 -9999 -9999 -9999 -9999 -9999 -9999 -9999 -9999 159 183 205 230 254 277 296 301 299 291 282 234 155 97 77 57 65 47 46 43 46 44 47 80 126 111 103 89 99 111 108 109 112 79 60 61 90 120 110 116 94 86 88 94 92 107 109 104 97 92 88 84 78 73
-9999 -9999 -9999 -9999 -9999 -9999 -9999 -9999 -9999 -9999 -9999 -9999 -9999 -9999 -9999 -9999 -9999 -9999 -9999 -9999 -9999 -9999 -9999 -9999 -9999 -9999 -9999 -9999 -9999 -9999 -9999 -9999 -9999 -9999 -9999 -9999 -9999 -9999 -9999 -9999 153 180 206 235 264 286 299 302 295 278 252 167 113 99 68 46 45 43 39 39 38 46 76 109 116 104 95 103 118 121 110 104 89 76 75 86 114 117 114 111 87 85 89 93 105 107 105 100 94 90 85 80 75 70
-9999 -9999 -9999 -9999 -9999 -9999 -9999 -9999 -9999 -9999 -9999 -9999 -9999 -9999 -9999 -9999 -9999 -9999 -9999 -9999 -9999 -9999 -9999 -9999 -9999 -9999 -9999 -9999 -9999 -9999 -9999 -9999 -9999 -9999 -9999 -9999 -9999 -9999 -9999 -9999 -9999 176 209 241 271 295 308 307 289 268 198 137 106 87 62 44 40 38 36 38 36 55 91 117 111 105 113 118 109 114 85 77 86 87 79 93 116 105 93 108 98 97 109 111 106 104 101 96 92 87 82 77 73 68
-9999 -9999 -9999 -9999 -9999 -9999 -9999 -9999 -9999 -9999 -9999 -9999 -9999 -9999 -9999 -9999 -9999 -9999 -9999 -9999 -9999 -9999 -9999 -9999 -9999 -9999 -9999 -9999 -9999 -9999 -9999 -9999 -9999 -9999 -9999 -9999 -9999 -9999 -9999 -9999 -9999 176 208 244 280 308 321 316 293 253 190 153 113 82 59 45 40 36 37 38 25 31 64 95 109 103 107 113 105 95 75 66 89 80 80 111 105 85 92 89 93 120 116 108 103 99 96 92 88 84 79 75 70 66
-9999 -9999 -9999 -9999 -9999 -9999 -9999 -9999 -9999 -9999 -9999 -9999 -9999 -9999 -9999 -9999 -9999 -9999 -9999 -9999 -9999 -9999 -9999 -9999 -9999 -9999 -9999 -9999 -9999 -9999 -9999 -9999 -9999 -9999 -9999 -9999 -9999 -9999 81 -9999 125 165 207 252 291 325 339 326 290 234 180 130 102 75 58 37 38 40 40 32 30 41 77 106 111 104 101 103 111 103 87 87 82 77 102 105 88 100 91 89 107 123 112 104 99 95 92 88 84 81 77 73 69 64
-9999 -9999 -9999 -9999 -9999 -9999 -9999 -9999 -9999 -9999 -9999 -9999 -9999 -9999 -9999 -9999 -9999 -9999 -9999 -9999 -9999 -9999 -9999 -9999 -9999 -9999 -9999 -9999 -9999 -9999 -9999 -9999 -9999 -9999 -9999 -9999 -9999 77 85 101 129 165 209 259 301 340 356 334 291 222 183 124 68 68 55 42 42 44 39 25 65 117 127 119 104 114 104 98 102 114 105 93 89 99 95 89 124 131 112 90 114 115 105 98 94 91 88 84 81 78 74 71 67 63
-9999 -9999 -9999 -9999 -9999 -9999 -9999 -9999 -9999 -9999 -9999 -9999 -9999 -9999 -9999 -9999 -9999 -9999 -9999 -9999 -9999 -9999 -9999 -9999 -9999 -9999 -9999 -9999 -9999 -9999 -9999 -9999 -9999 -9999 -9999 -9999 69 77 87 103 131 173 214 263 302 335 340 326 279 233 177 108 34 46 54 52 50 45 36 42 64 135 130 123 117 115 111 109 111 112 115 106 105 118 121 119 137 133 127 95 115 106 97 93 89 86 84 81 78 75 72 69 66 62
-9999 -9999 -9999 -9999 -9999 -9999 -9999 -9999 -9999 -9999 -9999 -9999 -9999 -9999 -9999 -9999 -9999 -9999 -9999 -9999 -9999 -9999 -9999 -9999 -9999 -9999 -9999 -9999 -9999 -9999 -9999 -9999 -9999 -9999 -9999 -9999 -9999 78 91 106 134 175 225 266 298 315 320 299 260 220 176 78 35 41 67 58 44 32 38 65 130 136 134 126 125 126 116 115 115 111 114 109 116 150 145 135 117 109 113 112 105 98 92 88 85 83 81 78 75 73 70 67 64 62
-9999 -9999 -9999 -9999 -9999 -9999 -9999 -9999 -9999 -9999 -9999 -9999 -9999 -9999 -9999 -9999 -9999 -9999 -9999 -9999 -9999 -9999 -9999 -9999 -9999 -9999 -9999 -9999 -9999 -9999 -9999 -9999 -9999 -9999 -9999 -9999 -9999 -9999 92 111 139 180 232 277 302 317 336 298 276 232 175 72 31 54 60 36 46 42 41 63 142 141 134 127 160 132 137 123 119 118 118 114 144 157 142 126 112 102 98 100 96 92 88 85 82 80 78 76 73 71 69 66 64 61
-9999 -9999 -9999 -9999 -9999 -9999 -9999 -9999 -9999 -9999 -9999 -9999 -9999 -9999 -9999 -9999 -9999 -9999 -9999 -9999 -9999 -9999 -9999 -9999 -9999 -9999 -9999 -9999 -9999 -9999 -9999 -9999 -9999 -9999 -9999 -9999 -9999 -9999 94 117 144 176 223 265 295 337 420 311 228 183 165 58 30 44 56 29 33 37 54 80 141 143 139 129 160 194 150 147 123 129 124 145 173 160 140 127 114 103 96 94 92 89 86 83 80 78 76 74 72 70 67 65 63 61
-9999 -9999 -9999 -9999 -9999 -9999 -9999 -9999 -9999 -9999 -9999 -9999 -9999 -9999 -9999 -9999 -9999 -9999 -9999 -9999 -9999 -9999 -9999 -9999 -9999 -9999 -9999 -9999 -9999 -9999 -9999 -9999 -9999 -9999 -9999 -9999 66 78 97 126 156 178 214 246 294 388 309 108 100 93 65 31 31 43 38 35 43 82 113 123 143 146 136 129 177 221 214 153 163 164 175 186 185 163 145 132 121 109 101 95 91 87 84 81 78 76 74 72 70 68 67 65 63 61
-9999 -9999 -9999 -9999 -9999 -9999 -9999 -9999 -9999 -9999 -9999 -9999 -9999 -9999 -9999 -9999 -9999 -9999 -9999 -9999 -9999 -9999 -9999 -9999 -9999 -9999 -9999 -9999 -9999 -9999 -9999 -9999 -9999 -9999 -9999 58 66 80 99 121 166 194 215 242 256 260 178 117 59 36 30 36 33 40 39 111 52 100 127 132 124 137 130 155 229 200 152 165 217 213 208 198 185 167 151 138 127 115 104 97 91 86 83 80 77 75 73 71 70 68 66 64 63 61
-9999 -9999 -9999 -9999 -9999 -9999 -9999 -9999 -9999 -9999 -9999 -9999 -9999 -9999 -9999 -9999 -9999 -9999 -9999 -9999 -9999 -9999 -9999 -9999 -9999 -9999 -9999 -9999 -9999 -9999 -9999 -9999 -9999 -9999 62 66 73 86 100 121 159 196 195 214 245 198 62 80 37 29 37 63 50 39 41 72 91 110 108 118 118 140 148 204 250 238 185 239 229 217 207 196 184 170 155 142 130 118 107 98 91 86 82 79 76 74 72 71 69 68 66 64 63 61
-9999 -9999 -9999 -9999 -9999 -9999 -9999 -9999 -9999 -9999 -9999 -9999 -9999 -9999 -9999 -9999 -9999 -9999 -9999 -9999 -9999 -9999 -9999 -9999 -9999 -9999 -9999 -9999 -9999 -9999 30 41 51 63 76 84 88 97 108 129 165 175 177 185 171 120 74 42 30 32 47 45 43 45 52 80 100 103 101 124 128 126 153 238 275 265 252 239 228 217 207 197 184 171 157 144 132 120 108 99 92 85 81 78 76 74 72 70 69 68 66 65 63 62
-9999 -9999 -9999 -9999 -9999 -9999 -9999 -9999 -9999 -9999 -9999 -9999 -9999 -9999 -9999 -9999 -9999 -9999 -9999 -9999 -9999 -9999 -9999 -9999 -9999 -9999 -9999 16 16 19 29 46 59 74 90 104 114 116 129 149 157 149 132 70 76 59 36 24 38 62 51 39 57 59 58 101 101 102 102 121 118 137 161 262 269 271 257 235 226 218 208 197 184 171 158 145 133 121 110 100 91 85 81 78 76 74 72 71 69 68 67 65 64 63
-9999 -9999 -9999 -9999 -9999 -9999 -9999 -9999 -9999 -9999 -9999 -9999 -9999 -9999 -9999 -9999 -9999 -9999 -9999 -9999 -9999 -9999 -9999 -9999 -9999 -9999 21 19 21 26 38 50 67 82 96 114 121 131 139 143 123 103 108 60 35 31 27 25 49 55 40 42 47 56 85 96 87 104 102 112 150 210 248 256 257 257 251 237 227 218 208 197 186 173 159 147 134 122 111 100 91 84 80 78 76 74 73 71 70 69 68 66 65 64
-9999 -9999 -9999 -9999 -9999 -9999 -9999 -9999 -9999 -9999 -9999 -9999 -9999 -9999 -9999 -9999 -9999 -9999 -9999 -9999 -9999 -9999 -9999 30 31 28 22 22 29 37 46 56 72 85 99 115 122 126 138 106 78 46 61 59 51 29 23 29 66 49 40 43 53 70 91 88 94 96 129 169 217 240 237 238 237 235 235 231 226 218 209 197 186 174 161 149 136 124 112 101 91 83 80 78 77 75 74 73 71 70 69 68 67 65
-9999 -9999 -9999 -9999 -9999 -9999 -9999 -9999 -9999 -9999 -9999 -9999 -9999 -9999 -9999 -9999 -9999 -9999 -9999 -9999 -9999 -9999 -9999 34 36 32 27 29 31 43 51 61 73 84 99 111 115 127 114 86 57 41 33 26 27 25 21 44 54 61 53 55 72 83 84 88 94 135 177 213 221 222 225 223 218 216 221 222 220 214 206 197 187 175 163 151 139 127 115 104 93 85 82 80 79 77 76 74 73 72 71 69 68 67
-9999 -9999 -9999 -9999 -9999 -9999 -9999 -9999 -9999 -9999 -9999 -9999 -9999 -9999 -9999 -9999 -9999 -9999 -9999 -9999 -9999 -9999 -9999 -9999 45 40 30 32 39 51 56 63 73 87 95 103 112 93 81 67 54 35 31 27 26 18 18 27 30 43 41 62 83 83 83 96 106 166 202 213 220 219 218 216 210 208 215 217 216 211 204 196 188 177 166 154 142 130 119 108 98 91 86 84 82 80 78 76 75 74 72 71 70 69
-9999 -9999 -9999 -9999 -9999 -9999 -9999 -9999 -9999 -9999 -9999 -9999 -9999 -9999 -9999 -9999 -9999 -9999 -9999 -9999 -9999 -9999 -9999 -9999 48 45 36 37 45 51 56 64 73 85 94 91 78 60 47 49 38 30 19 27 28 15 14 18 28 35 46 68 87 80 87 96 157 192 194 205 212 214 216 216 213 213 215 215 213 210 204 197 188 179 169 157 146 134 123 113 104 96 91 88 85 83 81 79 78 76 75 73 72 71
-9999 -9999 -9999 -9999 -9999 -9999 -9999 -9999 -9999 -9999 -9999 -9999 -9999 -9999 -9999 -9999 -9999 -9999 -9999 -9999 -9999 -9999 -9999 42 42 41 34 35 41 48 54 59 67 78 87 84 62 52 50 41 32 31 19 37 36 13 11 15 27 42 61 65 79 89 93 130 185 181 187 199 204 209 214 217 217 217 216 214 211 208 204 198 191 182 172 161 150 139 128 118 110 102 97 92 89 86 84 82 80 79 77 76 75 73
-9999 -9999 -9999 -9999 -9999 -9999 -9999 -9999 -9999 -9999 -9999 -9999 -9999 -9999 -9999 -9999 -9999 -9999 -9999 -9999 -9999 -9999 -9999 -9999 34 36 32 34 37 44 49 55 61 69 80 81 57 53 49 41 28 27 23 38 20 13 14 26 31 46 66 70 81 108 113 178 177 181 187 195 203 208 213 218 218 218 216 215 211 208 204 197 188 180 171 164 154 143 133 124 115 108 102 97 93 90 87 85 83 82 80 78 77 76
-9999 -9999 -9999 -9999 -9999 -9999 -9999 -9999 -9999 -9999 -9999 -9999 -9999 -9999 -9999 -9999 -9999 -9999 -9999 -9999 -9999 -9999 -9999 -9999 25 29 30 32 34 36 41 48 57 66 80 83 64 52 47 42 37 27 21 20 17 27 25 43 40 56 66 88 105 154 188 183 177 183 191 198 205 210 215 219 220 220 219 216 212 210 200 190 181 173 165 159 154 148 138 129 120 114 107 102 97 94 91 89 87 85 83 81 80 78
-9999 -9999 -9999 -9999 -9999 -9999 -9999 -9999 -9999 -9999 -9999 -9999 -9999 -9999 -9999 -9999 -9999 -9999 -9999 -9999 -9999 -9999 -9999 -9999 -9999 26 27 27 28 30 35 42 52 66 87 93 68 48 48 41 35 26 20 18 20 26 30 56 64 64 68 98 192 194 168 185 186 187 195 202 208 213 218 222 222 221 219 216 212 203 194 184 174 166 159 154 150 145 141 133 125 118 112 106 102 98 95 92 90 88 86 84 83 81
-9999 -9999 -9999 -9999 -9999 -9999 -9999 -9999 -9999 -9999 -9999 -9999 -9999 -9999 -9999 -9999 -9999 -9999 -9999 -9999 -9999 -9999 -9999 12 17 24 25 24 23 24 29 38 49 63 96 98 64 63 58 50 41 26 17 14 48 35 35 54 77 71 78 107 164 254 177 200 206 192 196 203 209 215 221 224 225 224 223 216 208 199 189 179 169 159 154 150 146 142 138 135 129 122 116 110 106 102 98 95 93 91 89 87 86 84
-9999 -9999 -9999 -9999 -9999 -9999 -9999 -9999 -9999 -9999 -9999 -9999 -9999 -9999 -9999 -9999 -9999 -9999 -9999 -9999 -9999 -9999 -9999 11 19 21 22 22 19 19 25 37 53 72 102 91 70 77 68 58 33 23 16 12 16 16 28 87 94 77 73 81 165 254 229 188 199 191 198 205 212 217 222 225 226 226 221 213 203 194 186 176 167 158 152 148 144 140 136 133 130 126 120 114 109 105 102 99 97 94 92 90 89 87
-9999 -9999 -9999 -9999 -9999 -9999 -9999 -9999 -9999 -9999 -9999 -9999 -9999 -9999 -9999 -9999 -9999 -9999 -9999 -9999 -9999 -9999 10 13 17 21 23 21 19 17 25 40 56 71 88 82 69 72 69 44 24 22 15 9 11 42 53 89 88 79 74 84 113 214 264 209 197 196 202 208 214 220 224 226 228 226 218 208 200 191 182 174 166 158 153 148 143 139 135 132 129 127 123 117 112 108 104 102 100 97 95 93 92 90
-9999 -9999 -9999 -9999 -9999 -9999 -9999 -9999 -9999 -9999 -9999 -9999 -9999 -9999 -9999 -9999 -9999 -9999 -9999 -9999 -9999 8 12 14 18 22 22 22 21 25 34 44 53 61 70 71 63 72 72 39 30 36 15 10 17 79 86 87 86 80 95 95 151 172 243 229 210 200 203 210 217 218 222 225 227 223 214 205 196 188 180 172 165 159 153 148 144 139 136 132 129 127 125 119 114 110 107 104 103 100 98 96 95 93
-9999 -9999 -9999 -9999 -9999 -9999 -9999 -9999 -9999 -9999 -9999 -9999 -9999 -9999 -9999 -9999 -9999 -9999 -9999 -9999 6 8 10 15 19 24 26 25 23 29 42 49 50 52 57 58 54 63 49 27 33 36 18 14 48 78 87 78 78 80 97 158 134 176 236 255 203 201 203 211 214 214 218 222 224 218 210 201 194 186 179 172 165 159 154 149 145 140 137 133 131 129 127 122 117 112 109 107 105 103 102 100 98 97
-9999 -9999 -9999 -9999 -9999 -9999 -9999 -9999 -9999 -9999 -9999 -9999 -9999 -9999 -9999 -9999 -9999 -9999 -9999 5 5 7 9 14 20 27 30 29 26 30 43 49 49 47 51 47 50 61 42 26 36 28 22 22 61 75 87 82 79 91 124 139 130 177 223 226 201 196 196 203 206 209 213 219 223 213 205 198 192 185 179 172 166 160 155 150 146 142 138 136 133 132 129 124 119 115 112 110 108 106 105 103 102 100
-9999 -9999 -9999 -9999 -9999 -9999 -9999 -9999 -9999 -9999 -9999 -9999 -9999 -9999 -9999 -9999 -9999 -9999 4 4 5 6 8 13 21 28 31 30 25 26 38 49 49 47 46 46 50 52 45 28 39 30 26 31 65 79 83 85 80 100 132 111 125 162 242 215 197 192 190 193 197 203 209 215 217 208 202 196 190 184 178 172 166 161 156 151 147 144 141 138 136 135 130 126 122 118 115 113 111 109 108 106 105 104
-9999 -9999 -9999 -9999 -9999 -9999 -9999 -9999 -9999 -9999 -9999 -9999 -9999 -9999 -9999 -9999 -9999 -9999 3 4 5 7 8 13 19 25 29 28 25 26 38 47 48 43 42 36 46 44 33 28 34 31 47 55 61 63 82 86 88 119 120 108 168 204 251 212 191 184 185 186 189 197 205 210 214 206 200 195 189 183 178 172 167 162 157 153 148 144 142 140 139 135 131 128 124 121 118 116 114 112 111 110 108 107
-9999 -9999 -9999 -9999 -9999 -9999 -9999 -9999 -9999 -9999 -9999 -9999 -9999 -9999 -9999 -9999 -9999 -9999 -9999 4 5 6 8 11 16 20 25 27 27 32 36 40 43 42 40 34 29 27 25 30 35 37 48 45 55 66 81 80 86 109 102 144 133 225 249 221 187 180 179 182 190 195 203 210 216 208 201 195 189 184 178 173 168 163 158 152 147 144 142 142 139 136 133 129 126 124 121 119 117 116 114 113 112 111
-9999 -9999 -9999 -9999 -9999 -9999 -9999 -9999 -9999 -9999 -9999 -9999 -9999 -9999 -9999 -9999 -9999 -9999 2 4 4 6 7 9 12 16 19 22 24 27 30 34 39 40 38 26 21 21 23 30 41 40 38 44 53 67 77 76 85 113 166 220 216 239 236 213 188 175 174 182 189 194 203 209 213 209 201 195 189 184 179 174 169 164 157 151 146 143 142 141 139 137 134 131 129 126 124 122 121 119 118 117 116 115
-9999 -9999 -9999 -9999 -9999 -9999 -9999 -9999 -9999 -9999 -9999 -9999 -9999 -9999 -9999 -9999 -9999 -9999 2 4 4 5 6 7 8 13 15 17 20 22 25 28 34 37 39 36 18 17 21 28 27 34 34 42 59 72 72 78 86 163 234 240 244 243 212 184 172 168 171 179 185 191 199 206 216 211 202 196 191 185 180 175 170 164 158 151 145 141 142 141 140 138 136 134 131 129 127 125 124 123 122 120 120 119
-9999 -9999 -9999 -9999 -9999 -9999 -9999 -9999 -9999 -9999 -9999 -9999 -9999 -9999 -9999 -9999 -9999 -9999 2 4 4 5 5 6 9 9 12 14 16 19 21 23 28 33 37 24 15 14 20 18 19 28 37 42 59 69 69 114 123 211 235 239 238 236 200 166 159 163 172 178 185 191 199 207 209 209 203 198 192 186 181 176 171 165 159 153 147 142 142 143 142 141 138 136 133 131 130 128 127 126 125 125 124 123
-9999 -9999 -9999 -9999 -9999 -9999 -9999 -9999 -9999 -9999 -9999 -9999 -9999 -9999 -9999 -9999 -9999 1 2 3 4 4 6 6 7 9 11 13 14 16 18 20 25 29 35 24 12 15 18 19 16 29 36 48 61 60 66 159 163 231 237 227 231 231 186 159 157 163 173 179 186 194 199 203 210 210 205 198 192 187 182 177 172 167 161 156 152 148 148 149 146 143 140 138 136 134 133 131 130 130 129 128 128 128
-9999 -9999 -9999 -9999 -9999 -9999 -9999 -9999 -9999 -9999 -9999 -9999 -9999 -9999 2 1 1 2 3 4 6 7 9 8 9 9 10 10 12 13 15 17 22 26 31 18 12 16 19 16 17 33 41 55 53 55 69 184 181 247 243 221 213 202 181 169 167 170 175 183 190 196 201 202 211 209 206 200 193 187 183 178 173 169 164 160 156 153 153 151 148 145 142 140 138 136 135 134 134 133 133 133 132 132
