bio_clim/bio_5.asc
ncols         156
nrows         252
xllcorner     -82
yllcorner     -8
cellsize      0.083333337679505
NODATA_value  -9999
[rows 39 to 77 of 252, columns 0 to 88 of 156]
-9999 -9999 -9999 -9999 -9999 -9999 -9999 -9999 -9999 -9999 -9999 -9999 -9999 -9999 -9999 -9999 -9999 -9999 -9999 -9999 -9999 -9999 -9999 -9999 -9999 -9999 -9999 -9999 -9999 -9999 -9999 -9999 -9999 -9999 -9999 -9999 -9999 -9999 -9999 -9999 -9999 -9999 -9999 -9999 -9999 -9999 -9999 -9999 -9999 -9999 -9999 -9999 -9999 -9999 -9999 -9999 -9999 -9999 -9999 -9999 -9999 -9999 -9999 -9999 -9999 -9999 -9999 -9999 -9999 -9999 -9999 -9999 -9999 -9999 -9999 -9999 334 337 339 339 326 329 338 343 347 352 355 355 352
-9999 -9999 -9999 -9999 -9999 -9999 -9999 -9999 -9999 -9999 -9999 -9999 -9999 -9999 -9999 -9999 -9999 -9999 -9999 -9999 -9999 -9999 -9999 -9999 -9999 -9999 -9999 -9999 -9999 -9999 -9999 -9999 -9999 -9999 -9999 -9999 -9999 -9999 -9999 -9999 -9999 -9999 -9999 -9999 -9999 -9999 -9999 -9999 -9999 -9999 -9999 -9999 -9999 -9999 -9999 -9999 -9999 -9999 -9999 -9999 -9999 -9999 -9999 -9999 -9999 -9999 -9999 -9999 -9999 -9999 -9999 -9999 -9999 -9999 -9999 -9999 -9999 338 340 336 323 327 336 342 348 351 353 353 351
-9999 -9999 -9999 -9999 -9999 -9999 -9999 -9999 -9999 -9999 -9999 -9999 -9999 -9999 -9999 -9999 -9999 -9999 -9999 -9999 -9999 -9999 -9999 -9999 -9999 -9999 -9999 -9999 307 308 312 311 313 313 312 313 -9999 -9999 -9999 -9999 -9999 -9999 -9999 -9999 -9999 -9999 -9999 -9999 -9999 -9999 -9999 -9999 -9999 -9999 -9999 -9999 -9999 -9999 -9999 -9999 -9999 -9999 -9999 -9999 -9999 -9999 -9999 -9999 -9999 -9999 -9999 -9999 -9999 -9999 -9999 -9999 -9999 338 340 330 331 335 336 343 346 351 352 351 349
-9999 -9999 -9999 -9999 -9999 -9999 -9999 -9999 -9999 -9999 -9999 -9999 -9999 -9999 -9999 -9999 -9999 -9999 -9999 -9999 -9999 -9999 -9999 -9999 -9999 -9999 -9999 304 283 295 301 303 300 305 313 -9999 313 -9999 -9999 -9999 -9999 -9999 -9999 -9999 -9999 -9999 -9999 -9999 -9999 -9999 -9999 -9999 -9999 -9999 -9999 -9999 -9999 -9999 -9999 -9999 -9999 -9999 -9999 -9999 -9999 -9999 -9999 -9999 -9999 -9999 -9999 -9999 -9999 -9999 -9999 -9999 -9999 337 338 338 338 337 341 343 347 350 351 350 349
-9999 -9999 -9999 -9999 -9999 -9999 -9999 -9999 -9999 -9999 -9999 -9999 -9999 -9999 -9999 -9999 -9999 -9999 -9999 -9999 -9999 -9999 -9999 -9999 -9999 308 309 301 299 307 296 293 290 300 307 308 306 301 294 295 302 304 304 -9999 -9999 -9999 -9999 -9999 -9999 -9999 -9999 -9999 -9999 -9999 -9999 -9999 -9999 -9999 -9999 -9999 -9999 -9999 -9999 -9999 -9999 -9999 -9999 -9999 -9999 -9999 -9999 -9999 324 327 330 331 335 337 337 339 339 340 341 343 346 349 350 349 348
-9999 -9999 -9999 -9999 -9999 -9999 -9999 -9999 -9999 -9999 -9999 -9999 -9999 -9999 -9999 -9999 -9999 -9999 -9999 -9999 -9999 -9999 -9999 -9999 306 309 311 310 312 307 298 293 288 297 302 299 298 298 297 297 295 294 297 301 301 -9999 -9999 -9999 -9999 -9999 -9999 -9999 -9999 -9999 -9999 -9999 -9999 -9999 -9999 -9999 -9999 -9999 -9999 -9999 -9999 -9999 -9999 -9999 -9999 -9999 -9999 320 324 327 330 331 333 335 336 335 340 342 343 344 346 347 349 348 347
-9999 -9999 -9999 -9999 -9999 -9999 -9999 -9999 -9999 -9999 -9999 -9999 -9999 -9999 -9999 -9999 -9999 -9999 -9999 -9999 -9999 -9999 306 307 309 312 313 311 316 313 296 286 301 306 309 314 313 312 310 309 307 305 299 294 295 298 298 305 -9999 -9999 -9999 -9999 -9999 -9999 -9999 -9999 -9999 -9999 -9999 -9999 -9999 -9999 -9999 -9999 -9999 -9999 -9999 -9999 -9999 -9999 315 318 324 328 331 333 333 333 335 337 339 342 343 344 346 347 348 347 346
-9999 301 -9999 -9999 -9999 -9999 -9999 -9999 -9999 -9999 -9999 -9999 -9999 -9999 -9999 -9999 -9999 -9999 313 310 310 309 308 310 313 314 317 317 315 314 312 313 319 319 319 318 314 311 313 311 310 310 308 305 303 297 288 292 303 -9999 -9999 -9999 -9999 -9999 -9999 -9999 -9999 -9999 -9999 -9999 -9999 -9999 -9999 -9999 -9999 -9999 -9999 -9999 -9999 -9999 314 317 322 328 331 333 333 334 336 337 340 342 343 344 346 347 347 346 345
-9999 -9999 302 -9999 -9999 -9999 -9999 -9999 -9999 -9999 -9999 -9999 -9999 -9999 -9999 -9999 313 314 311 311 313 312 312 314 315 316 317 316 320 321 324 324 323 321 320 318 310 307 308 303 307 310 309 307 304 303 299 294 293 304 -9999 -9999 -9999 -9999 -9999 -9999 -9999 -9999 -9999 -9999 -9999 -9999 -9999 -9999 -9999 -9999 -9999 -9999 -9999 312 315 318 323 329 332 333 335 336 336 338 340 342 343 344 345 346 346 345 345
-9999 303 -9999 305 -9999 -9999 -9999 -9999 -9999 -9999 -9999 -9999 -9999 -9999 -9999 317 315 317 315 315 314 314 314 314 315 315 317 320 321 326 -9999 -9999 -9999 -9999 -9999 -9999 318 315 301 297 285 304 303 307 307 305 303 302 295 295 305 -9999 -9999 -9999 -9999 -9999 -9999 -9999 -9999 -9999 -9999 -9999 -9999 -9999 -9999 -9999 -9999 -9999 309 313 314 318 324 330 333 335 336 338 337 339 341 342 343 344 345 345 345 345 344
304 305 303 307 310 -9999 -9999 -9999 -9999 -9999 -9999 -9999 -9999 322 319 318 319 321 320 318 317 315 314 314 314 317 319 -9999 -9999 -9999 -9999 -9999 -9999 -9999 -9999 -9999 -9999 319 315 312 304 290 281 303 304 306 306 306 303 299 292 303 -9999 -9999 -9999 -9999 -9999 -9999 -9999 -9999 -9999 -9999 -9999 -9999 -9999 -9999 -9999 306 307 313 314 320 326 331 334 336 338 338 337 339 341 342 343 344 344 345 344 345 344
303 291 300 297 303 308 309 316 -9999 -9999 320 319 321 322 323 320 322 323 320 320 319 316 312 313 312 319 321 -9999 -9999 -9999 -9999 -9999 -9999 -9999 -9999 -9999 -9999 -9999 -9999 315 315 305 284 302 301 309 307 307 306 303 295 292 299 -9999 -9999 -9999 -9999 -9999 -9999 -9999 -9999 -9999 -9999 -9999 -9999 -9999 303 304 309 313 315 323 328 331 335 336 336 336 336 339 341 343 344 344 344 345 345 345 345
295 268 295 282 286 289 293 299 298 318 308 298 302 309 301 307 307 311 315 316 321 315 301 299 303 319 323 -9999 -9999 -9999 -9999 -9999 -9999 -9999 -9999 -9999 -9999 -9999 -9999 -9999 316 314 304 303 302 309 310 308 308 306 302 292 291 300 -9999 -9999 -9999 -9999 -9999 -9999 -9999 -9999 -9999 -9999 303 304 305 307 310 313 316 326 329 331 335 336 333 334 337 339 341 342 344 344 345 344 344 344 344
266 226 272 283 265 252 279 279 296 316 293 287 291 273 282 282 294 315 324 320 321 313 289 297 318 325 -9999 -9999 -9999 -9999 -9999 -9999 -9999 -9999 -9999 324 -9999 -9999 -9999 -9999 -9999 -9999 313 310 304 308 311 310 310 308 306 302 287 290 298 296 -9999 -9999 -9999 -9999 -9999 -9999 303 303 302 303 306 310 311 313 320 328 331 331 334 335 332 336 338 340 342 343 344 344 344 344 345 344 344
294 254 250 244 248 258 265 267 259 285 287 292 280 267 274 287 314 329 327 327 325 319 310 316 324 -9999 -9999 -9999 -9999 -9999 -9999 -9999 -9999 -9999 -9999 -9999 -9999 -9999 -9999 -9999 -9999 -9999 316 315 312 312 312 308 310 309 308 306 295 287 284 297 301 -9999 -9999 -9999 -9999 302 303 303 303 304 305 311 315 317 323 329 330 331 333 333 334 337 339 341 342 344 344 345 344 344 344 344 344
302 294 289 278 294 288 302 306 293 297 298 307 299 301 299 323 327 332 332 331 329 327 325 326 -9999 -9999 -9999 -9999 -9999 -9999 -9999 -9999 -9999 -9999 -9999 -9999 324 -9999 -9999 -9999 -9999 -9999 313 316 315 314 312 310 307 311 310 309 304 290 271 284 301 -9999 -9999 -9999 -9999 -9999 304 303 305 304 305 311 317 319 322 330 332 332 334 335 337 339 341 342 344 345 345 345 345 345 344 344 343
321 315 310 312 314 317 319 316 317 312 318 323 324 322 331 334 335 336 335 334 332 331 329 -9999 -9999 -9999 -9999 -9999 -9999 -9999 -9999 -9999 -9999 -9999 -9999 -9999 322 321 -9999 -9999 -9999 -9999 -9999 -9999 -9999 315 314 313 312 307 313 311 309 302 287 268 295 301 301 -9999 -9999 -9999 -9999 304 304 306 308 312 317 318 327 332 333 334 336 337 338 340 342 343 345 346 346 346 346 345 345 344 343
333 332 326 324 325 324 326 325 326 324 331 333 335 340 341 339 339 338 337 -9999 -9999 -9999 -9999 -9999 -9999 -9999 -9999 -9999 -9999 -9999 -9999 -9999 -9999 -9999 322 -9999 323 -9999 -9999 -9999 -9999 -9999 -9999 -9999 -9999 -9999 312 314 315 311 314 314 313 310 293 264 272 297 304 -9999 -9999 -9999 -9999 304 303 305 309 313 315 322 330 333 333 334 336 337 339 341 342 343 345 346 346 346 346 345 345 344 343
336 336 337 332 328 331 327 329 329 330 336 340 344 346 346 344 343 341 -9999 -9999 -9999 -9999 -9999 -9999 -9999 -9999 -9999 -9999 -9999 -9999 -9999 -9999 -9999 -9999 -9999 -9999 -9999 -9999 -9999 -9999 -9999 -9999 -9999 -9999 -9999 313 310 309 316 317 316 317 316 313 293 275 254 285 304 308 -9999 -9999 -9999 303 302 305 309 309 316 323 330 332 332 333 334 336 339 341 342 344 345 345 345 346 346 346 345 344 342
-9999 -9999 -9999 335 329 328 329 336 335 334 339 342 344 347 347 346 344 342 -9999 -9999 -9999 -9999 -9999 -9999 -9999 -9999 -9999 -9999 -9999 -9999 -9999 -9999 -9999 -9999 -9999 -9999 -9999 -9999 -9999 -9999 -9999 -9999 -9999 -9999 -9999 312 307 309 316 318 319 319 319 316 301 272 256 272 304 311 310 309 -9999 307 306 302 307 307 315 323 328 328 330 328 332 335 339 340 342 344 345 344 345 345 346 346 346 344 341
-9999 -9999 -9999 340 339 335 332 338 339 339 342 345 344 345 346 346 344 342 -9999 -9999 -9999 -9999 -9999 -9999 -9999 -9999 -9999 -9999 -9999 -9999 -9999 -9999 -9999 -9999 -9999 -9999 -9999 -9999 -9999 -9999 -9999 -9999 -9999 311 314 314 304 309 313 319 319 311 319 319 311 292 273 275 309 313 312 310 -9999 310 311 305 303 311 314 321 325 307 316 324 334 335 339 340 342 344 344 344 345 346 347 347 347 345 336
-9999 -9999 -9999 -9999 -9999 338 330 336 341 342 343 345 344 341 342 344 344 342 340 338 -9999 -9999 -9999 -9999 -9999 -9999 -9999 -9999 -9999 -9999 -9999 -9999 -9999 -9999 -9999 -9999 -9999 -9999 -9999 -9999 -9999 -9999 -9999 296 305 314 308 306 313 318 314 284 315 319 318 309 290 292 308 316 315 -9999 -9999 313 313 299 296 307 318 316 305 285 303 324 334 335 339 341 343 344 344 345 345 346 347 348 348 345 329
-9999 -9999 -9999 -9999 -9999 334 330 330 339 343 344 345 340 333 337 341 342 341 337 336 -9999 -9999 -9999 -9999 -9999 -9999 -9999 -9999 -9999 -9999 -9999 -9999 -9999 -9999 -9999 -9999 -9999 -9999 -9999 -9999 -9999 -9999 -9999 -9999 295 307 310 307 310 315 305 277 302 317 319 315 306 303 315 318 317 317 316 317 316 301 292 307 317 314 305 303 311 330 333 336 338 340 341 343 344 345 345 346 348 349 349 341 323
-9999 -9999 -9999 -9999 -9999 336 331 333 338 342 -9999 342 338 327 322 329 336 340 336 335 335 334 -9999 -9999 -9999 -9999 -9999 -9999 -9999 -9999 -9999 -9999 -9999 -9999 -9999 -9999 -9999 -9999 -9999 -9999 -9999 -9999 -9999 -9999 282 293 286 309 297 307 296 269 288 315 314 313 318 315 321 321 320 319 319 319 318 309 299 313 315 316 308 316 317 331 333 335 334 337 340 342 343 344 344 347 348 349 350 345 327
-9999 -9999 -9999 -9999 -9999 -9999 334 334 339 341 -9999 342 340 318 308 320 333 338 330 330 333 334 332 -9999 -9999 -9999 -9999 -9999 -9999 -9999 -9999 -9999 -9999 -9999 -9999 -9999 -9999 -9999 -9999 -9999 -9999 -9999 -9999 -9999 305 280 268 294 293 304 296 264 285 311 309 316 323 323 323 323 322 322 322 322 321 310 285 301 314 320 321 322 319 330 330 325 321 326 339 340 342 343 344 346 347 349 350 346 331
-9999 -9999 -9999 -9999 -9999 -9999 -9999 -9999 -9999 -9999 -9999 -9999 339 324 304 312 329 323 317 323 327 330 330 -9999 -9999 -9999 -9999 -9999 -9999 -9999 -9999 -9999 -9999 -9999 -9999 -9999 -9999 -9999 -9999 -9999 -9999 -9999 -9999 -9999 -9999 305 290 289 272 300 304 285 278 295 304 321 324 324 324 324 324 324 324 324 322 297 286 294 310 316 323 325 319 322 299 295 305 322 335 339 340 339 334 345 347 349 350 347 326
-9999 -9999 330 -9999 -9999 -9999 -9999 -9999 -9999 -9999 -9999 -9999 -9999 322 312 308 333 324 320 320 326 327 326 326 -9999 -9999 -9999 -9999 -9999 -9999 -9999 -9999 -9999 -9999 -9999 -9999 -9999 -9999 -9999 -9999 -9999 -9999 -9999 -9999 -9999 -9999 312 301 274 283 306 302 292 281 302 322 324 325 326 326 326 326 326 326 326 312 278 294 302 313 318 322 318 288 291 291 300 310 320 333 337 327 323 341 346 347 347 345 322
-9999 -9999 327 -9999 -9999 -9999 -9999 -9999 -9999 -9999 -9999 -9999 -9999 335 331 305 334 334 336 336 332 329 327 326 -9999 -9999 -9999 -9999 -9999 -9999 -9999 -9999 -9999 -9999 -9999 -9999 -9999 -9999 -9999 -9999 -9999 -9999 -9999 -9999 -9999 -9999 -9999 307 296 287 298 303 297 297 314 323 324 326 327 327 327 324 328 328 328 323 278 291 296 304 310 311 310 276 271 283 302 303 294 322 332 307 317 331 339 343 343 344 320
-9999 -9999 -9999 333 334 -9999 -9999 -9999 -9999 -9999 -9999 -9999 -9999 337 331 302 300 323 334 338 -9999 -9999 -9999 -9999 -9999 -9999 -9999 -9999 -9999 -9999 -9999 -9999 -9999 -9999 -9999 -9999 -9999 -9999 -9999 -9999 -9999 -9999 -9999 -9999 -9999 -9999 -9999 -9999 291 298 299 304 302 307 316 318 322 326 327 328 328 329 329 330 330 329 307 277 279 276 296 292 287 240 241 262 262 250 277 315 318 301 311 324 332 336 338 341 323
-9999 -9999 331 -9999 -9999 -9999 -9999 -9999 -9999 -9999 -9999 -9999 -9999 329 301 292 312 319 333 -9999 -9999 -9999 -9999 -9999 -9999 -9999 -9999 -9999 -9999 -9999 -9999 -9999 -9999 -9999 -9999 -9999 -9999 -9999 -9999 -9999 -9999 -9999 -9999 -9999 -9999 -9999 -9999 -9999 301 293 308 301 306 301 312 308 318 327 328 329 329 329 330 331 331 331 324 291 249 261 274 278 266 220 218 239 254 248 275 307 295 297 293 308 327 329 330 335 323
-9999 -9999 -9999 -9999 -9999 -9999 -9999 -9999 -9999 -9999 -9999 -9999 -9999 326 329 -9999 -9999 -9999 -9999 -9999 -9999 -9999 -9999 -9999 -9999 -9999 -9999 -9999 -9999 -9999 -9999 -9999 -9999 -9999 -9999 -9999 -9999 -9999 -9999 -9999 -9999 -9999 -9999 -9999 -9999 -9999 -9999 -9999 -9999 303 312 305 299 297 304 311 323 327 327 330 330 331 331 331 331 328 327 310 254 231 243 242 220 215 260 271 270 291 299 294 286 285 274 296 324 320 323 323 327
-9999 -9999 -9999 -9999 -9999 -9999 -9999 -9999 -9999 -9999 -9999 -9999 -9999 -9999 -9999 -9999 -9999 -9999 -9999 -9999 -9999 -9999 -9999 -9999 -9999 -9999 -9999 -9999 -9999 -9999 -9999 -9999 -9999 -9999 -9999 -9999 -9999 -9999 -9999 -9999 -9999 -9999 -9999 -9999 -9999 -9999 -9999 -9999 -9999 -9999 -9999 314 307 308 306 321 324 324 326 330 331 332 332 329 330 319 318 298 250 212 201 210 164 207 262 286 285 274 267 266 275 265 263 294 304 314 318 312 324
-9999 -9999 -9999 -9999 -9999 -9999 -9999 -9999 -9999 -9999 -9999 -9999 -9999 -9999 -9999 -9999 -9999 -9999 -9999 -9999 -9999 -9999 -9999 -9999 -9999 -9999 -9999 -9999 -9999 -9999 -9999 -9999 -9999 -9999 -9999 -9999 -9999 -9999 -9999 -9999 -9999 -9999 -9999 -9999 -9999 -9999 -9999 -9999 -9999 -9999 -9999 -9999 310 313 313 315 323 320 326 330 331 333 334 328 326 308 313 313 286 279 265 225 210 257 297 287 262 247 233 249 269 269 256 291 284 305 304 308 314
-9999 -9999 -9999 -9999 -9999 -9999 -9999 -9999 -9999 -9999 -9999 -9999 -9999 -9999 -9999 -9999 -9999 -9999 -9999 -9999 -9999 -9999 -9999 -9999 -9999 -9999 -9999 -9999 -9999 -9999 -9999 -9999 -9999 -9999 -9999 -9999 -9999 -9999 -9999 -9999 -9999 -9999 -9999 -9999 -9999 -9999 -9999 -9999 -9999 -9999 -9999 -9999 310 306 311 309 318 319 327 330 332 334 334 332 328 309 306 303 286 276 261 253 210 253 285 260 236 201 215 233 258 259 268 263 265 288 298 302 310
-9999 -9999 -9999 -9999 -9999 -9999 -9999 -9999 -9999 -9999 -9999 -9999 -9999 -9999 -9999 -9999 -9999 -9999 -9999 -9999 -9999 -9999 -9999 -9999 -9999 -9999 -9999 -9999 -9999 -9999 -9999 -9999 -9999 -9999 -9999 -9999 -9999 -9999 -9999 -9999 -9999 -9999 -9999 -9999 -9999 -9999 -9999 -9999 -9999 -9999 -9999 -9999 309 303 307 303 311 318 326 329 333 334 335 333 312 303 301 295 262 285 288 268 229 285 264 213 191 181 203 234 255 269 257 253 259 271 285 298 309
-9999 -9999 -9999 -9999 -9999 -9999 -9999 -9999 -9999 -9999 -9999 -9999 -9999 -9999 -9999 -9999 -9999 -9999 -9999 -9999 -9999 -9999 -9999 -9999 -9999 -9999 -9999 -9999 -9999 -9999 -9999 -9999 -9999 -9999 -9999 -9999 -9999 -9999 -9999 -9999 -9999 -9999 -9999 -9999 -9999 -9999 -9999 -9999 -9999 -9999 -9999 -9999 -9999 308 307 304 299 316 324 329 333 335 336 332 313 298 295 293 245 268 279 272 240 300 235 177 192 190 194 222 247 264 276 261 261 268 281 295 308
-9999 -9999 -9999 -9999 -9999 -9999 -9999 -9999 -9999 -9999 -9999 -9999 -9999 -9999 -9999 -9999 -9999 -9999 -9999 -9999 -9999 -9999 -9999 -9999 -9999 -9999 -9999 -9999 -9999 -9999 -9999 -9999 -9999 -9999 -9999 -9999 -9999 -9999 -9999 -9999 -9999 -9999 -9999 -9999 -9999 -9999 -9999 -9999 -9999 -9999 -9999 -9999 -9999 -9999 316 306 309 320 324 328 332 334 334 334 307 295 302 305 258 235 250 246 237 293 279 186 195 203 200 211 245 259 283 264 267 273 280 293 308
-9999 -9999 -9999 -9999 -9999 -9999 -9999 -9999 -9999 -9999 -9999 -9999 -9999 -9999 -9999 -9999 -9999 -9999 -9999 -9999 -9999 -9999 -9999 -9999 -9999 -9999 -9999 -9999 -9999 -9999 -9999 -9999 -9999 -9999 -9999 -9999 -9999 -9999 -9999 -9999 -9999 -9999 -9999 -9999 -9999 -9999 -9999 -9999 -9999 -9999 -9999 -9999 -9999 -9999 -9999 312 313 320 322 326 330 332 333 332 320 306 312 308 265 212 207 216 233 290 300 208 195 220 215 215 236 265 277 263 268 276 281 291 313
-9999 -9999 -9999 -9999 -9999 -9999 -9999 -9999 -9999 -9999 -9999 -9999 -9999 -9999 -9999 -9999 -9999 -9999 -9999 -9999 -9999 -9999 -9999 -9999 -9999 -9999 -9999 -9999 -9999 -9999 -9999 -9999 -9999 -9999 -9999 -9999 -9999 -9999 -9999 -9999 -9999 -9999 -9999 -9999 -9999 -9999 -9999 -9999 -9999 -9999 -9999 -9999 -9999 -9999 -9999 -9999 308 313 319 323 327 329 331 329 319 314 319 314 281 219 198 188 241 303 327 266 204 226 228 236 265 277 263 272 280 282 285 293 309
