bio_clim/bio_1.asc
ncols         156
nrows         252
xllcorner     -82
yllcorner     -8
cellsize      0.083333337679505
NODATA_value  -9999
[rows 117 to 155 of 252, columns 0 to 88 of 156]
-9999 -9999 -9999 -9999 -9999 -9999 -9999 -9999 -9999 -9999 -9999 -9999 -9999 -9999 -9999 -9999 -9999 -9999 -9999 -9999 -9999 -9999 -9999 -9999 -9999 -9999 -9999 -9999 -9999 -9999 -9999 -9999 -9999 -9999 -9999 -9999 -9999 -9999 -9999 -9999 -9999 -9999 -9999 -9999 -9999 -9999 -9999 -9999 -9999 -9999 -9999 -9999 -9999 263 263 264 263 263 261 236 221 219 160 183 224 238 240 240 240 214 114 72 104 155 152 168 216 198 220 231 273 275 269 256 215 199 161 154 195
-9999 -9999 -9999 -9999 -9999 -9999 -9999 -9999 -9999 -9999 -9999 -9999 -9999 -9999 -9999 -9999 -9999 -9999 -9999 -9999 -9999 -9999 -9999 -9999 -9999 -9999 -9999 -9999 -9999 -9999 -9999 -9999 -9999 -9999 -9999 -9999 -9999 -9999 -9999 -9999 -9999 -9999 -9999 -9999 -9999 -9999 -9999 -9999 -9999 -9999 -9999 -9999 -9999 263 263 264 264 264 252 227 249 223 177 217 232 238 239 239 224 189 94 64 80 108 127 169 188 191 221 248 274 272 266 243 178 170 148 178 221
-9999 -9999 -9999 -9999 -9999 -9999 -9999 -9999 -9999 -9999 -9999 -9999 -9999 -9999 -9999 -9999 -9999 -9999 -9999 -9999 -9999 -9999 -9999 -9999 -9999 -9999 -9999 -9999 -9999 -9999 -9999 -9999 -9999 -9999 -9999 -9999 -9999 -9999 -9999 -9999 -9999 -9999 -9999 -9999 -9999 -9999 -9999 -9999 -9999 -9999 -9999 -9999 263 264 264 264 264 264 253 217 215 208 180 215 231 235 235 224 200 162 76 62 84 128 160 170 144 167 229 262 271 268 251 218 177 152 156 171 183
-9999 -9999 -9999 -9999 -9999 -9999 -9999 -9999 -9999 -9999 -9999 -9999 -9999 -9999 -9999 -9999 -9999 -9999 -9999 -9999 -9999 -9999 -9999 -9999 -9999 -9999 -9999 -9999 -9999 -9999 -9999 -9999 -9999 -9999 -9999 -9999 -9999 -9999 -9999 -9999 -9999 -9999 -9999 -9999 -9999 -9999 -9999 -9999 -9999 -9999 -9999 -9999 263 263 264 265 264 263 254 250 209 154 176 213 215 218 209 187 192 132 80 49 79 105 126 129 174 203 245 264 271 262 242 200 157 129 119 151 187
-9999 -9999 -9999 -9999 -9999 -9999 -9999 -9999 -9999 -9999 -9999 -9999 -9999 -9999 -9999 -9999 -9999 -9999 -9999 -9999 -9999 -9999 -9999 -9999 -9999 -9999 -9999 -9999 -9999 -9999 -9999 -9999 -9999 -9999 -9999 -9999 -9999 -9999 -9999 -9999 -9999 -9999 -9999 -9999 -9999 -9999 -9999 -9999 -9999 -9999 -9999 -9999 263 263 264 264 266 266 259 256 220 156 177 208 206 208 191 166 151 91 88 93 115 78 101 124 163 221 249 261 268 254 216 157 130 129 131 152 199
-9999 -9999 -9999 -9999 -9999 -9999 -9999 -9999 -9999 -9999 -9999 -9999 -9999 -9999 -9999 -9999 -9999 -9999 -9999 -9999 -9999 -9999 -9999 -9999 -9999 -9999 -9999 -9999 -9999 -9999 -9999 -9999 -9999 -9999 -9999 -9999 -9999 -9999 -9999 -9999 -9999 -9999 -9999 -9999 -9999 -9999 -9999 -9999 -9999 -9999 -9999 -9999 263 264 265 264 262 255 253 246 194 162 173 207 194 195 178 140 114 92 114 153 143 95 137 146 169 231 238 255 261 219 169 150 152 170 148 182 183
-9999 -9999 -9999 -9999 -9999 -9999 -9999 -9999 -9999 -9999 -9999 -9999 -9999 -9999 -9999 -9999 -9999 -9999 -9999 -9999 -9999 -9999 -9999 -9999 -9999 -9999 -9999 -9999 -9999 -9999 -9999 -9999 -9999 -9999 -9999 -9999 -9999 -9999 -9999 -9999 -9999 -9999 -9999 -9999 -9999 -9999 -9999 -9999 -9999 -9999 261 262 262 263 264 263 244 252 249 224 201 150 186 198 189 182 159 126 88 89 128 165 165 130 169 160 210 242 253 261 248 167 143 149 171 197 190 205 183
-9999 -9999 -9999 -9999 -9999 -9999 -9999 -9999 -9999 -9999 -9999 -9999 -9999 -9999 -9999 -9999 -9999 -9999 -9999 -9999 -9999 -9999 -9999 -9999 -9999 -9999 -9999 -9999 -9999 -9999 -9999 -9999 -9999 -9999 -9999 -9999 -9999 -9999 -9999 -9999 -9999 -9999 -9999 258 257 258 259 259 260 260 261 262 262 261 261 254 232 234 246 230 191 157 189 184 182 176 147 126 87 81 107 162 177 172 195 206 233 250 254 254 213 169 144 129 158 188 221 224 196
-9999 -9999 -9999 -9999 -9999 -9999 -9999 -9999 -9999 -9999 -9999 -9999 -9999 -9999 -9999 -9999 -9999 -9999 -9999 -9999 -9999 -9999 -9999 -9999 -9999 -9999 -9999 -9999 -9999 -9999 -9999 -9999 -9999 -9999 -9999 -9999 -9999 -9999 -9999 -9999 -9999 -9999 258 257 258 259 259 259 260 260 261 261 262 258 249 230 194 235 211 219 167 173 188 187 180 175 152 115 88 84 141 186 197 199 199 230 229 243 239 222 211 141 138 155 184 214 233 229 242
-9999 -9999 -9999 -9999 -9999 -9999 -9999 -9999 -9999 -9999 -9999 -9999 -9999 -9999 -9999 -9999 -9999 -9999 -9999 -9999 -9999 -9999 -9999 -9999 -9999 -9999 -9999 -9999 -9999 -9999 -9999 -9999 -9999 -9999 -9999 -9999 -9999 -9999 -9999 -9999 -9999 257 258 258 259 259 259 260 260 260 261 262 261 249 218 189 189 219 202 198 158 182 184 182 178 169 143 95 90 91 124 168 190 217 222 235 237 239 200 191 164 137 154 181 216 237 238 246 253
-9999 -9999 -9999 -9999 -9999 -9999 -9999 -9999 -9999 -9999 -9999 -9999 -9999 -9999 -9999 -9999 -9999 -9999 -9999 -9999 -9999 -9999 -9999 -9999 -9999 -9999 -9999 -9999 -9999 -9999 -9999 -9999 -9999 -9999 -9999 -9999 -9999 -9999 -9999 -9999 -9999 257 258 258 259 259 259 259 260 260 261 260 258 236 158 129 172 199 155 173 194 220 204 177 169 144 119 76 80 92 129 153 181 206 197 213 230 227 181 135 129 158 184 202 230 244 251 252 256
-9999 -9999 -9999 -9999 -9999 -9999 -9999 -9999 -9999 -9999 -9999 -9999 -9999 -9999 -9999 -9999 -9999 -9999 -9999 -9999 -9999 -9999 -9999 -9999 -9999 -9999 -9999 -9999 -9999 -9999 -9999 -9999 -9999 -9999 -9999 -9999 -9999 -9999 -9999 -9999 257 257 257 258 259 259 260 260 260 260 260 261 251 222 159 120 170 176 153 197 232 236 208 182 150 112 86 47 90 128 151 174 191 175 208 231 237 211 152 110 157 177 209 203 229 243 248 252 254
-9999 -9999 -9999 -9999 -9999 -9999 -9999 -9999 -9999 -9999 -9999 -9999 -9999 -9999 -9999 -9999 -9999 -9999 -9999 -9999 -9999 -9999 -9999 -9999 -9999 -9999 -9999 -9999 -9999 -9999 -9999 -9999 -9999 -9999 -9999 -9999 -9999 -9999 -9999 -9999 257 257 257 258 259 259 260 259 259 260 260 260 247 204 187 151 148 150 190 239 239 228 213 167 131 92 96 85 111 136 156 179 177 183 229 236 230 195 132 129 176 201 220 206 227 241 252 254 254
-9999 -9999 -9999 -9999 -9999 -9999 -9999 -9999 -9999 -9999 -9999 -9999 -9999 -9999 -9999 -9999 -9999 -9999 -9999 -9999 -9999 -9999 -9999 -9999 -9999 -9999 -9999 -9999 -9999 -9999 -9999 -9999 -9999 -9999 -9999 -9999 -9999 -9999 -9999 -9999 258 257 258 258 259 259 259 259 259 259 261 255 245 228 220 184 128 172 223 252 237 214 192 151 87 79 89 105 129 151 149 161 160 209 231 229 207 163 123 163 205 220 215 194 230 252 255 255 252
-9999 -9999 -9999 -9999 -9999 -9999 -9999 -9999 -9999 -9999 -9999 -9999 -9999 -9999 -9999 -9999 -9999 -9999 -9999 -9999 -9999 -9999 -9999 -9999 -9999 -9999 -9999 -9999 -9999 -9999 -9999 -9999 -9999 -9999 -9999 -9999 -9999 -9999 -9999 -9999 257 256 258 258 259 259 259 259 259 258 258 244 231 239 217 168 180 214 252 250 225 172 149 107 93 92 106 129 153 167 173 179 208 222 220 211 172 158 168 174 210 217 226 233 252 254 255 253 251
-9999 -9999 -9999 -9999 -9999 -9999 -9999 -9999 -9999 -9999 -9999 -9999 -9999 -9999 -9999 -9999 -9999 -9999 -9999 -9999 -9999 -9999 -9999 -9999 -9999 -9999 -9999 -9999 -9999 -9999 -9999 -9999 -9999 -9999 -9999 -9999 -9999 -9999 -9999 -9999 -9999 257 257 258 258 259 259 258 257 257 246 237 236 242 212 189 197 248 251 246 222 157 117 94 87 109 144 158 174 178 198 203 200 198 220 197 164 180 197 175 189 222 252 258 256 256 256 254 253
-9999 -9999 -9999 -9999 -9999 -9999 -9999 -9999 -9999 -9999 -9999 -9999 -9999 -9999 -9999 -9999 -9999 -9999 -9999 -9999 -9999 -9999 -9999 -9999 -9999 -9999 -9999 -9999 -9999 -9999 -9999 -9999 -9999 -9999 -9999 -9999 -9999 -9999 -9999 -9999 -9999 258 257 258 259 259 258 258 257 254 247 248 248 244 229 204 235 243 241 235 197 193 150 109 86 85 136 169 182 192 202 205 189 199 209 169 177 212 200 202 214 254 259 259 256 256 257 255 254
-9999 -9999 -9999 -9999 -9999 -9999 -9999 -9999 -9999 -9999 -9999 -9999 -9999 -9999 -9999 -9999 -9999 -9999 -9999 -9999 -9999 -9999 -9999 -9999 -9999 -9999 -9999 -9999 -9999 -9999 -9999 -9999 -9999 -9999 -9999 -9999 -9999 -9999 257 -9999 258 258 257 257 258 258 257 257 255 248 247 242 241 238 215 190 242 235 230 212 178 159 138 109 112 111 127 135 158 183 194 191 194 201 177 174 207 230 222 207 229 258 259 259 257 257 257 256 255
-9999 -9999 -9999 -9999 -9999 -9999 -9999 -9999 -9999 -9999 -9999 -9999 -9999 -9999 -9999 -9999 -9999 -9999 -9999 -9999 -9999 -9999 -9999 -9999 -9999 -9999 -9999 -9999 -9999 -9999 -9999 -9999 -9999 -9999 -9999 -9999 -9999 256 257 257 257 257 256 256 257 257 257 256 254 245 249 226 199 233 214 207 238 228 217 176 142 116 98 113 147 164 130 124 135 170 184 190 192 184 199 204 239 242 231 210 242 258 258 258 257 257 257 256 255
-9999 -9999 -9999 -9999 -9999 -9999 -9999 -9999 -9999 -9999 -9999 -9999 -9999 -9999 -9999 -9999 -9999 -9999 -9999 -9999 -9999 -9999 -9999 -9999 -9999 -9999 -9999 -9999 -9999 -9999 -9999 -9999 -9999 -9999 -9999 -9999 257 256 256 256 256 255 254 253 254 255 254 256 251 250 241 211 165 178 225 227 230 216 199 163 147 90 103 111 147 173 156 142 154 151 162 178 208 227 231 229 253 253 245 215 251 257 257 258 257 257 257 257 256
-9999 -9999 -9999 -9999 -9999 -9999 -9999 -9999 -9999 -9999 -9999 -9999 -9999 -9999 -9999 -9999 -9999 -9999 -9999 -9999 -9999 -9999 -9999 -9999 -9999 -9999 -9999 -9999 -9999 -9999 -9999 -9999 -9999 -9999 -9999 -9999 -9999 257 256 256 255 254 252 250 249 250 246 247 244 244 231 197 148 159 224 223 200 160 153 145 115 89 123 141 185 200 177 172 171 143 154 184 219 244 243 251 258 259 251 247 256 256 257 257 258 257 258 256 256
-9999 -9999 -9999 -9999 -9999 -9999 -9999 -9999 -9999 -9999 -9999 -9999 -9999 -9999 -9999 -9999 -9999 -9999 -9999 -9999 -9999 -9999 -9999 -9999 -9999 -9999 -9999 -9999 -9999 -9999 -9999 -9999 -9999 -9999 -9999 -9999 -9999 -9999 257 256 255 253 249 245 241 239 235 239 232 234 225 195 154 192 208 180 203 189 188 159 104 105 139 194 223 198 203 193 174 175 172 197 230 248 251 258 258 258 258 256 256 256 256 257 258 257 258 256 255
-9999 -9999 -9999 -9999 -9999 -9999 -9999 -9999 -9999 -9999 -9999 -9999 -9999 -9999 -9999 -9999 -9999 -9999 -9999 -9999 -9999 -9999 -9999 -9999 -9999 -9999 -9999 -9999 -9999 -9999 -9999 -9999 -9999 -9999 -9999 -9999 -9999 -9999 258 256 255 254 250 244 237 231 221 224 214 213 217 188 157 186 197 156 178 165 160 156 99 119 139 157 210 229 205 206 178 191 182 218 244 254 255 256 257 257 258 257 256 257 255 255 256 257 257 256 256
-9999 -9999 -9999 -9999 -9999 -9999 -9999 -9999 -9999 -9999 -9999 -9999 -9999 -9999 -9999 -9999 -9999 -9999 -9999 -9999 -9999 -9999 -9999 -9999 -9999 -9999 -9999 -9999 -9999 -9999 -9999 -9999 -9999 -9999 -9999 -9999 259 260 259 255 253 253 250 246 232 223 213 192 189 194 184 159 162 176 177 143 143 124 120 126 115 91 140 158 209 232 227 202 208 214 225 238 252 254 255 255 256 257 256 256 256 257 256 255 255 257 258 257 256
-9999 -9999 -9999 -9999 -9999 -9999 -9999 -9999 -9999 -9999 -9999 -9999 -9999 -9999 -9999 -9999 -9999 -9999 -9999 -9999 -9999 -9999 -9999 -9999 -9999 -9999 -9999 -9999 -9999 -9999 -9999 -9999 -9999 -9999 -9999 260 260 260 259 257 251 249 246 237 235 222 201 194 182 168 140 125 135 153 169 89 126 112 88 112 146 135 162 194 225 215 190 197 230 239 251 254 254 254 255 255 256 256 256 256 255 257 256 255 256 256 258 257 256
-9999 -9999 -9999 -9999 -9999 -9999 -9999 -9999 -9999 -9999 -9999 -9999 -9999 -9999 -9999 -9999 -9999 -9999 -9999 -9999 -9999 -9999 -9999 -9999 -9999 -9999 -9999 -9999 -9999 -9999 -9999 -9999 -9999 -9999 260 260 260 260 259 257 252 243 243 235 224 213 184 192 173 153 118 90 104 128 162 119 111 103 114 130 155 131 123 207 229 223 200 237 250 254 255 255 255 254 254 254 255 255 256 256 256 256 256 254 255 256 258 257 256
-9999 -9999 -9999 -9999 -9999 -9999 -9999 -9999 -9999 -9999 -9999 -9999 -9999 -9999 -9999 -9999 -9999 -9999 -9999 -9999 -9999 -9999 -9999 -9999 -9999 -9999 -9999 -9999 -9999 -9999 254 254 256 257 258 259 260 260 259 256 249 238 235 223 213 203 195 180 164 117 101 102 111 127 163 120 100 105 118 108 130 171 184 216 240 239 247 251 253 254 254 255 255 255 254 254 254 255 255 256 256 257 256 255 255 254 257 258 257
-9999 -9999 -9999 -9999 -9999 -9999 -9999 -9999 -9999 -9999 -9999 -9999 -9999 -9999 -9999 -9999 -9999 -9999 -9999 -9999 -9999 -9999 -9999 -9999 -9999 -9999 -9999 251 253 249 250 253 254 255 257 258 257 257 255 251 242 229 217 197 199 195 183 146 111 72 92 107 100 112 138 88 95 105 115 110 150 176 191 234 246 247 249 252 253 253 254 254 255 254 254 255 255 254 255 255 256 256 255 255 254 255 256 258 257
-9999 -9999 -9999 -9999 -9999 -9999 -9999 -9999 -9999 -9999 -9999 -9999 -9999 -9999 -9999 -9999 -9999 -9999 -9999 -9999 -9999 -9999 -9999 -9999 -9999 -9999 251 250 251 243 247 253 251 253 257 258 258 255 252 242 227 216 219 199 182 170 168 156 85 79 105 109 116 128 106 94 127 102 127 157 193 215 230 245 248 248 248 250 251 252 252 253 253 254 255 255 255 256 255 255 256 256 255 254 254 255 256 258 257
-9999 -9999 -9999 -9999 -9999 -9999 -9999 -9999 -9999 -9999 -9999 -9999 -9999 -9999 -9999 -9999 -9999 -9999 -9999 -9999 -9999 -9999 -9999 247 250 250 245 246 249 249 250 252 249 253 255 256 256 256 246 227 210 193 207 208 205 187 156 117 59 85 107 112 116 113 94 122 162 137 181 202 222 235 245 247 248 249 248 249 250 250 251 252 253 253 254 254 255 256 256 256 256 257 255 255 254 255 256 257 259
-9999 -9999 -9999 -9999 -9999 -9999 -9999 -9999 -9999 -9999 -9999 -9999 -9999 -9999 -9999 -9999 -9999 -9999 -9999 -9999 -9999 -9999 -9999 247 249 248 244 245 241 253 245 250 250 252 251 252 255 251 239 225 204 194 195 185 171 195 159 79 74 72 89 102 98 112 118 119 139 187 207 226 237 245 247 249 249 249 249 249 250 251 251 252 253 253 254 254 254 255 256 256 257 257 256 255 255 256 257 257 257
-9999 -9999 -9999 -9999 -9999 -9999 -9999 -9999 -9999 -9999 -9999 -9999 -9999 -9999 -9999 -9999 -9999 -9999 -9999 -9999 -9999 -9999 -9999 -9999 251 250 242 240 242 254 248 248 248 245 249 252 244 234 226 220 209 190 165 146 147 164 180 109 107 95 117 102 92 114 128 91 167 201 226 231 237 244 248 248 249 249 249 249 250 250 252 252 252 253 254 255 255 255 255 254 256 257 256 256 255 256 257 258 258
-9999 -9999 -9999 -9999 -9999 -9999 -9999 -9999 -9999 -9999 -9999 -9999 -9999 -9999 -9999 -9999 -9999 -9999 -9999 -9999 -9999 -9999 -9999 -9999 252 251 244 243 246 249 251 246 241 243 243 238 228 210 194 205 191 155 112 87 94 142 179 153 125 124 120 92 81 136 113 146 196 226 237 237 240 244 247 248 249 249 249 249 250 250 251 252 253 253 254 254 255 256 256 255 256 258 258 257 256 257 257 257 258
-9999 -9999 -9999 -9999 -9999 -9999 -9999 -9999 -9999 -9999 -9999 -9999 -9999 -9999 -9999 -9999 -9999 -9999 -9999 -9999 -9999 -9999 -9999 251 250 249 241 236 242 247 249 250 248 246 244 236 217 182 169 184 148 151 125 78 80 154 182 184 169 129 92 131 122 169 144 181 218 239 243 242 244 246 247 247 248 249 249 250 251 251 252 252 252 253 254 254 255 255 256 256 257 258 257 258 257 257 258 258 258
-9999 -9999 -9999 -9999 -9999 -9999 -9999 -9999 -9999 -9999 -9999 -9999 -9999 -9999 -9999 -9999 -9999 -9999 -9999 -9999 -9999 -9999 -9999 -9999 251 248 238 235 242 250 251 250 250 248 246 236 206 182 158 155 137 170 156 85 119 158 162 139 156 130 88 130 159 168 175 204 233 241 245 245 246 247 247 247 248 249 250 250 251 252 252 253 253 252 253 254 255 256 256 256 257 257 257 258 258 258 258 259 258
-9999 -9999 -9999 -9999 -9999 -9999 -9999 -9999 -9999 -9999 -9999 -9999 -9999 -9999 -9999 -9999 -9999 -9999 -9999 -9999 -9999 -9999 -9999 -9999 252 250 238 237 248 249 251 250 249 247 243 237 220 198 192 184 179 177 130 101 140 127 137 91 121 103 104 158 176 192 216 224 235 242 244 246 247 247 248 248 248 248 249 249 250 251 252 253 253 253 253 254 255 255 256 257 257 256 256 258 259 258 258 259 258
-9999 -9999 -9999 -9999 -9999 -9999 -9999 -9999 -9999 -9999 -9999 -9999 -9999 -9999 -9999 -9999 -9999 -9999 -9999 -9999 -9999 -9999 -9999 -9999 -9999 246 238 244 248 250 250 250 249 245 238 234 228 219 204 204 197 175 136 126 124 126 105 83 79 93 144 178 205 216 229 229 233 242 243 245 246 247 247 247 248 249 249 250 251 252 252 253 254 253 253 253 254 255 255 257 257 257 257 257 258 259 259 260 259
-9999 -9999 -9999 -9999 -9999 -9999 -9999 -9999 -9999 -9999 -9999 -9999 -9999 -9999 -9999 -9999 -9999 -9999 -9999 -9999 -9999 -9999 -9999 252 248 241 237 244 248 249 249 249 247 245 236 228 222 203 187 189 186 174 169 152 81 98 102 86 75 91 112 181 192 213 231 227 227 240 243 245 246 246 246 246 247 248 248 249 250 251 252 253 254 255 254 254 254 255 255 256 257 258 258 259 258 259 259 260 259
-9999 -9999 -9999 -9999 -9999 -9999 -9999 -9999 -9999 -9999 -9999 -9999 -9999 -9999 -9999 -9999 -9999 -9999 -9999 -9999 -9999 -9999 -9999 247 241 243 241 244 248 248 248 246 244 239 233 224 214 204 182 173 163 147 149 154 129 132 121 49 45 107 139 154 192 207 221 234 235 242 244 244 245 246 246 247 247 248 248 249 251 252 251 252 253 254 255 256 256 256 256 257 258 258 258 260 260 260 259 260 258
