bio_clim/bio_9.asc
ncols         156
nrows         252
xllcorner     -82
yllcorner     -8
cellsize      0.083333337679505
NODATA_value  -9999
[rows 39 to 77 of 252, columns 0 to 88 of 156]
-9999 -9999 -9999 -9999 -9999 -9999 -9999 -9999 -9999 -9999 -9999 -9999 -9999 -9999 -9999 -9999 -9999 -9999 -9999 -9999 -9999 -9999 -9999 -9999 -9999 -9999 -9999 -9999 -9999 -9999 -9999 -9999 -9999 -9999 -9999 -9999 -9999 -9999 -9999 -9999 -9999 -9999 -9999 -9999 -9999 -9999 -9999 -9999 -9999 -9999 -9999 -9999 -9999 -9999 -9999 -9999 -9999 -9999 -9999 -9999 -9999 -9999 -9999 -9999 -9999 -9999 -9999 -9999 -9999 -9999 -9999 -9999 -9999 -9999 -9999 -9999 276 276 276 273 259 260 264 267 274 278 282 277 274
-9999 -9999 -9999 -9999 -9999 -9999 -9999 -9999 -9999 -9999 -9999 -9999 -9999 -9999 -9999 -9999 -9999 -9999 -9999 -9999 -9999 -9999 -9999 -9999 -9999 -9999 -9999 -9999 -9999 -9999 -9999 -9999 -9999 -9999 -9999 -9999 -9999 -9999 -9999 -9999 -9999 -9999 -9999 -9999 -9999 -9999 -9999 -9999 -9999 -9999 -9999 -9999 -9999 -9999 -9999 -9999 -9999 -9999 -9999 -9999 -9999 -9999 -9999 -9999 -9999 -9999 -9999 -9999 -9999 -9999 -9999 -9999 -9999 -9999 -9999 -9999 -9999 277 277 270 256 258 262 271 276 279 281 276 274
-9999 -9999 -9999 -9999 -9999 -9999 -9999 -9999 -9999 -9999 -9999 -9999 -9999 -9999 -9999 -9999 -9999 -9999 -9999 -9999 -9999 -9999 -9999 -9999 -9999 -9999 -9999 -9999 265 265 269 268 263 264 263 265 -9999 -9999 -9999 -9999 -9999 -9999 -9999 -9999 -9999 -9999 -9999 -9999 -9999 -9999 -9999 -9999 -9999 -9999 -9999 -9999 -9999 -9999 -9999 -9999 -9999 -9999 -9999 -9999 -9999 -9999 -9999 -9999 -9999 -9999 -9999 -9999 -9999 -9999 -9999 -9999 -9999 276 276 264 263 265 266 272 275 279 281 280 273
-9999 -9999 -9999 -9999 -9999 -9999 -9999 -9999 -9999 -9999 -9999 -9999 -9999 -9999 -9999 -9999 -9999 -9999 -9999 -9999 -9999 -9999 -9999 -9999 -9999 -9999 -9999 262 239 250 256 258 249 255 264 -9999 266 -9999 -9999 -9999 -9999 -9999 -9999 -9999 -9999 -9999 -9999 -9999 -9999 -9999 -9999 -9999 -9999 -9999 -9999 -9999 -9999 -9999 -9999 -9999 -9999 -9999 -9999 -9999 -9999 -9999 -9999 -9999 -9999 -9999 -9999 -9999 -9999 -9999 -9999 -9999 -9999 276 274 272 270 267 271 273 277 280 280 279 279
-9999 -9999 -9999 -9999 -9999 -9999 -9999 -9999 -9999 -9999 -9999 -9999 -9999 -9999 -9999 -9999 -9999 -9999 -9999 -9999 -9999 -9999 -9999 -9999 -9999 266 263 251 247 254 243 242 239 249 257 259 258 253 246 247 254 257 258 -9999 -9999 -9999 -9999 -9999 -9999 -9999 -9999 -9999 -9999 -9999 -9999 -9999 -9999 -9999 -9999 -9999 -9999 -9999 -9999 -9999 -9999 -9999 -9999 -9999 -9999 -9999 -9999 -9999 276 276 276 275 277 276 274 273 271 271 272 274 277 279 281 280 279
-9999 -9999 -9999 -9999 -9999 -9999 -9999 -9999 -9999 -9999 -9999 -9999 -9999 -9999 -9999 -9999 -9999 -9999 -9999 -9999 -9999 -9999 -9999 -9999 265 265 263 260 259 254 246 241 236 246 251 250 248 249 249 249 247 247 250 255 255 -9999 -9999 -9999 -9999 -9999 -9999 -9999 -9999 -9999 -9999 -9999 -9999 -9999 -9999 -9999 -9999 -9999 -9999 -9999 -9999 -9999 -9999 -9999 -9999 -9999 -9999 275 276 276 276 275 276 275 273 270 272 274 274 276 277 279 281 280 279
-9999 -9999 -9999 -9999 -9999 -9999 -9999 -9999 -9999 -9999 -9999 -9999 -9999 -9999 -9999 -9999 -9999 -9999 -9999 -9999 -9999 -9999 266 265 265 266 263 259 263 259 243 233 248 255 258 263 263 263 261 261 260 257 251 247 249 252 253 262 -9999 -9999 -9999 -9999 -9999 -9999 -9999 -9999 -9999 -9999 -9999 -9999 -9999 -9999 -9999 -9999 -9999 -9999 -9999 -9999 -9999 -9999 273 273 276 278 278 279 278 275 273 273 273 276 277 277 279 279 281 280 280
-9999 254 -9999 -9999 -9999 -9999 -9999 -9999 -9999 -9999 -9999 -9999 -9999 -9999 -9999 -9999 -9999 -9999 266 264 266 266 266 266 267 266 266 264 261 259 257 259 265 266 267 266 264 262 264 263 263 262 260 258 256 251 243 247 260 -9999 -9999 -9999 -9999 -9999 -9999 -9999 -9999 -9999 -9999 -9999 -9999 -9999 -9999 -9999 -9999 -9999 -9999 -9999 -9999 -9999 273 272 274 278 279 276 275 273 271 270 272 277 278 279 280 281 281 281 280
-9999 -9999 254 -9999 -9999 -9999 -9999 -9999 -9999 -9999 -9999 -9999 -9999 -9999 -9999 -9999 262 264 262 262 266 266 267 268 268 267 266 263 265 265 268 268 268 267 267 266 259 256 259 255 259 262 261 260 258 257 254 250 249 262 -9999 -9999 -9999 -9999 -9999 -9999 -9999 -9999 -9999 -9999 -9999 -9999 -9999 -9999 -9999 -9999 -9999 -9999 -9999 273 272 272 274 278 276 276 276 275 272 273 274 278 279 280 281 281 282 281 281
-9999 254 -9999 256 -9999 -9999 -9999 -9999 -9999 -9999 -9999 -9999 -9999 -9999 -9999 264 262 265 264 265 265 266 265 265 266 265 266 268 267 271 -9999 -9999 -9999 -9999 -9999 -9999 266 264 251 247 236 256 255 260 261 260 259 259 252 253 264 -9999 -9999 -9999 -9999 -9999 -9999 -9999 -9999 -9999 -9999 -9999 -9999 -9999 -9999 -9999 -9999 -9999 272 273 270 271 274 278 279 280 280 276 274 274 275 279 280 281 281 281 281 282 282
249 255 253 256 259 -9999 -9999 -9999 -9999 -9999 -9999 -9999 -9999 266 263 263 264 267 267 266 265 264 264 264 264 267 269 -9999 -9999 -9999 -9999 -9999 -9999 -9999 -9999 -9999 -9999 268 265 262 255 241 233 256 258 261 262 263 260 256 250 263 -9999 -9999 -9999 -9999 -9999 -9999 -9999 -9999 -9999 -9999 -9999 -9999 -9999 -9999 -9999 270 269 271 268 271 275 277 279 280 280 275 273 274 275 280 280 281 281 282 281 282 282
245 232 241 238 244 249 250 256 -9999 -9999 260 259 262 263 264 262 265 267 264 266 265 262 260 262 261 269 271 -9999 -9999 -9999 -9999 -9999 -9999 -9999 -9999 -9999 -9999 -9999 -9999 265 266 256 235 255 254 264 263 264 264 261 252 250 259 -9999 -9999 -9999 -9999 -9999 -9999 -9999 -9999 -9999 -9999 -9999 -9999 -9999 268 266 268 269 267 272 275 276 278 279 274 273 272 274 275 280 281 281 281 282 282 281 282
233 206 234 221 225 229 232 238 237 256 246 238 242 248 241 248 248 253 257 259 265 260 246 245 250 268 273 -9999 -9999 -9999 -9999 -9999 -9999 -9999 -9999 -9999 -9999 -9999 -9999 -9999 267 265 256 256 255 263 265 264 265 264 260 249 248 260 -9999 -9999 -9999 -9999 -9999 -9999 -9999 -9999 -9999 -9999 266 266 267 266 267 266 266 273 274 275 277 278 270 271 272 278 279 280 281 281 282 281 281 281 282
204 169 210 221 207 195 217 217 234 253 231 226 230 218 222 222 235 255 266 262 264 257 233 243 266 274 -9999 -9999 -9999 -9999 -9999 -9999 -9999 -9999 -9999 271 -9999 -9999 -9999 -9999 -9999 -9999 265 263 256 262 266 265 266 265 263 259 242 246 257 255 -9999 -9999 -9999 -9999 -9999 -9999 266 266 264 263 265 268 265 264 268 273 274 274 276 276 272 271 277 278 279 280 281 281 281 281 281 280 280
230 192 188 187 190 200 208 209 203 222 224 229 224 212 219 226 252 267 267 269 268 263 254 262 271 -9999 -9999 -9999 -9999 -9999 -9999 -9999 -9999 -9999 -9999 -9999 -9999 -9999 -9999 -9999 -9999 -9999 267 267 265 266 266 264 266 266 265 263 250 241 239 255 260 -9999 -9999 -9999 -9999 264 265 264 263 263 262 266 267 266 270 273 274 274 275 274 274 276 277 279 280 281 281 282 281 281 281 280 280
236 229 224 214 229 223 237 240 228 232 233 240 234 237 236 256 262 269 271 272 273 271 270 272 -9999 -9999 -9999 -9999 -9999 -9999 -9999 -9999 -9999 -9999 -9999 -9999 270 -9999 -9999 -9999 -9999 -9999 264 268 268 268 266 264 262 267 266 265 260 244 223 238 259 -9999 -9999 -9999 -9999 -9999 265 263 264 261 260 264 268 266 267 273 274 275 275 275 275 277 278 280 281 282 282 282 282 282 281 281 281
254 248 243 245 246 249 251 248 249 244 248 253 253 253 260 264 267 270 272 274 275 275 273 -9999 -9999 -9999 -9999 -9999 -9999 -9999 -9999 -9999 -9999 -9999 -9999 -9999 269 268 -9999 -9999 -9999 -9999 -9999 -9999 -9999 268 268 267 266 262 267 265 263 256 240 220 250 258 257 -9999 -9999 -9999 -9999 263 262 262 261 264 266 264 270 274 275 276 277 277 276 278 279 281 282 283 283 283 283 283 282 282 281
266 264 257 255 256 255 257 256 257 254 258 259 260 264 266 266 269 272 273 -9999 -9999 -9999 -9999 -9999 -9999 -9999 -9999 -9999 -9999 -9999 -9999 -9999 -9999 -9999 269 -9999 270 -9999 -9999 -9999 -9999 -9999 -9999 -9999 -9999 -9999 265 267 269 264 268 266 265 262 245 214 223 251 259 -9999 -9999 -9999 -9999 262 259 259 262 263 262 266 272 274 275 276 277 277 277 279 280 280 282 283 283 284 284 284 283 283 283
268 267 268 263 258 260 257 260 259 259 262 264 266 268 268 268 271 273 -9999 -9999 -9999 -9999 -9999 -9999 -9999 -9999 -9999 -9999 -9999 -9999 -9999 -9999 -9999 -9999 -9999 -9999 -9999 -9999 -9999 -9999 -9999 -9999 -9999 -9999 -9999 265 263 262 269 269 268 268 266 264 243 224 203 235 258 264 -9999 -9999 -9999 260 256 258 260 258 263 268 273 274 274 275 274 276 277 279 280 281 282 282 282 284 284 285 285 285 283
-9999 -9999 -9999 265 258 257 257 264 263 261 263 265 266 268 269 270 272 274 -9999 -9999 -9999 -9999 -9999 -9999 -9999 -9999 -9999 -9999 -9999 -9999 -9999 -9999 -9999 -9999 -9999 -9999 -9999 -9999 -9999 -9999 -9999 -9999 -9999 -9999 -9999 264 260 262 268 269 269 268 267 263 250 220 204 221 256 265 265 265 -9999 264 260 253 257 255 262 268 272 270 272 269 272 274 278 279 280 281 282 281 283 284 285 286 286 285 283
-9999 -9999 -9999 269 268 263 260 265 266 264 266 268 267 268 269 271 272 275 -9999 -9999 -9999 -9999 -9999 -9999 -9999 -9999 -9999 -9999 -9999 -9999 -9999 -9999 -9999 -9999 -9999 -9999 -9999 -9999 -9999 -9999 -9999 -9999 -9999 263 267 266 257 261 264 269 268 259 266 265 257 240 222 224 259 266 266 266 -9999 266 265 256 251 258 261 266 268 250 258 266 274 275 278 278 279 281 282 282 284 285 287 288 288 286 278
-9999 -9999 -9999 -9999 -9999 265 258 262 267 267 267 269 267 264 267 270 273 275 277 277 -9999 -9999 -9999 -9999 -9999 -9999 -9999 -9999 -9999 -9999 -9999 -9999 -9999 -9999 -9999 -9999 -9999 -9999 -9999 -9999 -9999 -9999 -9999 248 257 267 261 258 263 267 261 232 261 264 263 255 238 240 257 267 267 -9999 -9999 268 266 247 243 254 264 261 249 228 246 265 274 275 278 279 280 281 282 284 285 286 288 289 289 287 271
-9999 -9999 -9999 -9999 -9999 261 257 257 264 268 269 269 264 259 263 269 272 275 273 280 -9999 -9999 -9999 -9999 -9999 -9999 -9999 -9999 -9999 -9999 -9999 -9999 -9999 -9999 -9999 -9999 -9999 -9999 -9999 -9999 -9999 -9999 -9999 -9999 246 259 262 259 260 264 254 225 248 262 263 261 252 250 263 268 268 268 268 268 267 249 238 254 264 259 249 246 253 271 273 276 277 279 280 281 283 284 285 287 289 290 291 284 266
-9999 -9999 -9999 -9999 -9999 263 258 260 264 268 -9999 267 263 255 251 259 268 273 272 273 275 276 -9999 -9999 -9999 -9999 -9999 -9999 -9999 -9999 -9999 -9999 -9999 -9999 -9999 -9999 -9999 -9999 -9999 -9999 -9999 -9999 -9999 -9999 232 243 237 262 247 256 245 216 235 260 259 258 264 261 268 269 269 269 270 270 268 257 245 259 260 260 251 259 259 272 273 275 274 276 279 281 283 284 285 288 290 291 292 288 271
-9999 -9999 -9999 -9999 -9999 -9999 261 261 266 267 -9999 269 267 247 239 251 265 271 265 267 272 275 275 -9999 -9999 -9999 -9999 -9999 -9999 -9999 -9999 -9999 -9999 -9999 -9999 -9999 -9999 -9999 -9999 -9999 -9999 -9999 -9999 -9999 255 230 217 245 244 254 244 212 232 257 254 260 268 269 269 269 270 270 271 271 269 257 229 246 259 264 264 265 261 271 270 265 261 266 278 280 283 283 284 287 289 292 293 289 275
-9999 -9999 -9999 -9999 -9999 -9999 -9999 -9999 -9999 -9999 -9999 -9999 268 253 236 245 262 257 252 259 265 271 273 -9999 -9999 -9999 -9999 -9999 -9999 -9999 -9999 -9999 -9999 -9999 -9999 -9999 -9999 -9999 -9999 -9999 -9999 -9999 -9999 -9999 -9999 255 240 239 222 250 254 233 225 241 250 266 269 270 269 270 271 271 272 272 270 243 230 238 254 260 266 267 260 263 240 235 245 262 275 279 281 280 276 286 289 292 293 290 270
-9999 -9999 258 -9999 -9999 -9999 -9999 -9999 -9999 -9999 -9999 -9999 -9999 252 244 241 266 259 256 257 264 268 269 271 -9999 -9999 -9999 -9999 -9999 -9999 -9999 -9999 -9999 -9999 -9999 -9999 -9999 -9999 -9999 -9999 -9999 -9999 -9999 -9999 -9999 -9999 263 251 223 232 255 250 239 228 248 267 269 270 271 272 271 273 273 273 272 258 221 237 244 255 260 263 259 229 231 232 240 251 261 274 279 269 265 283 288 290 290 289 266
-9999 -9999 256 -9999 -9999 -9999 -9999 -9999 -9999 -9999 -9999 -9999 -9999 266 263 239 268 269 272 274 271 270 270 270 -9999 -9999 -9999 -9999 -9999 -9999 -9999 -9999 -9999 -9999 -9999 -9999 -9999 -9999 -9999 -9999 -9999 -9999 -9999 -9999 -9999 -9999 -9999 257 246 237 248 252 245 243 260 268 269 270 271 272 272 270 274 275 275 269 221 233 237 246 251 252 251 216 213 224 242 244 235 263 274 249 259 273 282 286 286 287 264
-9999 -9999 -9999 263 263 -9999 -9999 -9999 -9999 -9999 -9999 -9999 -9999 269 264 236 235 258 271 275 -9999 -9999 -9999 -9999 -9999 -9999 -9999 -9999 -9999 -9999 -9999 -9999 -9999 -9999 -9999 -9999 -9999 -9999 -9999 -9999 -9999 -9999 -9999 -9999 -9999 -9999 -9999 -9999 241 248 249 254 250 255 262 264 267 271 272 273 272 273 274 275 276 274 250 218 220 216 236 232 227 182 183 204 204 193 220 256 259 243 254 266 274 279 281 284 267
-9999 -9999 260 -9999 -9999 -9999 -9999 -9999 -9999 -9999 -9999 -9999 -9999 262 235 228 247 255 270 -9999 -9999 -9999 -9999 -9999 -9999 -9999 -9999 -9999 -9999 -9999 -9999 -9999 -9999 -9999 -9999 -9999 -9999 -9999 -9999 -9999 -9999 -9999 -9999 -9999 -9999 -9999 -9999 -9999 250 242 259 251 254 249 258 254 263 271 272 274 273 274 275 276 276 275 268 232 190 202 214 218 207 162 161 181 196 191 218 248 237 239 236 251 269 272 273 279 267
-9999 -9999 -9999 -9999 -9999 -9999 -9999 -9999 -9999 -9999 -9999 -9999 -9999 260 263 -9999 -9999 -9999 -9999 -9999 -9999 -9999 -9999 -9999 -9999 -9999 -9999 -9999 -9999 -9999 -9999 -9999 -9999 -9999 -9999 -9999 -9999 -9999 -9999 -9999 -9999 -9999 -9999 -9999 -9999 -9999 -9999 -9999 -9999 252 262 255 247 244 251 257 269 272 272 274 275 275 276 276 276 271 270 250 195 173 184 183 162 157 201 211 211 232 239 236 228 228 219 240 266 263 266 267 271
-9999 -9999 -9999 -9999 -9999 -9999 -9999 -9999 -9999 -9999 -9999 -9999 -9999 -9999 -9999 -9999 -9999 -9999 -9999 -9999 -9999 -9999 -9999 -9999 -9999 -9999 -9999 -9999 -9999 -9999 -9999 -9999 -9999 -9999 -9999 -9999 -9999 -9999 -9999 -9999 -9999 -9999 -9999 -9999 -9999 -9999 -9999 -9999 -9999 -9999 -9999 265 256 256 253 267 271 270 271 275 276 277 277 274 274 261 259 238 190 154 143 152 107 149 202 225 226 215 210 210 219 210 202 238 247 257 261 255 268
-9999 -9999 -9999 -9999 -9999 -9999 -9999 -9999 -9999 -9999 -9999 -9999 -9999 -9999 -9999 -9999 -9999 -9999 -9999 -9999 -9999 -9999 -9999 -9999 -9999 -9999 -9999 -9999 -9999 -9999 -9999 -9999 -9999 -9999 -9999 -9999 -9999 -9999 -9999 -9999 -9999 -9999 -9999 -9999 -9999 -9999 -9999 -9999 -9999 -9999 -9999 -9999 260 262 261 262 269 266 272 275 277 278 279 272 269 248 254 253 225 217 204 167 151 197 236 226 203 189 176 193 214 210 193 236 226 248 246 250 259
-9999 -9999 -9999 -9999 -9999 -9999 -9999 -9999 -9999 -9999 -9999 -9999 -9999 -9999 -9999 -9999 -9999 -9999 -9999 -9999 -9999 -9999 -9999 -9999 -9999 -9999 -9999 -9999 -9999 -9999 -9999 -9999 -9999 -9999 -9999 -9999 -9999 -9999 -9999 -9999 -9999 -9999 -9999 -9999 -9999 -9999 -9999 -9999 -9999 -9999 -9999 -9999 260 255 259 256 264 265 273 275 278 279 279 276 270 249 245 242 225 215 200 193 152 193 223 200 177 140 154 173 202 200 211 207 211 230 242 245 254
-9999 -9999 -9999 -9999 -9999 -9999 -9999 -9999 -9999 -9999 -9999 -9999 -9999 -9999 -9999 -9999 -9999 -9999 -9999 -9999 -9999 -9999 -9999 -9999 -9999 -9999 -9999 -9999 -9999 -9999 -9999 -9999 -9999 -9999 -9999 -9999 -9999 -9999 -9999 -9999 -9999 -9999 -9999 -9999 -9999 -9999 -9999 -9999 -9999 -9999 -9999 -9999 258 252 255 250 257 265 273 275 278 279 279 276 253 242 240 233 201 222 225 207 170 223 203 151 130 121 142 174 199 211 199 197 206 217 228 239 254
-9999 -9999 -9999 -9999 -9999 -9999 -9999 -9999 -9999 -9999 -9999 -9999 -9999 -9999 -9999 -9999 -9999 -9999 -9999 -9999 -9999 -9999 -9999 -9999 -9999 -9999 -9999 -9999 -9999 -9999 -9999 -9999 -9999 -9999 -9999 -9999 -9999 -9999 -9999 -9999 -9999 -9999 -9999 -9999 -9999 -9999 -9999 -9999 -9999 -9999 -9999 -9999 -9999 256 255 251 245 262 270 274 278 279 280 276 254 238 233 231 186 206 216 209 180 237 171 118 131 129 134 162 187 205 218 206 208 215 226 237 250
-9999 -9999 -9999 -9999 -9999 -9999 -9999 -9999 -9999 -9999 -9999 -9999 -9999 -9999 -9999 -9999 -9999 -9999 -9999 -9999 -9999 -9999 -9999 -9999 -9999 -9999 -9999 -9999 -9999 -9999 -9999 -9999 -9999 -9999 -9999 -9999 -9999 -9999 -9999 -9999 -9999 -9999 -9999 -9999 -9999 -9999 -9999 -9999 -9999 -9999 -9999 -9999 -9999 -9999 264 252 255 266 270 273 277 279 278 277 248 234 241 243 197 177 190 186 177 230 217 127 134 141 139 150 185 199 224 210 213 219 225 237 251
-9999 -9999 -9999 -9999 -9999 -9999 -9999 -9999 -9999 -9999 -9999 -9999 -9999 -9999 -9999 -9999 -9999 -9999 -9999 -9999 -9999 -9999 -9999 -9999 -9999 -9999 -9999 -9999 -9999 -9999 -9999 -9999 -9999 -9999 -9999 -9999 -9999 -9999 -9999 -9999 -9999 -9999 -9999 -9999 -9999 -9999 -9999 -9999 -9999 -9999 -9999 -9999 -9999 -9999 -9999 259 260 266 268 272 275 276 277 276 262 246 251 247 203 156 150 159 175 221 237 147 134 157 153 154 176 206 219 209 214 221 226 235 256
-9999 -9999 -9999 -9999 -9999 -9999 -9999 -9999 -9999 -9999 -9999 -9999 -9999 -9999 -9999 -9999 -9999 -9999 -9999 -9999 -9999 -9999 -9999 -9999 -9999 -9999 -9999 -9999 -9999 -9999 -9999 -9999 -9999 -9999 -9999 -9999 -9999 -9999 -9999 -9999 -9999 -9999 -9999 -9999 -9999 -9999 -9999 -9999 -9999 -9999 -9999 -9999 -9999 -9999 -9999 -9999 254 258 264 269 272 274 275 272 261 254 258 252 218 163 144 134 182 233 263 200 143 162 164 174 204 216 206 216 224 226 230 238 253
