bio_clim/bio_12.asc
ncols         156
nrows         252
xllcorner     -82
yllcorner     -8
cellsize      0.083333337679505
NODATA_value  -9999
[rows 148 to 184 of 252, columns 0 to 81 of 156]
-9999 -9999 -9999 -9999 -9999 -9999 -9999 -9999 -9999 -9999 -9999 -9999 -9999 -9999 -9999 -9999 -9999 -9999 -9999 -9999 -9999 -9999 -9999 -9999 1822 1677 1569 1630 1730 1824 1991 2172 2372 2565 2670 2730 2685 2535 2435 2340 2196 1921 1711 1434 1292 1023 916 906 905 950 979 1127 1266 1273 1326 1640 1741 2535 3176 3382 3476 3432 3430 3522 3571 3663 3816 3878 3903 3860 3794 3719 3642 3533 3423 3310 3198 3093 2997 2901 2801 2738
-9999 -9999 -9999 -9999 -9999 -9999 -9999 -9999 -9999 -9999 -9999 -9999 -9999 -9999 -9999 -9999 -9999 -9999 -9999 -9999 -9999 -9999 -9999 -9999 1874 1788 1717 1779 1883 2002 2139 2354 2568 2656 2702 2672 2517 2454 2405 2196 2034 1731 1318 1263 1139 891 720 688 819 868 958 1137 1338 1266 1441 1601 2383 3012 3063 3249 3348 3361 3402 3512 3600 3733 3833 3842 3816 3788 3723 3640 3553 3459 3366 3258 3154 3049 2955 2880 2810 2752
-9999 -9999 -9999 -9999 -9999 -9999 -9999 -9999 -9999 -9999 -9999 -9999 -9999 -9999 -9999 -9999 -9999 -9999 -9999 -9999 -9999 -9999 -9999 1664 1729 1755 1810 1981 2047 2145 2273 2407 2595 2707 2752 2693 2476 2573 2402 2186 1839 1729 1293 1321 1220 795 560 556 638 851 1055 1040 1190 1403 1522 2029 2840 2841 2926 3124 3195 3269 3376 3505 3625 3745 3798 3774 3724 3682 3627 3562 3489 3397 3297 3204 3111 3022 2930 2858 2804 2762
-9999 -9999 -9999 -9999 -9999 -9999 -9999 -9999 -9999 -9999 -9999 -9999 -9999 -9999 -9999 -9999 -9999 -9999 -9999 -9999 -9999 -9999 -9999 -9999 1575 1685 1879 2079 2133 2169 2307 2473 2633 2769 2825 2758 2557 2528 2257 2031 1673 1671 1420 1311 1040 769 627 764 679 880 1095 1080 1272 1661 1813 2655 2830 2844 2909 3033 3151 3234 3357 3491 3591 3678 3705 3704 3662 3603 3536 3474 3412 3335 3241 3149 3056 2977 2907 2846 2798 2772
-9999 -9999 -9999 -9999 -9999 -9999 -9999 -9999 -9999 -9999 -9999 -9999 -9999 -9999 -9999 -9999 -9999 -9999 -9999 -9999 -9999 -9999 -9999 -9999 1413 1573 1890 2078 2055 2195 2335 2501 2684 2863 3014 2926 2535 2476 2319 2094 1809 1519 1315 1197 990 955 831 1033 907 1004 1078 1301 1596 2268 2823 2888 2841 2873 2969 3064 3160 3249 3358 3475 3569 3638 3660 3642 3592 3548 3476 3394 3336 3271 3181 3097 3016 2939 2873 2820 2785 2775
-9999 -9999 -9999 -9999 -9999 -9999 -9999 -9999 -9999 -9999 -9999 -9999 -9999 -9999 -9999 -9999 -9999 -9999 -9999 -9999 -9999 -9999 -9999 -9999 -9999 1546 1880 1952 2038 2182 2350 2504 2694 3029 3346 3259 2628 2051 2184 2011 1817 1392 1220 1102 1035 994 1026 1129 1113 1064 1029 1500 2686 2882 2718 2964 2990 2936 3079 3183 3269 3344 3432 3524 3559 3583 3586 3553 3506 3455 3412 3335 3253 3202 3126 3058 2980 2912 2846 2794 2762 2750
-9999 -9999 -9999 -9999 -9999 -9999 -9999 -9999 -9999 -9999 -9999 -9999 -9999 -9999 -9999 -9999 -9999 -9999 -9999 -9999 -9999 -9999 -9999 1040 1244 1582 1881 1929 2033 2179 2398 2590 2814 3054 3644 3557 2692 2635 2426 2143 1778 1331 1008 888 1246 1101 1034 1081 1184 1101 1156 1684 2437 3576 2809 3160 3303 3075 3164 3274 3371 3450 3523 3564 3578 3564 3568 3527 3476 3412 3351 3279 3196 3116 3059 3001 2934 2870 2810 2763 2731 2725
-9999 -9999 -9999 -9999 -9999 -9999 -9999 -9999 -9999 -9999 -9999 -9999 -9999 -9999 -9999 -9999 -9999 -9999 -9999 -9999 -9999 -9999 -9999 1005 1327 1506 1782 1954 2019 2207 2442 2721 3058 3390 3821 3511 3048 3050 2470 2049 1538 1211 955 804 873 861 910 1416 1432 1136 1181 1425 2574 3646 3459 2972 3160 3118 3254 3387 3495 3551 3570 3561 3558 3545 3528 3482 3407 3345 3308 3244 3166 3080 3009 2939 2875 2821 2763 2718 2691 2695
-9999 -9999 -9999 -9999 -9999 -9999 -9999 -9999 -9999 -9999 -9999 -9999 -9999 -9999 -9999 -9999 -9999 -9999 -9999 -9999 -9999 -9999 872 1049 1260 1558 1812 1944 2070 2253 2529 2831 3118 3360 3559 3366 3079 2859 2552 1884 1318 1131 914 719 713 1004 1018 1412 1424 1233 1344 1491 2050 3331 3926 3268 3190 3237 3372 3490 3607 3644 3604 3554 3523 3493 3471 3408 3356 3288 3242 3186 3115 3050 2992 2910 2839 2777 2725 2681 2651 2658
-9999 -9999 -9999 -9999 -9999 -9999 -9999 -9999 -9999 -9999 -9999 -9999 -9999 -9999 -9999 -9999 -9999 -9999 -9999 -9999 -9999 744 981 1080 1352 1576 1786 2009 2179 2406 2659 2883 3030 3109 3150 3125 2919 2716 2433 1782 1283 1234 970 778 847 1304 1370 1474 1483 1389 1690 1796 2613 3032 3799 3556 3390 3332 3424 3550 3632 3631 3599 3540 3482 3436 3404 3349 3291 3248 3184 3123 3072 3008 2939 2882 2811 2749 2697 2654 2628 2640
-9999 -9999 -9999 -9999 -9999 -9999 -9999 -9999 -9999 -9999 -9999 -9999 -9999 -9999 -9999 -9999 -9999 -9999 -9999 -9999 617 757 957 1201 1353 1592 1862 2101 2337 2566 2771 2892 2924 2872 2827 2873 2673 2560 2160 1576 1332 1273 1131 981 1086 1355 1400 1351 1348 1392 1770 2773 2622 3217 3884 3918 3318 3349 3422 3533 3587 3571 3538 3484 3423 3381 3347 3300 3253 3197 3147 3087 3022 2977 2918 2856 2800 2738 2689 2653 2635 2649
-9999 -9999 -9999 -9999 -9999 -9999 -9999 -9999 -9999 -9999 -9999 -9999 -9999 -9999 -9999 -9999 -9999 -9999 -9999 541 642 771 889 1109 1366 1607 1891 2151 2365 2573 2771 2846 2833 2741 2693 2566 2393 2420 2043 1501 1328 1348 1340 1263 1184 1311 1373 1429 1395 1594 2330 2618 2574 3327 3876 3604 3287 3312 3386 3487 3510 3496 3462 3428 3372 3316 3287 3251 3218 3173 3117 3055 2996 2934 2879 2835 2781 2722 2680 2661 2654 2672
-9999 -9999 -9999 -9999 -9999 -9999 -9999 -9999 -9999 -9999 -9999 -9999 -9999 -9999 -9999 -9999 -9999 -9999 464 543 653 768 850 1090 1399 1675 1928 2150 2281 2433 2642 2765 2791 2710 2578 2387 2339 2293 2072 1475 1253 1340 1415 1234 1222 1273 1321 1371 1466 1751 2502 2110 2443 3197 4028 3485 3296 3315 3356 3406 3423 3417 3389 3354 3303 3271 3244 3212 3171 3131 3091 3037 2965 2907 2850 2797 2758 2715 2678 2663 2667 2689
-9999 -9999 -9999 -9999 -9999 -9999 -9999 -9999 -9999 -9999 -9999 -9999 -9999 -9999 -9999 -9999 -9999 -9999 461 542 655 851 937 1126 1437 1726 1935 2083 2220 2387 2593 2720 2757 2635 2416 2174 2293 2174 1830 1428 1219 1228 1150 1116 1177 1214 1287 1368 1537 2162 2248 2070 3206 3780 4132 3458 3293 3281 3316 3338 3341 3348 3335 3287 3247 3226 3201 3174 3132 3089 3046 2994 2941 2884 2831 2778 2732 2704 2681 2661 2673 2700
-9999 -9999 -9999 -9999 -9999 -9999 -9999 -9999 -9999 -9999 -9999 -9999 -9999 -9999 -9999 -9999 -9999 -9999 -9999 540 633 778 956 1179 1525 1714 1914 2080 2242 2440 2621 2681 2693 2588 2433 2143 1849 1591 1437 1139 1089 1069 1144 1105 1125 1173 1249 1346 1511 2199 1971 2799 2645 4029 4157 3670 3304 3271 3272 3288 3330 3314 3309 3282 3254 3227 3184 3152 3112 3068 3019 2967 2914 2866 2814 2761 2718 2687 2670 2666 2676 2702
-9999 -9999 -9999 -9999 -9999 -9999 -9999 -9999 -9999 -9999 -9999 -9999 -9999 -9999 -9999 -9999 -9999 -9999 441 534 644 797 969 1184 1465 1700 1891 2059 2216 2411 2571 2630 2656 2680 2416 1874 1431 1233 1001 1054 1059 1076 1083 1076 1090 1144 1219 1336 1570 2416 3166 3934 3992 4271 4015 3617 3336 3241 3231 3278 3299 3288 3294 3275 3236 3198 3153 3120 3086 3046 3003 2953 2902 2846 2791 2744 2703 2671 2665 2670 2682 2708
-9999 -9999 -9999 -9999 -9999 -9999 -9999 -9999 -9999 -9999 -9999 -9999 -9999 -9999 -9999 -9999 -9999 -9999 427 538 622 780 986 1227 1450 1715 1858 2009 2170 2329 2460 2550 2639 2663 2459 2246 1170 956 870 945 850 895 1004 1011 1072 1129 1235 1441 1761 3054 3922 4094 4239 4224 3653 3322 3236 3199 3200 3243 3256 3253 3255 3245 3265 3225 3149 3104 3084 3049 2991 2940 2890 2843 2788 2733 2685 2650 2649 2674 2690 2722
-9999 -9999 -9999 -9999 -9999 -9999 -9999 -9999 -9999 -9999 -9999 -9999 -9999 -9999 -9999 -9999 -9999 -9999 421 576 625 788 1008 1265 1571 1690 1845 1979 2120 2263 2377 2473 2614 2651 2462 1809 1062 816 867 724 644 743 909 954 1029 1095 1260 2131 2481 3684 3958 4051 4129 4179 3497 3209 3148 3162 3210 3229 3240 3245 3253 3248 3205 3180 3154 3129 3087 3043 2989 2938 2885 2833 2785 2734 2686 2640 2645 2687 2704 2734
-9999 -9999 -9999 -9999 -9999 -9999 -9999 -9999 -9999 -9999 -9999 -9999 -9999 -9999 -9999 -9999 -9999 310 397 531 679 819 1065 1315 1543 1709 1812 1940 2072 2200 2312 2435 2619 2669 2454 1892 876 803 841 694 545 691 856 921 1017 1101 1319 2740 3050 3878 4017 4028 4167 4222 3370 3167 3136 3165 3212 3226 3240 3252 3238 3212 3206 3193 3179 3128 3061 3017 2975 2925 2878 2833 2786 2746 2706 2678 2693 2726 2727 2739
-9999 -9999 -9999 -9999 -9999 -9999 -9999 -9999 -9999 -9999 -9999 -9999 -9999 -9999 196 204 250 323 417 591 861 1038 1335 1409 1597 1673 1766 1888 2004 2127 2242 2382 2558 2592 2376 1649 847 796 798 591 517 685 862 929 1014 1113 1435 3102 3280 4083 4155 4054 4017 3693 3338 3242 3212 3209 3222 3249 3260 3262 3245 3196 3214 3171 3207 3153 3075 3015 2974 2924 2877 2833 2791 2760 2735 2725 2736 2751 2736 2731
-9999 -9999 -9999 -9999 -9999 -9999 -9999 -9999 -9999 -9999 -9999 -9999 -9999 231 277 299 332 398 455 626 885 1190 1501 1695 1601 1593 1685 1800 1919 2039 2157 2293 2397 2305 2249 1434 820 764 783 601 530 595 850 979 1089 1325 2258 3173 3910 4188 4113 3931 3719 3538 3447 3353 3282 3254 3230 3220 3215 3204 3217 3194 3164 3137 3173 3159 3093 3035 2987 2934 2894 2848 2806 2768 2747 2734 2744 2753 2735 2723
-9999 -9999 -9999 -9999 -9999 -9999 -9999 -9999 -9999 -9999 -9999 -9999 -9999 233 277 302 368 418 504 700 1029 1273 1464 1565 1481 1515 1613 1727 1842 1940 2053 2196 2329 2253 2291 1625 845 772 756 757 595 597 862 1019 1093 1179 2098 2730 4103 4243 4124 3923 3722 3603 3515 3378 3295 3280 3279 3248 3225 3208 3201 3169 3151 3126 3152 3143 3103 3042 3003 2944 2895 2848 2817 2784 2755 2738 2740 2737 2726 2719
-9999 -9999 -9999 -9999 -9999 -9999 -9999 -9999 -9999 -9999 -9999 -9999 -9999 -9999 252 303 419 513 571 748 1081 1265 1348 1361 1383 1447 1553 1676 1793 1889 1995 2135 2249 2206 1963 1566 853 765 794 721 566 599 875 1003 1108 1200 1553 3062 4229 4292 4195 3967 3796 3696 3590 3452 3370 3308 3275 3311 3292 3256 3214 3172 3147 3118 3103 3084 3067 3014 2980 2938 2903 2860 2810 2782 2757 2740 2733 2721 2695 2699
-9999 -9999 -9999 -9999 -9999 -9999 -9999 -9999 -9999 -9999 -9999 -9999 -9999 -9999 -9999 333 547 643 806 1014 1239 1370 1372 1339 1323 1368 1495 1646 1794 1911 2019 2126 2066 2053 1856 971 851 798 784 625 555 643 839 989 1153 1574 1576 3547 4319 4377 4365 4147 3868 3648 3562 3518 3422 3346 3301 3262 3283 3271 3235 3191 3163 3121 3095 3069 3036 2998 2960 2921 2892 2855 2831 2794 2754 2728 2713 2702 2676 2667
-9999 -9999 -9999 -9999 -9999 -9999 -9999 -9999 -9999 -9999 -9999 -9999 -9999 -9999 -9999 351 491 833 1069 1209 1292 1351 1343 1303 1274 1299 1444 1629 1825 1958 2052 2077 1943 1960 1485 943 737 791 726 792 631 740 927 1183 1470 2507 2254 3972 4397 4470 4475 4359 3991 3901 3697 3553 3474 3399 3332 3285 3252 3278 3245 3198 3169 3153 3134 3092 3057 3026 2982 2940 2892 2851 2822 2808 2753 2713 2694 2676 2652 2637
-9999 -9999 -9999 -9999 -9999 -9999 -9999 -9999 -9999 -9999 -9999 -9999 -9999 -9999 -9999 423 551 876 1063 1162 1251 1330 1290 1260 1249 1291 1411 1587 1804 1952 2056 2140 2043 1892 1550 940 853 661 697 839 821 827 867 1069 1306 2564 3539 4075 4453 4441 4424 4139 4044 3798 3648 3570 3510 3417 3370 3319 3281 3243 3211 3189 3162 3145 3119 3089 3060 3023 2982 2938 2897 2864 2821 2777 2752 2713 2675 2647 2625 2608
-9999 -9999 -9999 -9999 -9999 -9999 -9999 -9999 -9999 -9999 -9999 -9999 -9999 -9999 288 442 619 860 952 1040 1165 1186 1193 1196 1209 1252 1350 1495 1684 1858 1996 2120 1930 1766 1465 918 873 739 822 809 826 761 966 1155 1226 2274 3587 4308 4398 4343 4113 3979 4021 3881 3707 3591 3543 3502 3427 3356 3300 3281 3247 3210 3163 3127 3101 3077 3048 3016 2984 2943 2903 2860 2819 2786 2742 2699 2664 2628 2601 2581
-9999 -9999 -9999 -9999 -9999 -9999 -9999 -9999 -9999 -9999 -9999 -9999 -9999 -9999 298 467 633 804 856 972 1058 1078 1084 1084 1111 1177 1272 1405 1576 1754 1915 2108 2148 1741 1298 928 875 791 827 670 570 779 919 1097 1322 2364 3751 4115 4209 4308 4077 3867 3754 3808 3755 3608 3507 3462 3410 3341 3282 3251 3217 3195 3177 3141 3112 3080 3042 3009 2974 2934 2897 2858 2818 2780 2747 2712 2669 2634 2600 2579
-9999 -9999 -9999 -9999 -9999 -9999 -9999 -9999 -9999 -9999 -9999 -9999 -9999 -9999 327 422 592 771 852 923 992 1010 994 978 1005 1101 1199 1307 1472 1669 1831 1997 2178 1582 1182 931 898 688 885 832 631 866 830 1085 1386 2036 3438 3931 4049 4108 4002 3852 3680 3644 3594 3539 3489 3415 3378 3374 3328 3278 3220 3181 3146 3120 3102 3082 3051 3021 2985 2953 2914 2871 2837 2799 2765 2755 2703 2659 2636 2621
-9999 -9999 -9999 -9999 -9999 -9999 -9999 -9999 -9999 -9999 -9999 -9999 -9999 -9999 -9999 366 557 763 787 786 834 890 923 926 974 1057 1147 1232 1399 1615 1741 1884 2073 1603 1181 973 926 792 819 940 855 887 847 1219 1680 2390 3158 3719 3884 3920 3899 3697 3649 3628 3537 3468 3438 3420 3370 3305 3296 3242 3203 3183 3152 3119 3085 3075 3049 3021 2982 2957 2920 2885 2849 2812 2778 2741 2729 2683 2669 2659
-9999 -9999 -9999 -9999 -9999 -9999 -9999 -9999 -9999 -9999 -9999 -9999 -9999 -9999 -9999 309 350 642 752 759 793 841 873 869 910 999 1105 1210 1355 1529 1659 1796 1951 1506 1128 978 894 778 782 829 879 886 862 1062 1601 2429 3093 3516 3695 3719 3729 3627 3531 3508 3470 3415 3370 3349 3325 3297 3257 3220 3177 3152 3138 3118 3081 3059 3038 3007 2976 2954 2924 2878 2852 2811 2779 2747 2728 2701 2690 2685
-9999 -9999 -9999 -9999 -9999 -9999 -9999 -9999 -9999 -9999 -9999 -9999 -9999 -9999 -9999 259 282 428 685 803 806 834 862 781 806 930 1057 1166 1289 1437 1583 1724 1865 1803 1225 1024 892 747 655 749 760 725 865 1304 1730 2410 2934 3343 3509 3583 3599 3503 3474 3415 3381 3365 3320 3284 3259 3240 3238 3222 3198 3145 3120 3093 3076 3056 3030 3003 2971 2949 2925 2889 2848 2820 2787 2758 2737 2721 2713 2723
-9999 -9999 -9999 -9999 -9999 -9999 -9999 -9999 -9999 -9999 -9999 -9999 -9999 -9999 -9999 241 294 406 577 749 862 898 909 784 809 920 1019 1108 1214 1359 1523 1673 1819 1871 1002 1115 1038 711 680 621 683 635 808 1153 1884 2404 2893 3200 3335 3463 3506 3382 3359 3324 3282 3265 3248 3225 3206 3183 3176 3183 3166 3111 3106 3080 3054 3039 3024 3008 2977 2943 2926 2897 2854 2821 2791 2767 2757 2748 2746 2737
-9999 -9999 -9999 -9999 -9999 -9999 -9999 -9999 -9999 -9999 -9999 -9999 -9999 -9999 -9999 223 295 422 609 734 826 878 934 910 872 935 985 1053 1152 1305 1475 1648 1824 2036 1540 1550 900 684 653 582 600 698 969 1763 2132 2643 2922 3079 3209 3310 3378 3248 3241 3221 3164 3150 3151 3144 3137 3133 3139 3127 3130 3106 3088 3077 3053 3038 3022 2993 2967 2935 2915 2890 2862 2826 2803 2779 2764 2754 2760 2773
-9999 -9999 -9999 -9999 -9999 -9999 -9999 -9999 -9999 -9999 -9999 -9999 129 155 173 216 284 397 524 642 721 750 749 747 764 815 891 981 1121 1298 1479 1651 1840 2048 2228 1304 689 644 644 578 522 708 1337 1957 2319 2697 2820 2928 3098 3284 3394 3104 3141 3105 3060 3058 3053 3064 3062 3055 3078 3079 3079 3083 3082 3081 3051 3040 3017 3001 2976 2934 2903 2879 2849 2826 2802 2779 2767 2760 2762 2787
-9999 -9999 -9999 -9999 -9999 -9999 -9999 -9999 -9999 -9999 -9999 -9999 -9999 151 172 217 299 405 503 594 637 657 671 670 653 682 793 910 1094 1318 1533 1690 1843 2027 1804 1205 903 681 654 619 587 728 1344 2033 2440 2700 2644 2901 3108 3407 3247 2964 3034 2999 2946 2961 2974 2975 2983 2992 3011 3020 3031 3028 3037 3047 3048 3041 3015 3000 2962 2932 2888 2856 2837 2810 2799 2784 2769 2767 2769 2787
-9999 -9999 -9999 -9999 -9999 -9999 -9999 -9999 -9999 -9999 -9999 -9999 -9999 -9999 182 224 298 401 479 563 576 580 603 619 633 673 768 935 1113 1330 1574 1714 1865 1743 1023 798 703 679 658 663 685 942 1447 2009 2598 2623 2424 2963 2946 3323 3207 2826 2864 2912 2854 2875 2890 2908 2923 2927 2946 2966 2990 2991 2990 3009 3008 3019 3019 2994 2959 2924 2882 2837 2809 2796 2783 2769 2764 2759 2768 2784
