bio_clim/bio_8.asc
ncols         156
nrows         252
xllcorner     -82
yllcorner     -8
cellsize      0.083333337679505
NODATA_value  -9999
[rows 117 to 155 of 252, columns 0 to 88 of 156]
-9999 -9999 -9999 -9999 -9999 -9999 -9999 -9999 -9999 -9999 -9999 -9999 -9999 -9999 -9999 -9999 -9999 -9999 -9999 -9999 -9999 -9999 -9999 -9999 -9999 -9999 -9999 -9999 -9999 -9999 -9999 -9999 -9999 -9999 -9999 -9999 -9999 -9999 -9999 -9999 -9999 -9999 -9999 -9999 -9999 -9999 -9999 -9999 -9999 -9999 -9999 -9999 -9999 259 260 261 260 260 258 231 217 215 157 179 219 240 242 242 241 211 112 71 102 152 150 166 212 195 216 226 266 267 262 250 211 197 161 154 191
-9999 -9999 -9999 -9999 -9999 -9999 -9999 -9999 -9999 -9999 -9999 -9999 -9999 -9999 -9999 -9999 -9999 -9999 -9999 -9999 -9999 -9999 -9999 -9999 -9999 -9999 -9999 -9999 -9999 -9999 -9999 -9999 -9999 -9999 -9999 -9999 -9999 -9999 -9999 -9999 -9999 -9999 -9999 -9999 -9999 -9999 -9999 -9999 -9999 -9999 -9999 -9999 -9999 260 260 261 262 261 249 222 244 219 173 213 228 234 234 235 220 185 93 63 79 107 125 166 185 188 217 242 267 265 260 238 177 169 147 178 221
-9999 -9999 -9999 -9999 -9999 -9999 -9999 -9999 -9999 -9999 -9999 -9999 -9999 -9999 -9999 -9999 -9999 -9999 -9999 -9999 -9999 -9999 -9999 -9999 -9999 -9999 -9999 -9999 -9999 -9999 -9999 -9999 -9999 -9999 -9999 -9999 -9999 -9999 -9999 -9999 -9999 -9999 -9999 -9999 -9999 -9999 -9999 -9999 -9999 -9999 -9999 -9999 260 261 261 261 261 261 249 213 211 204 176 211 228 231 231 220 196 159 75 61 83 126 158 167 143 165 225 255 265 262 246 215 176 152 155 171 180
-9999 -9999 -9999 -9999 -9999 -9999 -9999 -9999 -9999 -9999 -9999 -9999 -9999 -9999 -9999 -9999 -9999 -9999 -9999 -9999 -9999 -9999 -9999 -9999 -9999 -9999 -9999 -9999 -9999 -9999 -9999 -9999 -9999 -9999 -9999 -9999 -9999 -9999 -9999 -9999 -9999 -9999 -9999 -9999 -9999 -9999 -9999 -9999 -9999 -9999 -9999 -9999 261 260 261 263 262 260 250 246 206 150 172 209 211 215 205 183 189 129 79 49 78 104 125 128 172 200 241 259 264 256 237 198 157 129 119 150 184
-9999 -9999 -9999 -9999 -9999 -9999 -9999 -9999 -9999 -9999 -9999 -9999 -9999 -9999 -9999 -9999 -9999 -9999 -9999 -9999 -9999 -9999 -9999 -9999 -9999 -9999 -9999 -9999 -9999 -9999 -9999 -9999 -9999 -9999 -9999 -9999 -9999 -9999 -9999 -9999 -9999 -9999 -9999 -9999 -9999 -9999 -9999 -9999 -9999 -9999 -9999 -9999 262 262 262 261 262 262 255 252 217 153 173 205 203 204 187 163 148 90 87 92 114 78 101 123 161 218 245 256 263 249 213 157 130 129 131 151 199
-9999 -9999 -9999 -9999 -9999 -9999 -9999 -9999 -9999 -9999 -9999 -9999 -9999 -9999 -9999 -9999 -9999 -9999 -9999 -9999 -9999 -9999 -9999 -9999 -9999 -9999 -9999 -9999 -9999 -9999 -9999 -9999 -9999 -9999 -9999 -9999 -9999 -9999 -9999 -9999 -9999 -9999 -9999 -9999 -9999 -9999 -9999 -9999 -9999 -9999 -9999 -9999 261 262 262 261 259 251 249 242 190 158 169 204 190 192 175 138 112 91 113 151 141 95 136 147 167 228 234 250 256 216 168 150 152 170 148 182 179
-9999 -9999 -9999 -9999 -9999 -9999 -9999 -9999 -9999 -9999 -9999 -9999 -9999 -9999 -9999 -9999 -9999 -9999 -9999 -9999 -9999 -9999 -9999 -9999 -9999 -9999 -9999 -9999 -9999 -9999 -9999 -9999 -9999 -9999 -9999 -9999 -9999 -9999 -9999 -9999 -9999 -9999 -9999 -9999 -9999 -9999 -9999 -9999 -9999 -9999 262 263 263 262 261 259 240 248 245 220 197 146 183 195 186 178 155 124 87 88 126 166 167 132 171 161 207 238 249 257 244 166 143 149 171 197 190 205 179
-9999 -9999 -9999 -9999 -9999 -9999 -9999 -9999 -9999 -9999 -9999 -9999 -9999 -9999 -9999 -9999 -9999 -9999 -9999 -9999 -9999 -9999 -9999 -9999 -9999 -9999 -9999 -9999 -9999 -9999 -9999 -9999 -9999 -9999 -9999 -9999 -9999 -9999 -9999 -9999 -9999 -9999 -9999 259 259 259 260 260 261 262 262 262 262 263 258 250 228 230 242 226 187 154 185 181 179 172 144 123 85 79 106 163 178 173 193 204 231 247 251 251 211 169 143 130 158 187 220 223 196
-9999 -9999 -9999 -9999 -9999 -9999 -9999 -9999 -9999 -9999 -9999 -9999 -9999 -9999 -9999 -9999 -9999 -9999 -9999 -9999 -9999 -9999 -9999 -9999 -9999 -9999 -9999 -9999 -9999 -9999 -9999 -9999 -9999 -9999 -9999 -9999 -9999 -9999 -9999 -9999 -9999 -9999 259 259 259 260 260 260 261 261 262 262 264 255 245 226 189 231 207 214 163 169 185 184 178 171 149 114 86 82 142 187 198 200 197 228 227 241 236 219 208 143 138 155 183 214 232 228 240
-9999 -9999 -9999 -9999 -9999 -9999 -9999 -9999 -9999 -9999 -9999 -9999 -9999 -9999 -9999 -9999 -9999 -9999 -9999 -9999 -9999 -9999 -9999 -9999 -9999 -9999 -9999 -9999 -9999 -9999 -9999 -9999 -9999 -9999 -9999 -9999 -9999 -9999 -9999 -9999 -9999 260 261 261 262 262 260 261 261 261 262 264 263 245 214 184 185 215 198 194 154 179 180 179 175 165 140 95 89 89 125 169 191 216 220 233 235 237 198 193 166 137 154 180 216 235 237 244 251
-9999 -9999 -9999 -9999 -9999 -9999 -9999 -9999 -9999 -9999 -9999 -9999 -9999 -9999 -9999 -9999 -9999 -9999 -9999 -9999 -9999 -9999 -9999 -9999 -9999 -9999 -9999 -9999 -9999 -9999 -9999 -9999 -9999 -9999 -9999 -9999 -9999 -9999 -9999 -9999 -9999 260 261 261 262 262 262 262 262 262 263 262 259 232 154 125 168 194 151 169 190 216 201 174 165 142 118 72 76 90 129 153 183 205 195 212 228 225 183 135 130 160 186 202 229 242 249 250 253
-9999 -9999 -9999 -9999 -9999 -9999 -9999 -9999 -9999 -9999 -9999 -9999 -9999 -9999 -9999 -9999 -9999 -9999 -9999 -9999 -9999 -9999 -9999 -9999 -9999 -9999 -9999 -9999 -9999 -9999 -9999 -9999 -9999 -9999 -9999 -9999 -9999 -9999 -9999 -9999 260 260 260 261 261 261 262 262 262 262 262 262 247 217 154 116 165 171 149 193 228 232 204 179 147 112 86 46 87 128 151 175 192 176 206 230 236 213 152 111 158 177 209 203 228 241 246 250 252
-9999 -9999 -9999 -9999 -9999 -9999 -9999 -9999 -9999 -9999 -9999 -9999 -9999 -9999 -9999 -9999 -9999 -9999 -9999 -9999 -9999 -9999 -9999 -9999 -9999 -9999 -9999 -9999 -9999 -9999 -9999 -9999 -9999 -9999 -9999 -9999 -9999 -9999 -9999 -9999 260 260 260 261 261 261 262 261 261 261 261 261 243 199 181 146 144 146 185 235 235 224 208 163 129 92 96 83 113 136 155 180 179 185 229 236 232 196 133 130 176 200 219 206 226 240 250 252 252
-9999 -9999 -9999 -9999 -9999 -9999 -9999 -9999 -9999 -9999 -9999 -9999 -9999 -9999 -9999 -9999 -9999 -9999 -9999 -9999 -9999 -9999 -9999 -9999 -9999 -9999 -9999 -9999 -9999 -9999 -9999 -9999 -9999 -9999 -9999 -9999 -9999 -9999 -9999 -9999 260 260 260 261 261 261 261 261 260 260 262 256 241 223 215 178 124 167 218 248 232 209 187 148 87 77 87 106 130 151 150 161 161 210 232 230 209 163 120 163 204 219 214 194 228 250 252 253 250
-9999 -9999 -9999 -9999 -9999 -9999 -9999 -9999 -9999 -9999 -9999 -9999 -9999 -9999 -9999 -9999 -9999 -9999 -9999 -9999 -9999 -9999 -9999 -9999 -9999 -9999 -9999 -9999 -9999 -9999 -9999 -9999 -9999 -9999 -9999 -9999 -9999 -9999 -9999 -9999 260 259 261 261 261 261 261 261 260 259 259 240 227 235 212 162 174 208 248 247 220 168 145 106 93 91 106 129 153 167 171 178 209 223 222 210 172 158 168 174 209 216 225 231 249 252 253 251 249
-9999 -9999 -9999 -9999 -9999 -9999 -9999 -9999 -9999 -9999 -9999 -9999 -9999 -9999 -9999 -9999 -9999 -9999 -9999 -9999 -9999 -9999 -9999 -9999 -9999 -9999 -9999 -9999 -9999 -9999 -9999 -9999 -9999 -9999 -9999 -9999 -9999 -9999 -9999 -9999 -9999 259 260 260 260 261 260 260 258 259 243 233 232 239 207 183 192 244 248 243 217 153 116 94 86 109 143 159 173 177 196 202 200 198 219 196 164 180 196 175 189 220 249 255 253 253 254 252 251
-9999 -9999 -9999 -9999 -9999 -9999 -9999 -9999 -9999 -9999 -9999 -9999 -9999 -9999 -9999 -9999 -9999 -9999 -9999 -9999 -9999 -9999 -9999 -9999 -9999 -9999 -9999 -9999 -9999 -9999 -9999 -9999 -9999 -9999 -9999 -9999 -9999 -9999 -9999 -9999 -9999 260 259 260 261 261 260 259 258 255 244 245 244 241 225 198 231 239 236 231 192 188 147 109 84 83 139 169 181 191 201 204 187 197 208 166 177 211 199 201 213 251 256 255 253 253 254 252 251
-9999 -9999 -9999 -9999 -9999 -9999 -9999 -9999 -9999 -9999 -9999 -9999 -9999 -9999 -9999 -9999 -9999 -9999 -9999 -9999 -9999 -9999 -9999 -9999 -9999 -9999 -9999 -9999 -9999 -9999 -9999 -9999 -9999 -9999 -9999 -9999 -9999 -9999 261 -9999 261 261 260 259 260 260 259 258 256 249 244 239 238 234 210 184 238 231 225 207 173 155 136 109 111 110 126 133 157 181 192 189 192 198 174 171 206 228 220 206 227 254 255 255 254 253 254 253 252
-9999 -9999 -9999 -9999 -9999 -9999 -9999 -9999 -9999 -9999 -9999 -9999 -9999 -9999 -9999 -9999 -9999 -9999 -9999 -9999 -9999 -9999 -9999 -9999 -9999 -9999 -9999 -9999 -9999 -9999 -9999 -9999 -9999 -9999 -9999 -9999 -9999 260 260 260 260 260 259 258 258 259 258 257 255 246 250 222 194 229 209 201 234 223 211 171 139 116 97 115 146 166 128 122 133 168 183 188 190 182 196 200 234 237 229 209 239 254 254 254 254 253 254 253 252
-9999 -9999 -9999 -9999 -9999 -9999 -9999 -9999 -9999 -9999 -9999 -9999 -9999 -9999 -9999 -9999 -9999 -9999 -9999 -9999 -9999 -9999 -9999 -9999 -9999 -9999 -9999 -9999 -9999 -9999 -9999 -9999 -9999 -9999 -9999 -9999 260 260 259 259 259 257 257 255 256 257 255 256 251 250 243 207 160 174 221 222 227 211 193 159 145 88 102 110 150 174 154 140 152 149 160 176 205 223 226 225 247 247 239 210 247 253 253 254 254 253 254 254 253
-9999 -9999 -9999 -9999 -9999 -9999 -9999 -9999 -9999 -9999 -9999 -9999 -9999 -9999 -9999 -9999 -9999 -9999 -9999 -9999 -9999 -9999 -9999 -9999 -9999 -9999 -9999 -9999 -9999 -9999 -9999 -9999 -9999 -9999 -9999 -9999 -9999 260 258 259 258 257 254 252 251 252 247 248 246 245 228 192 145 155 219 219 194 156 151 143 115 88 122 143 187 199 176 170 169 140 151 181 216 241 237 244 252 252 247 244 252 252 253 253 254 253 254 253 253
-9999 -9999 -9999 -9999 -9999 -9999 -9999 -9999 -9999 -9999 -9999 -9999 -9999 -9999 -9999 -9999 -9999 -9999 -9999 -9999 -9999 -9999 -9999 -9999 -9999 -9999 -9999 -9999 -9999 -9999 -9999 -9999 -9999 -9999 -9999 -9999 -9999 -9999 260 259 258 255 252 247 243 241 236 240 233 235 222 191 151 188 204 175 198 184 183 157 103 103 138 195 221 197 202 191 172 172 169 194 225 245 248 254 254 254 254 252 252 252 252 253 254 253 254 253 252
-9999 -9999 -9999 -9999 -9999 -9999 -9999 -9999 -9999 -9999 -9999 -9999 -9999 -9999 -9999 -9999 -9999 -9999 -9999 -9999 -9999 -9999 -9999 -9999 -9999 -9999 -9999 -9999 -9999 -9999 -9999 -9999 -9999 -9999 -9999 -9999 -9999 -9999 261 259 257 256 252 247 239 233 223 225 216 210 214 184 154 182 193 153 173 162 158 155 97 118 138 155 208 227 202 203 176 188 179 214 241 250 251 252 253 253 253 253 252 252 251 251 252 254 253 253 253
-9999 -9999 -9999 -9999 -9999 -9999 -9999 -9999 -9999 -9999 -9999 -9999 -9999 -9999 -9999 -9999 -9999 -9999 -9999 -9999 -9999 -9999 -9999 -9999 -9999 -9999 -9999 -9999 -9999 -9999 -9999 -9999 -9999 -9999 -9999 -9999 264 265 262 258 255 255 252 248 234 225 215 188 186 191 181 156 159 173 174 142 142 124 123 129 113 89 137 156 208 228 223 199 204 210 220 232 249 251 251 251 251 253 252 252 252 252 252 251 251 253 254 253 253
-9999 -9999 -9999 -9999 -9999 -9999 -9999 -9999 -9999 -9999 -9999 -9999 -9999 -9999 -9999 -9999 -9999 -9999 -9999 -9999 -9999 -9999 -9999 -9999 -9999 -9999 -9999 -9999 -9999 -9999 -9999 -9999 -9999 -9999 -9999 264 265 265 262 259 253 251 248 240 238 224 203 191 179 165 139 125 135 151 166 92 126 115 86 110 144 132 159 191 221 211 187 193 225 233 247 250 251 250 251 251 251 252 251 252 251 252 252 251 252 253 255 254 253
-9999 -9999 -9999 -9999 -9999 -9999 -9999 -9999 -9999 -9999 -9999 -9999 -9999 -9999 -9999 -9999 -9999 -9999 -9999 -9999 -9999 -9999 -9999 -9999 -9999 -9999 -9999 -9999 -9999 -9999 -9999 -9999 -9999 -9999 264 264 265 264 262 260 255 245 246 237 227 216 181 189 171 152 118 93 105 128 161 120 114 105 112 128 152 128 120 203 224 219 196 232 244 250 251 251 251 250 250 250 250 251 252 252 251 252 252 251 252 253 254 254 253
-9999 -9999 -9999 -9999 -9999 -9999 -9999 -9999 -9999 -9999 -9999 -9999 -9999 -9999 -9999 -9999 -9999 -9999 -9999 -9999 -9999 -9999 -9999 -9999 -9999 -9999 -9999 -9999 -9999 -9999 256 257 259 259 263 264 264 264 263 260 253 241 239 226 216 205 192 177 163 117 102 103 113 128 162 123 102 102 115 105 126 167 180 212 235 234 241 245 249 250 250 251 250 250 250 250 249 250 251 252 251 252 252 251 251 251 253 254 254
-9999 -9999 -9999 -9999 -9999 -9999 -9999 -9999 -9999 -9999 -9999 -9999 -9999 -9999 -9999 -9999 -9999 -9999 -9999 -9999 -9999 -9999 -9999 -9999 -9999 -9999 -9999 254 256 252 253 255 256 257 262 263 262 262 259 256 246 233 220 200 202 193 181 146 112 75 95 109 104 115 139 90 92 102 112 107 146 172 187 229 241 241 242 248 248 249 249 250 251 250 250 250 250 250 251 251 252 252 251 251 250 252 252 254 253
-9999 -9999 -9999 -9999 -9999 -9999 -9999 -9999 -9999 -9999 -9999 -9999 -9999 -9999 -9999 -9999 -9999 -9999 -9999 -9999 -9999 -9999 -9999 -9999 -9999 -9999 254 253 254 246 250 256 254 256 262 263 263 259 257 247 231 219 222 201 183 171 169 155 88 81 107 112 119 131 109 91 124 99 124 153 190 211 226 240 242 242 241 246 246 248 248 249 249 250 250 251 251 251 251 251 252 252 251 250 251 252 252 254 254
-9999 -9999 -9999 -9999 -9999 -9999 -9999 -9999 -9999 -9999 -9999 -9999 -9999 -9999 -9999 -9999 -9999 -9999 -9999 -9999 -9999 -9999 -9999 252 255 255 249 249 252 252 253 255 252 255 261 261 261 260 251 231 214 196 210 211 208 189 157 117 62 88 110 116 120 116 95 119 160 134 178 199 218 231 241 243 244 244 244 245 245 246 247 248 249 249 250 250 251 251 252 252 252 252 251 251 251 252 253 253 255
-9999 -9999 -9999 -9999 -9999 -9999 -9999 -9999 -9999 -9999 -9999 -9999 -9999 -9999 -9999 -9999 -9999 -9999 -9999 -9999 -9999 -9999 -9999 252 254 252 248 249 245 256 248 254 253 255 257 257 260 256 244 230 208 196 198 186 171 197 160 81 77 75 92 105 101 116 119 115 135 184 204 222 233 241 243 244 244 244 243 245 245 246 247 248 249 249 250 250 250 251 252 252 253 252 252 252 251 253 253 253 254
-9999 -9999 -9999 -9999 -9999 -9999 -9999 -9999 -9999 -9999 -9999 -9999 -9999 -9999 -9999 -9999 -9999 -9999 -9999 -9999 -9999 -9999 -9999 -9999 257 255 246 244 246 258 253 252 252 248 255 258 249 239 230 224 212 192 165 146 148 164 180 110 109 97 120 105 95 117 124 87 163 198 222 227 232 240 243 243 244 243 243 245 245 246 247 248 249 246 247 247 247 247 247 251 253 253 253 252 252 253 254 254 255
-9999 -9999 -9999 -9999 -9999 -9999 -9999 -9999 -9999 -9999 -9999 -9999 -9999 -9999 -9999 -9999 -9999 -9999 -9999 -9999 -9999 -9999 -9999 -9999 258 257 249 248 250 253 256 250 246 250 249 244 233 214 194 206 193 155 112 88 95 143 179 153 127 126 122 95 77 136 109 142 192 222 232 232 236 240 242 243 243 243 243 244 246 246 247 248 246 246 246 247 247 248 248 247 253 254 254 253 253 254 254 255 255
-9999 -9999 -9999 -9999 -9999 -9999 -9999 -9999 -9999 -9999 -9999 -9999 -9999 -9999 -9999 -9999 -9999 -9999 -9999 -9999 -9999 -9999 -9999 258 256 255 246 241 247 252 257 258 255 253 251 243 222 184 170 186 149 151 125 79 82 154 182 184 170 131 95 133 125 166 140 178 215 235 239 238 241 242 242 243 243 243 244 245 247 248 248 249 245 246 247 247 248 247 248 249 249 254 254 255 254 254 255 255 255
-9999 -9999 -9999 -9999 -9999 -9999 -9999 -9999 -9999 -9999 -9999 -9999 -9999 -9999 -9999 -9999 -9999 -9999 -9999 -9999 -9999 -9999 -9999 -9999 257 254 243 240 248 258 259 258 257 256 253 243 210 184 159 156 137 171 157 85 119 159 163 140 157 132 90 132 158 164 172 200 230 236 241 242 242 242 242 243 243 243 245 246 247 248 249 246 246 246 247 247 248 248 248 248 249 249 250 255 255 255 255 256 256
-9999 -9999 -9999 -9999 -9999 -9999 -9999 -9999 -9999 -9999 -9999 -9999 -9999 -9999 -9999 -9999 -9999 -9999 -9999 -9999 -9999 -9999 -9999 -9999 259 256 244 243 254 257 259 258 257 255 250 244 226 202 195 185 181 178 130 101 140 128 137 93 122 105 107 159 175 189 212 220 231 239 241 243 243 243 243 244 244 244 244 245 247 247 249 247 246 246 247 247 248 248 249 249 249 248 248 250 256 255 255 256 256
-9999 -9999 -9999 -9999 -9999 -9999 -9999 -9999 -9999 -9999 -9999 -9999 -9999 -9999 -9999 -9999 -9999 -9999 -9999 -9999 -9999 -9999 -9999 -9999 -9999 253 244 250 254 256 258 259 258 253 246 241 234 225 208 208 200 176 136 126 124 127 106 85 82 95 146 178 205 213 225 225 229 239 239 241 242 243 243 243 244 245 245 247 248 249 246 247 248 247 247 247 247 248 248 248 249 249 249 249 255 256 256 257 256
-9999 -9999 -9999 -9999 -9999 -9999 -9999 -9999 -9999 -9999 -9999 -9999 -9999 -9999 -9999 -9999 -9999 -9999 -9999 -9999 -9999 -9999 -9999 258 254 248 243 251 254 256 255 258 256 254 244 235 228 207 189 191 188 175 170 153 82 99 103 88 77 94 114 181 189 209 227 222 223 237 240 242 242 242 242 243 243 245 244 246 247 249 246 247 248 247 247 248 248 248 248 248 249 250 250 250 250 256 256 257 256
-9999 -9999 -9999 -9999 -9999 -9999 -9999 -9999 -9999 -9999 -9999 -9999 -9999 -9999 -9999 -9999 -9999 -9999 -9999 -9999 -9999 -9999 -9999 254 248 250 248 250 255 255 254 256 254 249 241 232 220 209 185 175 164 147 150 155 129 132 122 51 48 109 141 150 189 203 217 230 230 239 240 241 241 242 243 244 244 244 244 246 248 249 245 246 247 248 249 249 249 249 249 249 250 250 250 251 251 252 257 257 256
