bio_clim/bio_13.asc
ncols         156
nrows         252
xllcorner     -82
yllcorner     -8
cellsize      0.083333337679505
NODATA_value  -9999
[rows 117 to 155 of 252, columns 0 to 88 of 156]
-9999 -9999 -9999 -9999 -9999 -9999 -9999 -9999 -9999 -9999 -9999 -9999 -9999 -9999 -9999 -9999 -9999 -9999 -9999 -9999 -9999 -9999 -9999 -9999 -9999 -9999 -9999 -9999 -9999 -9999 -9999 -9999 -9999 -9999 -9999 -9999 -9999 -9999 -9999 -9999 -9999 -9999 -9999 -9999 -9999 -9999 -9999 -9999 -9999 -9999 -9999 -9999 -9999 813 828 849 847 831 779 482 366 353 322 322 306 237 217 205 219 246 241 270 251 256 276 321 315 343 323 303 228 217 196 183 238 232 201 192 220
-9999 -9999 -9999 -9999 -9999 -9999 -9999 -9999 -9999 -9999 -9999 -9999 -9999 -9999 -9999 -9999 -9999 -9999 -9999 -9999 -9999 -9999 -9999 -9999 -9999 -9999 -9999 -9999 -9999 -9999 -9999 -9999 -9999 -9999 -9999 -9999 -9999 -9999 -9999 -9999 -9999 -9999 -9999 -9999 -9999 -9999 -9999 -9999 -9999 -9999 -9999 -9999 -9999 816 838 880 905 894 671 452 506 376 339 343 294 249 231 232 255 249 238 268 263 240 243 301 324 322 318 268 216 203 193 208 232 217 197 207 223
-9999 -9999 -9999 -9999 -9999 -9999 -9999 -9999 -9999 -9999 -9999 -9999 -9999 -9999 -9999 -9999 -9999 -9999 -9999 -9999 -9999 -9999 -9999 -9999 -9999 -9999 -9999 -9999 -9999 -9999 -9999 -9999 -9999 -9999 -9999 -9999 -9999 -9999 -9999 -9999 -9999 -9999 -9999 -9999 -9999 -9999 -9999 -9999 -9999 -9999 -9999 -9999 783 811 854 914 955 962 709 418 388 371 348 347 304 276 247 250 259 238 243 261 247 235 269 283 270 301 283 234 205 203 209 238 228 208 203 206 209
-9999 -9999 -9999 -9999 -9999 -9999 -9999 -9999 -9999 -9999 -9999 -9999 -9999 -9999 -9999 -9999 -9999 -9999 -9999 -9999 -9999 -9999 -9999 -9999 -9999 -9999 -9999 -9999 -9999 -9999 -9999 -9999 -9999 -9999 -9999 -9999 -9999 -9999 -9999 -9999 -9999 -9999 -9999 -9999 -9999 -9999 -9999 -9999 -9999 -9999 -9999 -9999 764 804 869 941 990 983 705 595 412 373 364 328 310 285 268 267 255 226 234 250 242 216 230 236 271 263 261 222 199 209 217 235 216 197 197 199 211
-9999 -9999 -9999 -9999 -9999 -9999 -9999 -9999 -9999 -9999 -9999 -9999 -9999 -9999 -9999 -9999 -9999 -9999 -9999 -9999 -9999 -9999 -9999 -9999 -9999 -9999 -9999 -9999 -9999 -9999 -9999 -9999 -9999 -9999 -9999 -9999 -9999 -9999 -9999 -9999 -9999 -9999 -9999 -9999 -9999 -9999 -9999 -9999 -9999 -9999 -9999 -9999 760 799 868 921 976 971 780 658 428 389 371 318 296 276 267 261 233 217 215 208 208 234 203 219 258 253 248 231 214 216 223 217 200 199 197 200 212
-9999 -9999 -9999 -9999 -9999 -9999 -9999 -9999 -9999 -9999 -9999 -9999 -9999 -9999 -9999 -9999 -9999 -9999 -9999 -9999 -9999 -9999 -9999 -9999 -9999 -9999 -9999 -9999 -9999 -9999 -9999 -9999 -9999 -9999 -9999 -9999 -9999 -9999 -9999 -9999 -9999 -9999 -9999 -9999 -9999 -9999 -9999 -9999 -9999 -9999 -9999 -9999 763 789 849 872 846 728 649 531 408 403 370 306 281 255 264 241 219 202 201 210 208 199 217 231 231 245 242 241 232 218 219 211 208 208 201 205 209
-9999 -9999 -9999 -9999 -9999 -9999 -9999 -9999 -9999 -9999 -9999 -9999 -9999 -9999 -9999 -9999 -9999 -9999 -9999 -9999 -9999 -9999 -9999 -9999 -9999 -9999 -9999 -9999 -9999 -9999 -9999 -9999 -9999 -9999 -9999 -9999 -9999 -9999 -9999 -9999 -9999 -9999 -9999 -9999 -9999 -9999 -9999 -9999 -9999 -9999 684 735 757 766 781 770 590 609 569 437 393 408 363 309 288 275 271 229 201 190 197 207 208 199 215 224 221 241 243 251 226 208 209 208 206 200 201 207 212
-9999 -9999 -9999 -9999 -9999 -9999 -9999 -9999 -9999 -9999 -9999 -9999 -9999 -9999 -9999 -9999 -9999 -9999 -9999 -9999 -9999 -9999 -9999 -9999 -9999 -9999 -9999 -9999 -9999 -9999 -9999 -9999 -9999 -9999 -9999 -9999 -9999 -9999 -9999 -9999 -9999 -9999 -9999 496 510 521 529 536 544 576 663 734 737 715 684 583 490 483 505 437 418 437 350 317 298 291 265 220 195 212 179 210 195 202 193 210 232 233 233 232 199 210 207 205 202 201 200 211 217
-9999 -9999 -9999 -9999 -9999 -9999 -9999 -9999 -9999 -9999 -9999 -9999 -9999 -9999 -9999 -9999 -9999 -9999 -9999 -9999 -9999 -9999 -9999 -9999 -9999 -9999 -9999 -9999 -9999 -9999 -9999 -9999 -9999 -9999 -9999 -9999 -9999 -9999 -9999 -9999 -9999 -9999 479 492 505 516 523 528 532 554 635 696 691 607 508 478 468 457 446 418 457 425 340 320 302 288 269 207 200 221 187 185 181 185 196 226 220 215 201 180 174 205 208 203 198 196 207 217 245
-9999 -9999 -9999 -9999 -9999 -9999 -9999 -9999 -9999 -9999 -9999 -9999 -9999 -9999 -9999 -9999 -9999 -9999 -9999 -9999 -9999 -9999 -9999 -9999 -9999 -9999 -9999 -9999 -9999 -9999 -9999 -9999 -9999 -9999 -9999 -9999 -9999 -9999 -9999 -9999 -9999 465 476 490 504 516 524 530 538 559 602 633 614 481 452 468 464 437 441 429 477 374 335 326 314 292 268 190 201 198 172 208 184 194 200 214 206 193 185 189 200 217 202 200 190 206 216 236 261
-9999 -9999 -9999 -9999 -9999 -9999 -9999 -9999 -9999 -9999 -9999 -9999 -9999 -9999 -9999 -9999 -9999 -9999 -9999 -9999 -9999 -9999 -9999 -9999 -9999 -9999 -9999 -9999 -9999 -9999 -9999 -9999 -9999 -9999 -9999 -9999 -9999 -9999 -9999 -9999 -9999 462 474 491 508 520 529 535 543 553 569 566 516 427 433 449 476 438 465 466 398 349 331 345 333 310 250 298 278 195 176 227 193 190 205 196 182 168 196 217 225 206 198 190 202 219 237 248 266
-9999 -9999 -9999 -9999 -9999 -9999 -9999 -9999 -9999 -9999 -9999 -9999 -9999 -9999 -9999 -9999 -9999 -9999 -9999 -9999 -9999 -9999 -9999 -9999 -9999 -9999 -9999 -9999 -9999 -9999 -9999 -9999 -9999 -9999 -9999 -9999 -9999 -9999 -9999 -9999 445 460 475 495 515 529 538 543 544 542 538 525 420 416 475 415 458 452 459 399 349 332 323 357 350 278 222 315 218 181 215 200 179 201 190 175 162 188 208 225 213 200 189 191 210 227 243 255 266
-9999 -9999 -9999 -9999 -9999 -9999 -9999 -9999 -9999 -9999 -9999 -9999 -9999 -9999 -9999 -9999 -9999 -9999 -9999 -9999 -9999 -9999 -9999 -9999 -9999 -9999 -9999 -9999 -9999 -9999 -9999 -9999 -9999 -9999 -9999 -9999 -9999 -9999 -9999 -9999 440 459 477 502 525 541 550 551 543 530 509 479 386 410 426 444 441 455 421 336 323 308 304 387 313 232 228 231 172 193 208 185 195 186 169 158 144 207 224 232 207 200 192 197 213 235 255 260 268
-9999 -9999 -9999 -9999 -9999 -9999 -9999 -9999 -9999 -9999 -9999 -9999 -9999 -9999 -9999 -9999 -9999 -9999 -9999 -9999 -9999 -9999 -9999 -9999 -9999 -9999 -9999 -9999 -9999 -9999 -9999 -9999 -9999 -9999 -9999 -9999 -9999 -9999 -9999 -9999 436 459 480 512 540 558 567 563 546 521 495 419 368 364 363 411 398 430 340 298 294 303 348 358 220 252 193 171 186 200 214 211 214 160 153 145 181 218 236 221 203 198 203 211 235 263 264 265 271
-9999 -9999 -9999 -9999 -9999 -9999 -9999 -9999 -9999 -9999 -9999 -9999 -9999 -9999 -9999 -9999 -9999 -9999 -9999 -9999 -9999 -9999 -9999 -9999 -9999 -9999 -9999 -9999 -9999 -9999 -9999 -9999 -9999 -9999 -9999 -9999 -9999 -9999 -9999 -9999 431 459 485 525 559 581 589 579 553 513 461 374 365 333 344 409 385 336 270 271 284 386 357 245 202 183 172 183 209 195 186 179 155 151 150 168 211 232 223 219 205 208 236 264 305 288 278 275 279
-9999 -9999 -9999 -9999 -9999 -9999 -9999 -9999 -9999 -9999 -9999 -9999 -9999 -9999 -9999 -9999 -9999 -9999 -9999 -9999 -9999 -9999 -9999 -9999 -9999 -9999 -9999 -9999 -9999 -9999 -9999 -9999 -9999 -9999 -9999 -9999 -9999 -9999 -9999 -9999 -9999 459 495 542 583 610 617 601 556 508 396 367 343 308 330 357 339 255 249 250 266 333 253 200 209 180 211 209 180 181 154 147 155 163 158 184 234 213 208 227 218 272 377 369 339 313 296 290 289
-9999 -9999 -9999 -9999 -9999 -9999 -9999 -9999 -9999 -9999 -9999 -9999 -9999 -9999 -9999 -9999 -9999 -9999 -9999 -9999 -9999 -9999 -9999 -9999 -9999 -9999 -9999 -9999 -9999 -9999 -9999 -9999 -9999 -9999 -9999 -9999 -9999 -9999 -9999 -9999 -9999 461 506 559 610 645 653 628 572 488 385 348 315 291 289 307 260 242 242 237 298 292 274 182 234 257 185 196 190 181 163 165 186 179 179 232 224 201 212 217 241 407 408 381 355 329 312 302 298
-9999 -9999 -9999 -9999 -9999 -9999 -9999 -9999 -9999 -9999 -9999 -9999 -9999 -9999 -9999 -9999 -9999 -9999 -9999 -9999 -9999 -9999 -9999 -9999 -9999 -9999 -9999 -9999 -9999 -9999 -9999 -9999 -9999 -9999 -9999 -9999 -9999 -9999 344 -9999 404 451 513 580 637 686 694 651 569 457 371 337 312 289 289 294 233 235 232 259 296 273 226 176 188 209 189 210 220 218 204 209 207 204 234 240 215 240 227 230 319 432 404 378 356 336 321 311 306
-9999 -9999 -9999 -9999 -9999 -9999 -9999 -9999 -9999 -9999 -9999 -9999 -9999 -9999 -9999 -9999 -9999 -9999 -9999 -9999 -9999 -9999 -9999 -9999 -9999 -9999 -9999 -9999 -9999 -9999 -9999 -9999 -9999 -9999 -9999 -9999 -9999 323 343 369 404 454 522 593 658 716 729 670 570 442 374 351 310 271 272 257 222 230 234 301 267 220 225 193 182 188 222 249 257 253 248 240 238 250 241 237 305 353 295 252 371 415 385 365 350 336 325 316 311
-9999 -9999 -9999 -9999 -9999 -9999 -9999 -9999 -9999 -9999 -9999 -9999 -9999 -9999 -9999 -9999 -9999 -9999 -9999 -9999 -9999 -9999 -9999 -9999 -9999 -9999 -9999 -9999 -9999 -9999 -9999 -9999 -9999 -9999 -9999 -9999 298 320 342 364 404 467 526 591 648 698 686 649 538 455 366 336 302 276 243 234 223 227 240 285 263 258 241 241 183 193 217 259 269 284 286 279 265 282 290 293 434 450 406 280 409 393 364 350 344 336 328 321 314
-9999 -9999 -9999 -9999 -9999 -9999 -9999 -9999 -9999 -9999 -9999 -9999 -9999 -9999 -9999 -9999 -9999 -9999 -9999 -9999 -9999 -9999 -9999 -9999 -9999 -9999 -9999 -9999 -9999 -9999 -9999 -9999 -9999 -9999 -9999 -9999 -9999 321 342 368 409 463 524 577 612 631 609 570 502 433 374 296 282 258 250 230 220 284 288 265 223 291 222 198 203 220 215 250 278 328 322 300 297 368 368 405 448 454 421 407 405 378 362 352 345 338 330 323 316
-9999 -9999 -9999 -9999 -9999 -9999 -9999 -9999 -9999 -9999 -9999 -9999 -9999 -9999 -9999 -9999 -9999 -9999 -9999 -9999 -9999 -9999 -9999 -9999 -9999 -9999 -9999 -9999 -9999 -9999 -9999 -9999 -9999 -9999 -9999 -9999 -9999 -9999 346 371 406 454 512 565 598 607 617 557 511 441 375 275 271 243 233 234 204 220 228 250 238 287 210 212 278 233 259 256 299 316 331 318 352 402 405 421 424 434 438 426 404 385 369 356 347 339 332 325 318
-9999 -9999 -9999 -9999 -9999 -9999 -9999 -9999 -9999 -9999 -9999 -9999 -9999 -9999 -9999 -9999 -9999 -9999 -9999 -9999 -9999 -9999 -9999 -9999 -9999 -9999 -9999 -9999 -9999 -9999 -9999 -9999 -9999 -9999 -9999 -9999 -9999 -9999 342 367 395 429 476 532 594 645 698 562 445 402 366 251 251 221 226 251 206 225 220 220 290 281 270 230 272 354 286 304 321 332 350 363 412 423 412 413 424 442 443 426 406 387 371 358 348 340 332 325 319
-9999 -9999 -9999 -9999 -9999 -9999 -9999 -9999 -9999 -9999 -9999 -9999 -9999 -9999 -9999 -9999 -9999 -9999 -9999 -9999 -9999 -9999 -9999 -9999 -9999 -9999 -9999 -9999 -9999 -9999 -9999 -9999 -9999 -9999 -9999 -9999 312 306 326 358 387 405 440 483 610 689 571 333 315 297 255 231 228 222 205 225 204 185 201 207 281 424 301 272 316 425 420 327 364 383 410 431 447 427 415 412 419 427 428 417 401 383 369 357 347 339 332 326 320
-9999 -9999 -9999 -9999 -9999 -9999 -9999 -9999 -9999 -9999 -9999 -9999 -9999 -9999 -9999 -9999 -9999 -9999 -9999 -9999 -9999 -9999 -9999 -9999 -9999 -9999 -9999 -9999 -9999 -9999 -9999 -9999 -9999 -9999 -9999 289 296 309 316 328 372 398 429 505 529 526 400 334 252 219 205 192 199 191 192 189 154 176 270 252 224 323 275 274 441 393 336 372 463 460 453 448 442 430 418 412 410 412 410 402 389 375 363 353 344 336 330 325 322
-9999 -9999 -9999 -9999 -9999 -9999 -9999 -9999 -9999 -9999 -9999 -9999 -9999 -9999 -9999 -9999 -9999 -9999 -9999 -9999 -9999 -9999 -9999 -9999 -9999 -9999 -9999 -9999 -9999 -9999 -9999 -9999 -9999 -9999 265 284 301 310 307 308 340 403 401 470 535 451 257 274 203 192 172 172 156 165 173 147 160 188 191 219 274 392 488 394 500 478 403 483 466 453 448 444 438 430 420 411 403 400 394 386 376 364 354 346 339 333 328 323 323
-9999 -9999 -9999 -9999 -9999 -9999 -9999 -9999 -9999 -9999 -9999 -9999 -9999 -9999 -9999 -9999 -9999 -9999 -9999 -9999 -9999 -9999 -9999 -9999 -9999 -9999 -9999 -9999 -9999 -9999 225 250 262 277 287 310 321 320 311 309 334 398 415 458 430 330 266 205 181 162 158 144 137 143 155 146 169 192 197 310 348 298 323 470 525 503 475 464 456 451 446 442 434 425 416 406 396 388 380 371 361 351 344 337 332 328 325 324 324
-9999 -9999 -9999 -9999 -9999 -9999 -9999 -9999 -9999 -9999 -9999 -9999 -9999 -9999 -9999 -9999 -9999 -9999 -9999 -9999 -9999 -9999 -9999 -9999 -9999 -9999 -9999 167 162 225 257 271 288 304 317 343 356 341 331 325 350 396 384 279 270 241 198 174 161 169 150 128 135 128 131 172 188 213 231 330 321 321 336 488 478 486 476 449 449 447 443 437 428 419 410 398 387 376 367 356 346 337 332 329 328 327 326 324 325
-9999 -9999 -9999 -9999 -9999 -9999 -9999 -9999 -9999 -9999 -9999 -9999 -9999 -9999 -9999 -9999 -9999 -9999 -9999 -9999 -9999 -9999 -9999 -9999 -9999 -9999 190 182 190 266 276 279 315 327 332 357 365 355 339 349 371 337 342 261 224 208 180 162 156 159 126 118 117 125 139 166 149 239 248 273 279 381 452 443 441 454 461 452 448 444 440 433 424 413 402 391 378 365 354 342 331 327 327 327 327 326 326 326 326
-9999 -9999 -9999 -9999 -9999 -9999 -9999 -9999 -9999 -9999 -9999 -9999 -9999 -9999 -9999 -9999 -9999 -9999 -9999 -9999 -9999 -9999 -9999 228 226 219 215 216 223 253 278 297 330 337 349 360 364 351 343 338 315 267 268 244 222 178 158 139 161 142 118 119 117 125 148 148 157 210 235 297 376 420 396 399 409 420 433 438 442 440 435 426 417 406 395 384 371 357 343 330 325 322 323 324 326 326 327 328 328
-9999 -9999 -9999 -9999 -9999 -9999 -9999 -9999 -9999 -9999 -9999 -9999 -9999 -9999 -9999 -9999 -9999 -9999 -9999 -9999 -9999 -9999 -9999 246 248 241 242 246 280 259 314 316 338 351 366 366 360 350 341 321 283 259 225 210 203 155 138 139 138 139 126 123 130 133 134 166 191 227 288 355 367 363 366 374 380 391 409 421 426 426 422 417 408 399 388 376 364 350 337 325 320 319 320 323 325 326 328 330 331
-9999 -9999 -9999 -9999 -9999 -9999 -9999 -9999 -9999 -9999 -9999 -9999 -9999 -9999 -9999 -9999 -9999 -9999 -9999 -9999 -9999 -9999 -9999 -9999 273 262 270 286 298 280 320 352 373 391 384 373 368 346 321 297 272 254 253 216 194 144 119 115 117 110 120 127 135 135 147 211 201 263 331 356 367 358 356 366 372 385 403 409 414 413 410 405 400 390 379 368 357 346 336 325 317 316 318 321 325 327 329 331 333
-9999 -9999 -9999 -9999 -9999 -9999 -9999 -9999 -9999 -9999 -9999 -9999 -9999 -9999 -9999 -9999 -9999 -9999 -9999 -9999 -9999 -9999 -9999 -9999 289 285 291 307 322 339 357 400 426 422 408 390 357 330 323 284 272 254 190 171 151 125 99 94 109 111 115 123 142 131 172 194 250 313 321 341 350 349 353 366 379 398 410 407 400 403 401 395 388 380 373 364 353 341 331 324 316 314 316 320 325 328 331 334 336
-9999 -9999 -9999 -9999 -9999 -9999 -9999 -9999 -9999 -9999 -9999 -9999 -9999 -9999 -9999 -9999 -9999 -9999 -9999 -9999 -9999 -9999 -9999 273 287 298 323 358 373 392 412 429 453 454 440 414 354 361 350 305 272 260 187 173 157 113 81 76 81 101 116 117 129 143 178 222 294 298 306 326 331 337 350 366 383 401 407 400 389 389 388 385 381 378 372 365 355 344 330 323 318 314 315 319 324 329 333 336 340
-9999 -9999 -9999 -9999 -9999 -9999 -9999 -9999 -9999 -9999 -9999 -9999 -9999 -9999 -9999 -9999 -9999 -9999 -9999 -9999 -9999 -9999 -9999 -9999 280 304 348 387 408 418 445 473 489 493 476 442 367 362 338 303 249 244 207 171 142 113 90 101 86 104 118 118 131 174 201 280 299 299 304 315 325 332 346 363 377 389 392 389 383 380 377 374 377 380 375 367 356 345 334 324 320 319 319 319 324 330 335 339 343
-9999 -9999 -9999 -9999 -9999 -9999 -9999 -9999 -9999 -9999 -9999 -9999 -9999 -9999 -9999 -9999 -9999 -9999 -9999 -9999 -9999 -9999 -9999 -9999 268 299 361 400 410 445 476 503 523 530 517 486 394 358 335 305 264 220 189 166 134 126 111 124 111 114 118 135 158 229 306 324 304 304 311 319 326 335 348 362 373 380 382 378 378 377 371 366 377 383 378 370 359 347 336 326 322 324 324 325 327 332 338 343 347
-9999 -9999 -9999 -9999 -9999 -9999 -9999 -9999 -9999 -9999 -9999 -9999 -9999 -9999 -9999 -9999 -9999 -9999 -9999 -9999 -9999 -9999 -9999 -9999 -9999 303 368 392 419 455 493 518 538 566 573 556 443 326 323 296 269 204 175 152 137 126 130 129 123 117 114 151 258 308 321 339 329 312 325 333 343 353 362 371 374 375 373 368 367 365 364 367 375 385 382 374 362 350 339 328 323 324 327 331 334 337 342 347 352
-9999 -9999 -9999 -9999 -9999 -9999 -9999 -9999 -9999 -9999 -9999 -9999 -9999 -9999 -9999 -9999 -9999 -9999 -9999 -9999 -9999 -9999 -9999 212 251 314 372 392 423 459 506 539 565 574 630 608 450 409 376 335 275 199 146 124 154 138 126 124 125 117 122 169 236 362 323 363 379 329 336 348 363 373 378 380 378 374 370 367 365 361 358 365 375 383 380 371 360 349 338 329 322 324 328 334 340 345 348 352 357
-9999 -9999 -9999 -9999 -9999 -9999 -9999 -9999 -9999 -9999 -9999 -9999 -9999 -9999 -9999 -9999 -9999 -9999 -9999 -9999 -9999 -9999 -9999 209 269 304 358 396 419 462 510 557 598 608 663 599 495 494 389 314 236 185 142 115 118 111 111 150 147 121 128 150 259 367 387 322 339 336 348 368 386 394 391 384 378 372 366 362 357 353 354 364 372 375 371 361 351 343 333 325 320 324 330 337 345 352 356 358 363
