bio_clim/bio_9.asc
ncols         156
nrows         252
xllcorner     -82
yllcorner     -8
cellsize      0.083333337679505
NODATA_value  -9999
[rows 156 to 194 of 252, columns 0 to 88 of 156]
-9999 -9999 -9999 -9999 -9999 -9999 -9999 -9999 -9999 -9999 -9999 -9999 -9999 -9999 -9999 -9999 -9999 -9999 -9999 -9999 -9999 -9999 239 237 237 234 234 238 241 240 239 238 235 230 226 220 210 189 184 163 144 126 141 162 150 104 95 64 65 101 164 145 171 201 213 231 238 243 244 245 247 247 249 250 251 251 251 253 254 256 256 256 257 257 258 259 261 261 262 263 264 265 266 266 267 267 267 266 266
-9999 -9999 -9999 -9999 -9999 -9999 -9999 -9999 -9999 -9999 -9999 -9999 -9999 -9999 -9999 -9999 -9999 -9999 -9999 -9999 -9999 238 230 234 232 234 236 238 241 240 239 237 234 230 225 220 214 184 170 155 104 85 143 159 139 65 67 63 62 88 167 164 181 190 207 227 235 242 244 245 247 248 249 249 250 252 252 253 255 255 256 257 257 258 259 259 261 261 263 264 265 265 266 267 268 269 269 267 266
-9999 -9999 -9999 -9999 -9999 -9999 -9999 -9999 -9999 -9999 -9999 -9999 -9999 -9999 -9999 -9999 -9999 -9999 -9999 -9999 240 234 230 229 233 235 236 238 240 240 238 236 232 227 222 213 207 188 159 147 98 94 146 155 110 43 61 82 96 113 163 191 182 190 202 218 240 244 246 246 247 248 249 250 251 251 252 253 254 255 256 257 258 258 258 259 260 261 263 264 263 264 266 268 269 270 270 269 266
-9999 -9999 -9999 -9999 -9999 -9999 -9999 -9999 -9999 -9999 -9999 -9999 -9999 -9999 -9999 -9999 -9999 -9999 -9999 234 232 230 231 233 234 237 237 237 240 240 237 236 232 227 219 207 195 177 157 135 97 123 147 144 88 41 58 64 98 148 179 180 172 187 198 230 243 246 248 248 243 243 249 249 250 252 252 253 253 254 255 257 257 259 259 259 260 262 263 264 264 264 266 268 269 270 270 269 268
-9999 -9999 -9999 -9999 -9999 -9999 -9999 -9999 -9999 -9999 -9999 -9999 -9999 -9999 -9999 -9999 -9999 -9999 235 231 229 229 234 235 236 237 235 236 240 240 237 235 231 223 207 186 183 179 162 132 80 122 140 126 52 49 82 94 86 150 179 152 155 177 205 235 244 246 243 243 243 243 243 250 251 251 252 253 253 254 255 256 257 259 260 260 261 262 264 264 264 265 266 267 268 269 269 269 268
-9999 -9999 -9999 -9999 -9999 -9999 -9999 -9999 -9999 -9999 -9999 -9999 -9999 -9999 -9999 -9999 -9999 -9999 236 232 229 226 233 237 235 233 235 240 241 240 236 234 231 216 180 152 167 164 153 134 108 120 84 85 48 32 42 113 138 168 160 136 174 186 209 237 244 242 243 243 244 243 244 250 251 251 252 253 254 255 256 257 258 259 260 260 262 262 263 265 265 264 265 266 267 268 268 267 268
-9999 -9999 -9999 -9999 -9999 -9999 -9999 -9999 -9999 -9999 -9999 -9999 -9999 -9999 -9999 -9999 -9999 -9999 -9999 234 236 234 237 238 229 234 237 240 240 239 237 235 227 214 198 157 146 138 138 91 81 94 71 38 41 40 53 70 105 163 140 162 150 189 211 231 243 241 242 243 242 243 243 250 250 251 252 253 254 255 256 257 258 259 260 260 261 262 263 264 265 265 265 266 266 268 268 267 267
-9999 -9999 -9999 -9999 -9999 -9999 -9999 -9999 -9999 -9999 -9999 -9999 -9999 -9999 -9999 -9999 -9999 -9999 238 237 241 240 244 244 237 236 239 240 241 240 238 236 225 224 198 146 131 124 101 54 85 69 45 43 40 45 58 72 119 165 175 188 184 194 219 232 241 246 242 241 242 242 249 249 251 252 253 254 255 256 256 257 258 259 260 261 261 262 262 263 264 264 264 266 266 266 267 267 267
-9999 -9999 -9999 -9999 -9999 -9999 -9999 -9999 -9999 -9999 -9999 -9999 -9999 -9999 -9999 -9999 -9999 -9999 236 237 244 248 249 245 242 237 242 243 243 241 239 236 229 223 208 177 112 115 93 68 98 91 27 40 60 72 94 114 141 175 199 202 203 210 231 240 243 246 246 246 242 249 249 250 249 250 253 254 254 255 256 257 258 259 260 260 262 262 262 262 264 263 263 264 266 266 266 267 267
-9999 -9999 -9999 -9999 -9999 -9999 -9999 -9999 -9999 -9999 -9999 -9999 -9999 -9999 -9999 -9999 -9999 -9999 238 236 246 250 250 244 235 239 242 245 245 242 240 237 231 224 205 149 110 100 67 97 115 100 65 43 53 51 109 165 169 190 213 214 215 214 236 243 245 247 246 247 248 248 249 249 251 251 252 252 253 254 256 257 258 258 259 260 261 262 262 262 263 262 262 263 265 265 266 267 267
-9999 -9999 -9999 -9999 -9999 -9999 -9999 -9999 -9999 -9999 -9999 -9999 -9999 -9999 -9999 -9999 -9999 243 245 243 244 248 246 244 241 240 246 247 246 243 241 238 233 225 205 154 85 80 61 94 120 97 50 53 58 90 127 179 180 205 225 221 215 212 240 245 245 246 246 247 247 248 249 250 250 251 251 252 254 255 256 257 258 258 259 259 260 261 261 261 262 262 262 263 264 264 265 265 266
-9999 -9999 -9999 -9999 -9999 -9999 -9999 -9999 -9999 -9999 -9999 -9999 -9999 -9999 235 239 242 241 246 241 237 239 236 242 242 244 248 248 247 244 242 238 234 224 196 144 81 67 55 105 122 92 48 53 88 108 130 188 186 223 232 222 223 234 244 244 244 245 246 246 247 247 249 251 250 251 249 251 253 255 256 257 258 259 259 259 259 260 260 260 261 263 263 262 264 264 264 264 265
-9999 -9999 -9999 -9999 -9999 -9999 -9999 -9999 -9999 -9999 -9999 -9999 -9999 228 230 232 234 237 244 243 242 238 231 231 244 247 249 249 247 244 241 239 230 205 180 137 76 38 50 100 122 115 90 64 75 138 171 191 208 231 235 236 240 242 241 242 244 245 247 249 249 251 250 251 253 253 251 250 252 254 255 256 256 258 259 259 259 260 259 259 261 262 263 263 263 264 263 264 265
-9999 -9999 -9999 -9999 -9999 -9999 -9999 -9999 -9999 -9999 -9999 -9999 -9999 229 232 234 234 235 239 241 237 237 237 239 245 248 249 248 246 243 241 239 234 214 191 149 108 61 43 63 110 120 82 65 88 106 172 180 216 231 234 238 240 240 241 244 246 246 247 249 250 251 252 253 253 254 252 251 252 254 254 256 257 258 258 259 259 260 259 259 260 261 261 263 264 264 263 263 264
-9999 -9999 -9999 -9999 -9999 -9999 -9999 -9999 -9999 -9999 -9999 -9999 -9999 -9999 236 234 228 231 237 242 238 238 241 245 247 248 248 247 245 243 241 238 231 218 173 150 103 45 54 83 121 148 88 66 83 117 161 187 217 228 227 234 236 238 239 243 245 248 249 247 248 250 252 253 254 255 255 255 254 256 256 257 256 257 259 259 259 259 259 259 261 261 262 262 264 264 264 263 263
-9999 -9999 -9999 -9999 -9999 -9999 -9999 -9999 -9999 -9999 -9999 -9999 -9999 -9999 -9999 232 222 228 231 233 235 235 241 244 247 248 247 246 245 244 242 239 221 201 168 114 85 56 77 105 126 154 122 115 104 168 159 197 217 219 220 228 236 243 243 243 246 248 249 251 249 249 251 253 254 255 255 256 257 257 257 258 257 258 257 258 259 259 259 259 260 261 262 262 263 264 265 263 263
-9999 -9999 -9999 -9999 -9999 -9999 -9999 -9999 -9999 -9999 -9999 -9999 -9999 -9999 -9999 231 228 221 224 230 237 238 241 243 246 247 247 245 245 244 242 234 213 197 152 85 42 51 42 67 128 137 159 157 164 185 177 203 210 214 213 219 233 234 239 243 245 247 249 251 252 250 251 253 253 253 254 255 255 256 257 257 258 258 258 257 258 260 260 259 260 261 261 262 262 263 264 264 263
-9999 -9999 -9999 -9999 -9999 -9999 -9999 -9999 -9999 -9999 -9999 -9999 -9999 -9999 -9999 224 227 223 227 233 235 236 240 243 244 245 245 244 244 244 243 234 218 202 162 99 61 30 13 69 91 122 113 119 151 186 198 205 213 217 218 231 232 238 242 244 244 247 248 250 251 252 253 254 254 254 255 255 255 256 257 257 258 257 259 259 259 259 260 261 260 261 261 262 263 263 264 264 264
-9999 -9999 -9999 -9999 -9999 -9999 -9999 -9999 -9999 -9999 -9999 -9999 -9999 -9999 230 223 223 222 231 235 236 238 240 241 242 243 243 243 243 243 242 236 210 189 163 113 99 50 67 91 76 134 110 109 152 182 200 213 215 220 232 235 232 235 241 243 244 244 246 249 251 251 252 253 254 256 256 256 256 257 257 258 258 258 259 259 260 260 261 261 261 262 261 262 263 263 264 264 264
-9999 -9999 -9999 -9999 -9999 -9999 -9999 -9999 -9999 -9999 -9999 -9999 -9999 -9999 227 219 220 223 233 234 237 239 241 242 242 243 243 242 242 242 241 235 221 197 154 122 112 62 85 116 131 136 68 82 122 182 205 216 219 215 229 237 240 237 238 242 245 246 247 249 251 252 254 254 254 255 255 256 257 258 258 259 259 259 259 260 260 260 261 260 261 262 262 262 263 264 264 264 264
-9999 -9999 -9999 -9999 -9999 -9999 -9999 -9999 -9999 -9999 -9999 -9999 -9999 -9999 229 224 220 218 226 232 236 238 242 243 243 243 242 242 241 241 241 238 230 189 146 130 102 47 85 104 130 88 55 84 123 168 202 215 218 218 228 235 241 242 242 244 245 247 248 247 249 251 253 255 256 256 256 256 257 257 258 258 258 258 258 258 259 257 258 260 259 260 263 263 263 263 264 264 264
-9999 -9999 -9999 -9999 -9999 -9999 -9999 -9999 -9999 -9999 -9999 -9999 -9999 -9999 -9999 229 218 211 224 236 239 242 244 244 247 246 246 245 244 240 240 239 235 198 153 129 102 63 71 93 118 88 63 113 161 182 198 210 216 222 226 237 239 240 243 245 245 246 248 250 250 252 254 254 255 256 257 257 257 257 258 258 258 258 258 258 259 259 258 260 259 260 262 263 262 263 264 264 264
-9999 -9999 -9999 -9999 -9999 -9999 -9999 -9999 -9999 -9999 -9999 -9999 -9999 -9999 -9999 229 226 216 221 233 238 242 244 245 247 247 246 245 244 242 239 239 237 192 158 138 124 74 72 100 107 90 72 82 135 183 199 210 218 224 227 235 240 241 243 245 247 248 249 250 251 253 254 255 256 256 257 258 258 258 259 258 258 259 258 259 260 260 260 260 260 261 261 263 263 262 263 262 264
-9999 -9999 -9999 -9999 -9999 -9999 -9999 -9999 -9999 -9999 -9999 -9999 -9999 -9999 -9999 229 229 231 223 229 237 239 241 244 247 246 246 245 243 242 239 238 237 212 170 149 145 85 63 97 86 65 78 100 139 183 195 209 217 222 226 235 238 242 244 245 247 249 250 251 251 252 253 255 256 257 258 258 258 259 259 259 259 259 260 260 260 260 261 260 261 260 260 263 264 263 262 262 263
-9999 -9999 -9999 -9999 -9999 -9999 -9999 -9999 -9999 -9999 -9999 -9999 -9999 -9999 -9999 239 231 234 234 232 233 239 240 242 243 247 246 245 243 242 241 238 237 218 154 166 164 95 84 83 77 55 76 84 144 180 195 212 217 215 221 235 239 242 244 246 248 249 251 252 252 252 253 256 256 257 259 259 259 258 259 259 259 259 260 260 261 261 260 260 260 262 262 262 263 264 264 263 263
-9999 -9999 -9999 -9999 -9999 -9999 -9999 -9999 -9999 -9999 -9999 -9999 -9999 -9999 -9999 237 226 227 232 232 233 237 236 239 244 248 247 245 243 242 241 239 236 231 195 196 154 104 102 77 65 78 87 122 155 191 201 210 213 216 220 236 239 242 247 249 250 251 252 252 252 253 254 255 256 257 258 259 258 260 260 261 260 259 260 260 261 261 261 261 260 260 262 263 263 264 264 264 264
-9999 -9999 -9999 -9999 -9999 -9999 -9999 -9999 -9999 -9999 -9999 -9999 227 227 227 235 234 228 234 235 236 241 241 241 243 244 244 243 241 242 241 240 238 233 223 182 127 133 106 67 63 71 102 138 171 194 210 215 213 209 209 238 239 243 248 250 252 252 253 254 253 254 255 255 255 255 257 258 259 259 260 261 261 260 260 260 261 261 261 262 261 260 260 262 263 263 263 263 264
-9999 -9999 -9999 -9999 -9999 -9999 -9999 -9999 -9999 -9999 -9999 -9999 -9999 225 225 226 237 230 233 234 237 237 240 242 245 244 244 245 244 242 241 240 238 231 211 184 163 120 83 65 53 69 104 140 166 191 217 211 208 194 216 242 240 245 251 252 253 254 255 256 255 255 255 256 256 256 257 257 259 259 260 260 261 261 261 261 260 260 261 261 262 261 260 262 262 262 262 263 263
-9999 -9999 -9999 -9999 -9999 -9999 -9999 -9999 -9999 -9999 -9999 -9999 -9999 -9999 223 226 236 226 231 228 233 236 239 241 243 244 245 243 243 241 240 239 234 215 179 148 118 68 46 63 65 83 108 135 172 208 226 204 215 202 216 248 247 246 253 254 255 255 256 257 256 256 255 256 257 257 258 258 258 260 260 260 260 261 261 261 261 261 261 262 262 262 260 261 261 261 262 263 263
-9999 -9999 -9999 -9999 -9999 -9999 -9999 -9999 -9999 -9999 -9999 -9999 -9999 -9999 -9999 -9999 -9999 228 224 228 231 235 238 241 242 243 243 243 243 240 240 239 232 207 179 129 92 59 59 78 102 110 88 128 186 219 229 200 218 221 227 252 252 253 256 256 256 256 256 257 257 257 257 257 258 256 257 258 259 259 260 260 260 261 262 262 261 261 261 262 261 262 261 262 262 261 262 263 263
-9999 -9999 -9999 -9999 -9999 -9999 -9999 -9999 -9999 -9999 -9999 -9999 -9999 -9999 -9999 -9999 -9999 -9999 225 228 231 234 236 -9999 240 242 243 243 242 242 240 233 213 180 132 111 102 95 91 114 126 149 148 160 195 224 225 202 215 236 241 255 254 256 257 257 257 257 257 258 258 258 258 258 258 257 258 257 258 259 259 260 259 261 261 262 262 262 261 261 260 262 261 262 261 261 262 262 263
-9999 -9999 -9999 -9999 -9999 -9999 -9999 -9999 -9999 -9999 -9999 -9999 -9999 -9999 -9999 -9999 -9999 -9999 -9999 227 230 -9999 -9999 -9999 239 241 242 243 242 240 226 208 167 97 62 55 77 90 100 115 147 152 186 205 212 235 217 197 223 231 250 256 255 257 258 258 258 258 258 258 258 258 259 259 259 259 259 259 259 259 260 260 260 260 261 262 262 262 261 260 260 260 262 263 261 261 261 262 262
-9999 -9999 -9999 -9999 -9999 -9999 -9999 -9999 -9999 -9999 -9999 -9999 -9999 -9999 -9999 -9999 -9999 -9999 -9999 -9999 230 -9999 234 236 -9999 -9999 -9999 242 239 226 166 168 80 48 51 69 95 122 126 121 143 116 159 229 235 233 209 205 229 234 254 247 255 249 250 259 259 259 259 259 259 259 259 260 260 260 259 259 260 259 260 261 261 260 261 262 262 262 262 261 261 260 262 262 261 261 261 261 262
-9999 -9999 -9999 -9999 -9999 -9999 -9999 -9999 -9999 -9999 -9999 -9999 -9999 -9999 -9999 -9999 -9999 -9999 -9999 -9999 -9999 231 233 235 237 -9999 241 241 229 205 136 93 50 51 62 82 120 136 132 143 133 138 184 213 238 219 191 220 239 237 254 249 250 250 251 250 251 260 260 260 260 260 260 259 259 260 261 260 260 260 260 260 261 260 259 260 261 262 263 262 261 262 262 262 262 261 261 260 261
-9999 -9999 -9999 -9999 -9999 -9999 -9999 -9999 -9999 -9999 -9999 -9999 -9999 -9999 -9999 -9999 -9999 -9999 -9999 -9999 -9999 231 234 235 -9999 -9999 242 242 239 224 184 90 48 58 77 120 137 133 141 122 115 133 182 223 221 220 206 232 248 254 250 250 251 251 251 251 251 251 252 252 251 260 261 260 260 260 261 261 259 260 261 260 259 261 260 259 261 262 262 263 262 262 262 262 262 262 262 261 262
-9999 -9999 -9999 -9999 -9999 -9999 -9999 -9999 -9999 -9999 -9999 -9999 -9999 -9999 -9999 -9999 -9999 -9999 -9999 -9999 -9999 230 233 -9999 -9999 -9999 242 241 235 209 147 103 59 69 92 122 124 110 138 111 109 156 200 212 218 231 215 236 241 244 252 250 251 251 251 251 252 252 252 252 252 252 252 252 252 256 257 256 255 261 255 255 261 261 262 261 259 261 261 263 262 262 263 262 262 262 262 261 261
-9999 -9999 -9999 -9999 -9999 -9999 -9999 -9999 -9999 -9999 -9999 -9999 -9999 -9999 -9999 -9999 -9999 -9999 -9999 -9999 -9999 -9999 -9999 -9999 -9999 -9999 241 233 211 196 124 54 59 65 96 121 112 118 128 88 130 181 220 224 227 236 238 252 243 248 244 250 251 252 252 252 252 252 253 253 253 253 253 253 252 252 253 257 256 256 256 255 256 255 256 256 260 260 260 262 263 262 263 262 263 262 262 261 261
-9999 -9999 -9999 -9999 -9999 -9999 -9999 -9999 -9999 -9999 -9999 -9999 -9999 -9999 -9999 -9999 -9999 -9999 -9999 -9999 -9999 -9999 -9999 -9999 -9999 238 239 230 179 100 88 80 80 104 120 100 111 115 110 92 140 203 216 219 210 228 222 243 239 249 244 249 252 252 253 253 253 253 253 254 254 253 253 254 253 253 253 253 258 257 257 256 255 255 256 256 255 255 255 255 257 257 257 257 257 254 258 258 258
-9999 -9999 -9999 -9999 -9999 -9999 -9999 -9999 -9999 -9999 -9999 -9999 -9999 -9999 -9999 -9999 -9999 -9999 -9999 -9999 -9999 -9999 -9999 -9999 236 236 237 217 173 140 109 126 151 173 120 91 108 99 120 167 166 203 222 198 206 226 203 219 246 249 246 249 252 253 254 253 253 253 254 254 254 254 254 254 254 254 254 254 253 253 257 257 256 256 255 255 256 255 252 251 252 254 253 253 252 252 252 254 254
