bio_clim/bio_7.asc
ncols         156
nrows         252
xllcorner     -82
yllcorner     -8
cellsize      0.083333337679505
NODATA_value  -9999
[rows 120 to 159 of 252, columns 0 to 89 of 156]
-9999 -9999 -9999 -9999 -9999 -9999 -9999 -9999 -9999 -9999 -9999 -9999 -9999 -9999 -9999 -9999 -9999 -9999 -9999 -9999 -9999 -9999 -9999 -9999 -9999 -9999 -9999 -9999 -9999 -9999 -9999 -9999 -9999 -9999 -9999 -9999 -9999 -9999 -9999 -9999 -9999 -9999 -9999 -9999 -9999 -9999 -9999 -9999 -9999 -9999 -9999 -9999 91 94 96 98 101 104 114 118 125 120 128 131 131 132 130 133 132 113 101 97 100 103 103 102 106 110 125 130 133 131 125 106 88 86 87 88 99 112
-9999 -9999 -9999 -9999 -9999 -9999 -9999 -9999 -9999 -9999 -9999 -9999 -9999 -9999 -9999 -9999 -9999 -9999 -9999 -9999 -9999 -9999 -9999 -9999 -9999 -9999 -9999 -9999 -9999 -9999 -9999 -9999 -9999 -9999 -9999 -9999 -9999 -9999 -9999 -9999 -9999 -9999 -9999 -9999 -9999 -9999 -9999 -9999 -9999 -9999 -9999 -9999 92 94 97 100 102 105 113 119 127 121 130 133 133 131 132 134 123 102 102 104 106 101 103 103 104 117 126 129 131 128 116 90 87 87 86 88 104 114
-9999 -9999 -9999 -9999 -9999 -9999 -9999 -9999 -9999 -9999 -9999 -9999 -9999 -9999 -9999 -9999 -9999 -9999 -9999 -9999 -9999 -9999 -9999 -9999 -9999 -9999 -9999 -9999 -9999 -9999 -9999 -9999 -9999 -9999 -9999 -9999 -9999 -9999 -9999 -9999 -9999 -9999 -9999 -9999 -9999 -9999 -9999 -9999 -9999 -9999 -9999 -9999 94 96 98 102 107 115 120 126 128 123 128 132 132 132 134 124 107 104 108 121 112 104 106 106 105 121 124 127 129 116 94 89 89 93 87 98 99 117
-9999 -9999 -9999 -9999 -9999 -9999 -9999 -9999 -9999 -9999 -9999 -9999 -9999 -9999 -9999 -9999 -9999 -9999 -9999 -9999 -9999 -9999 -9999 -9999 -9999 -9999 -9999 -9999 -9999 -9999 -9999 -9999 -9999 -9999 -9999 -9999 -9999 -9999 -9999 -9999 -9999 -9999 -9999 -9999 -9999 -9999 -9999 -9999 -9999 -9999 90 92 95 98 101 106 119 121 125 130 130 118 131 132 133 133 134 114 104 104 112 122 119 108 111 107 114 124 127 128 127 97 91 90 95 106 103 109 99 115
-9999 -9999 -9999 -9999 -9999 -9999 -9999 -9999 -9999 -9999 -9999 -9999 -9999 -9999 -9999 -9999 -9999 -9999 -9999 -9999 -9999 -9999 -9999 -9999 -9999 -9999 -9999 -9999 -9999 -9999 -9999 -9999 -9999 -9999 -9999 -9999 -9999 -9999 -9999 -9999 -9999 -9999 -9999 75 78 80 83 86 87 90 90 93 97 101 104 115 125 128 128 132 129 123 132 132 133 133 129 114 104 103 108 122 117 114 112 114 121 125 126 127 115 96 92 92 93 102 116 117 106 118
-9999 -9999 -9999 -9999 -9999 -9999 -9999 -9999 -9999 -9999 -9999 -9999 -9999 -9999 -9999 -9999 -9999 -9999 -9999 -9999 -9999 -9999 -9999 -9999 -9999 -9999 -9999 -9999 -9999 -9999 -9999 -9999 -9999 -9999 -9999 -9999 -9999 -9999 -9999 -9999 -9999 -9999 72 74 76 79 82 86 89 92 93 95 98 105 117 122 122 130 130 134 122 128 132 133 134 133 129 109 105 105 113 120 116 114 111 120 120 123 123 119 116 94 93 93 101 113 120 119 123 123
-9999 -9999 -9999 -9999 -9999 -9999 -9999 -9999 -9999 -9999 -9999 -9999 -9999 -9999 -9999 -9999 -9999 -9999 -9999 -9999 -9999 -9999 -9999 -9999 -9999 -9999 -9999 -9999 -9999 -9999 -9999 -9999 -9999 -9999 -9999 -9999 -9999 -9999 -9999 -9999 -9999 68 71 74 77 80 83 85 89 92 94 97 100 112 121 119 121 130 129 129 119 130 132 133 133 133 121 106 107 108 111 118 116 117 117 121 121 121 108 104 97 95 94 99 115 122 122 125 126 125
-9999 -9999 -9999 -9999 -9999 -9999 -9999 -9999 -9999 -9999 -9999 -9999 -9999 -9999 -9999 -9999 -9999 -9999 -9999 -9999 -9999 -9999 -9999 -9999 -9999 -9999 -9999 -9999 -9999 -9999 -9999 -9999 -9999 -9999 -9999 -9999 -9999 -9999 -9999 -9999 -9999 67 70 72 75 79 82 86 89 92 95 99 104 119 106 100 117 125 112 122 129 137 134 131 130 119 109 102 105 109 112 115 114 114 109 113 119 117 100 97 97 96 100 108 120 125 128 127 129 128
-9999 -9999 -9999 -9999 -9999 -9999 -9999 -9999 -9999 -9999 -9999 -9999 -9999 -9999 -9999 -9999 -9999 -9999 -9999 -9999 -9999 -9999 -9999 -9999 -9999 -9999 -9999 -9999 -9999 -9999 -9999 -9999 -9999 -9999 -9999 -9999 -9999 -9999 -9999 -9999 65 66 69 72 75 79 82 86 89 93 96 99 109 119 109 96 114 118 111 128 140 142 134 130 119 108 105 97 107 111 115 117 113 110 112 117 118 107 98 100 97 99 110 108 118 124 127 129 128 129
-9999 -9999 -9999 -9999 -9999 -9999 -9999 -9999 -9999 -9999 -9999 -9999 -9999 -9999 -9999 -9999 -9999 -9999 -9999 -9999 -9999 -9999 -9999 -9999 -9999 -9999 -9999 -9999 -9999 -9999 -9999 -9999 -9999 -9999 -9999 -9999 -9999 -9999 -9999 -9999 63 65 69 72 75 79 83 86 90 93 97 101 112 117 116 106 105 107 123 144 143 140 135 122 107 105 108 106 111 112 114 115 111 109 116 118 116 101 100 99 98 104 115 110 119 124 130 130 129 129
-9999 -9999 -9999 -9999 -9999 -9999 -9999 -9999 -9999 -9999 -9999 -9999 -9999 -9999 -9999 -9999 -9999 -9999 -9999 -9999 -9999 -9999 -9999 -9999 -9999 -9999 -9999 -9999 -9999 -9999 -9999 -9999 -9999 -9999 -9999 -9999 -9999 -9999 -9999 -9999 63 65 68 71 75 79 82 86 90 93 96 102 112 120 122 116 98 115 135 151 142 135 129 113 102 102 107 111 111 113 111 111 109 112 115 114 105 100 101 98 105 113 112 104 119 128 131 130 129 128
-9999 -9999 -9999 -9999 -9999 -9999 -9999 -9999 -9999 -9999 -9999 -9999 -9999 -9999 -9999 -9999 -9999 -9999 -9999 -9999 -9999 -9999 -9999 -9999 -9999 -9999 -9999 -9999 -9999 -9999 -9999 -9999 -9999 -9999 -9999 -9999 -9999 -9999 -9999 -9999 61 65 67 71 75 79 82 87 91 95 97 108 115 118 121 110 114 127 145 147 136 118 110 103 104 107 110 111 112 115 114 112 112 112 112 108 101 101 99 99 108 112 114 117 124 127 128 128 127 127
-9999 -9999 -9999 -9999 -9999 -9999 -9999 -9999 -9999 -9999 -9999 -9999 -9999 -9999 -9999 -9999 -9999 -9999 -9999 -9999 -9999 -9999 -9999 -9999 -9999 -9999 -9999 -9999 -9999 -9999 -9999 -9999 -9999 -9999 -9999 -9999 -9999 -9999 -9999 -9999 -9999 65 68 71 76 79 83 88 91 95 102 109 114 118 119 115 119 137 141 141 133 110 102 103 103 107 109 112 116 116 115 114 111 109 111 105 103 102 103 99 101 111 119 121 123 124 125 126 126 125
-9999 -9999 -9999 -9999 -9999 -9999 -9999 -9999 -9999 -9999 -9999 -9999 -9999 -9999 -9999 -9999 -9999 -9999 -9999 -9999 -9999 -9999 -9999 -9999 -9999 -9999 -9999 -9999 -9999 -9999 -9999 -9999 -9999 -9999 -9999 -9999 -9999 -9999 -9999 -9999 -9999 66 69 73 76 81 84 88 92 96 101 105 110 116 119 118 127 132 135 134 125 124 106 105 102 103 109 114 116 116 115 112 109 108 108 103 103 107 104 104 108 118 120 121 121 123 124 124 125 125
-9999 -9999 -9999 -9999 -9999 -9999 -9999 -9999 -9999 -9999 -9999 -9999 -9999 -9999 -9999 -9999 -9999 -9999 -9999 -9999 -9999 -9999 -9999 -9999 -9999 -9999 -9999 -9999 -9999 -9999 -9999 -9999 -9999 -9999 -9999 -9999 -9999 -9999 59 -9999 63 67 71 75 78 82 86 90 93 97 101 107 110 116 117 115 127 127 127 124 115 106 101 104 103 106 108 109 109 113 112 110 109 107 105 104 106 111 109 105 111 117 118 119 120 121 122 123 124 124
-9999 -9999 -9999 -9999 -9999 -9999 -9999 -9999 -9999 -9999 -9999 -9999 -9999 -9999 -9999 -9999 -9999 -9999 -9999 -9999 -9999 -9999 -9999 -9999 -9999 -9999 -9999 -9999 -9999 -9999 -9999 -9999 -9999 -9999 -9999 -9999 -9999 65 64 64 67 70 74 78 81 84 88 91 94 97 100 107 110 113 115 116 124 123 124 111 99 97 98 102 105 110 107 108 109 109 111 110 108 106 107 106 113 114 111 107 113 117 117 117 119 120 121 121 122 122
-9999 -9999 -9999 -9999 -9999 -9999 -9999 -9999 -9999 -9999 -9999 -9999 -9999 -9999 -9999 -9999 -9999 -9999 -9999 -9999 -9999 -9999 -9999 -9999 -9999 -9999 -9999 -9999 -9999 -9999 -9999 -9999 -9999 -9999 -9999 -9999 70 70 70 71 72 75 78 80 83 86 89 91 94 97 100 108 106 108 115 118 121 119 120 106 100 95 99 101 105 111 108 108 109 109 108 108 108 109 110 109 116 116 113 107 115 115 115 116 118 118 119 121 121 122
-9999 -9999 -9999 -9999 -9999 -9999 -9999 -9999 -9999 -9999 -9999 -9999 -9999 -9999 -9999 -9999 -9999 -9999 -9999 -9999 -9999 -9999 -9999 -9999 -9999 -9999 -9999 -9999 -9999 -9999 -9999 -9999 -9999 -9999 -9999 -9999 -9999 75 76 77 78 79 80 83 85 87 90 92 95 96 101 111 103 105 115 116 117 104 102 99 96 95 100 104 112 115 111 110 109 108 109 107 108 111 112 114 116 115 114 113 115 115 115 116 116 118 119 120 120 120
-9999 -9999 -9999 -9999 -9999 -9999 -9999 -9999 -9999 -9999 -9999 -9999 -9999 -9999 -9999 -9999 -9999 -9999 -9999 -9999 -9999 -9999 -9999 -9999 -9999 -9999 -9999 -9999 -9999 -9999 -9999 -9999 -9999 -9999 -9999 -9999 -9999 -9999 82 82 82 83 84 86 87 89 92 93 95 96 101 112 105 112 116 112 120 116 116 106 94 96 102 114 117 114 114 112 109 109 109 108 109 111 112 114 115 114 114 114 114 114 115 115 116 117 117 118 119 120
-9999 -9999 -9999 -9999 -9999 -9999 -9999 -9999 -9999 -9999 -9999 -9999 -9999 -9999 -9999 -9999 -9999 -9999 -9999 -9999 -9999 -9999 -9999 -9999 -9999 -9999 -9999 -9999 -9999 -9999 -9999 -9999 -9999 -9999 -9999 -9999 -9999 -9999 86 86 86 86 87 88 90 91 93 94 98 100 103 113 108 115 114 106 115 109 107 105 94 99 103 107 114 114 113 111 110 109 109 108 109 110 112 113 113 113 114 113 114 114 115 115 115 117 117 118 118 119
-9999 -9999 -9999 -9999 -9999 -9999 -9999 -9999 -9999 -9999 -9999 -9999 -9999 -9999 -9999 -9999 -9999 -9999 -9999 -9999 -9999 -9999 -9999 -9999 -9999 -9999 -9999 -9999 -9999 -9999 -9999 -9999 -9999 -9999 -9999 -9999 87 90 90 90 90 90 90 90 91 92 94 104 106 107 111 109 110 111 115 102 101 96 96 98 97 95 105 109 112 112 111 111 109 109 109 108 108 110 112 113 113 113 113 114 114 114 114 114 115 116 117 117 117 118
-9999 -9999 -9999 -9999 -9999 -9999 -9999 -9999 -9999 -9999 -9999 -9999 -9999 -9999 -9999 -9999 -9999 -9999 -9999 -9999 -9999 -9999 -9999 -9999 -9999 -9999 -9999 -9999 -9999 -9999 -9999 -9999 -9999 -9999 -9999 88 90 93 94 93 92 92 91 92 92 94 99 103 109 112 108 102 104 107 112 93 97 95 93 97 108 104 111 112 113 111 111 111 109 109 108 107 108 109 111 112 113 113 114 113 113 113 113 114 115 115 116 117 117 117
-9999 -9999 -9999 -9999 -9999 -9999 -9999 -9999 -9999 -9999 -9999 -9999 -9999 -9999 -9999 -9999 -9999 -9999 -9999 -9999 -9999 -9999 -9999 -9999 -9999 -9999 -9999 -9999 -9999 -9999 -9999 -9999 -9999 -9999 89 90 92 94 95 95 94 93 93 92 93 95 109 106 114 113 103 97 99 103 112 99 95 95 96 102 114 104 103 112 110 111 111 109 108 108 108 107 108 109 111 112 112 113 113 113 113 113 113 114 114 115 115 116 116 116
-9999 -9999 -9999 -9999 -9999 -9999 -9999 -9999 -9999 -9999 -9999 -9999 -9999 -9999 -9999 -9999 -9999 -9999 -9999 -9999 -9999 -9999 -9999 -9999 -9999 -9999 -9999 -9999 -9999 -9999 83 86 88 90 92 94 95 97 97 97 95 93 94 94 95 99 104 113 116 105 101 101 103 106 114 102 96 96 98 97 105 115 113 112 110 110 109 108 108 108 107 108 108 109 110 110 112 112 113 113 113 113 114 113 114 115 115 115 116 116
-9999 -9999 -9999 -9999 -9999 -9999 -9999 -9999 -9999 -9999 -9999 -9999 -9999 -9999 -9999 -9999 -9999 -9999 -9999 -9999 -9999 -9999 -9999 -9999 -9999 -9999 -9999 80 81 84 86 88 90 93 94 97 98 99 99 99 96 94 96 102 102 106 114 117 105 95 100 105 103 104 109 97 97 99 100 100 111 114 114 111 110 110 108 108 108 107 108 108 109 109 110 111 111 112 112 113 112 113 113 113 113 114 114 115 115 115
-9999 -9999 -9999 -9999 -9999 -9999 -9999 -9999 -9999 -9999 -9999 -9999 -9999 -9999 -9999 -9999 -9999 -9999 -9999 -9999 -9999 -9999 -9999 -9999 -9999 -9999 79 81 83 87 88 90 93 95 97 100 101 101 101 98 96 97 96 103 114 119 120 121 99 97 107 110 111 112 105 100 107 101 106 113 115 113 111 109 109 108 109 107 108 108 108 107 108 108 110 110 110 111 111 113 112 112 113 113 113 114 114 115 115 115
-9999 -9999 -9999 -9999 -9999 -9999 -9999 -9999 -9999 -9999 -9999 -9999 -9999 -9999 -9999 -9999 -9999 -9999 -9999 -9999 -9999 -9999 -9999 77 78 79 82 84 86 89 91 93 95 98 99 101 103 102 101 99 99 107 100 101 102 113 121 111 93 100 109 113 115 110 102 108 117 111 116 114 112 110 109 110 109 109 108 108 107 107 107 108 107 108 109 109 110 111 111 112 113 112 113 114 113 113 114 114 115 115
-9999 -9999 -9999 -9999 -9999 -9999 -9999 -9999 -9999 -9999 -9999 -9999 -9999 -9999 -9999 -9999 -9999 -9999 -9999 -9999 -9999 -9999 -9999 78 78 81 84 86 90 90 94 95 98 99 101 102 103 102 100 99 102 108 109 118 124 112 122 99 97 97 102 108 107 111 112 110 113 117 115 112 110 109 110 109 110 110 110 109 108 108 108 107 108 108 108 109 110 110 111 111 112 112 112 112 113 113 113 114 114 114
-9999 -9999 -9999 -9999 -9999 -9999 -9999 -9999 -9999 -9999 -9999 -9999 -9999 -9999 -9999 -9999 -9999 -9999 -9999 -9999 -9999 -9999 -9999 -9999 79 82 87 89 91 94 96 98 99 100 102 102 102 100 100 100 102 114 127 129 130 127 121 109 107 104 115 109 105 112 114 104 119 117 111 111 110 110 109 109 111 110 111 109 110 108 108 107 108 108 108 109 109 110 110 112 112 112 112 113 112 112 113 114 114 114
-9999 -9999 -9999 -9999 -9999 -9999 -9999 -9999 -9999 -9999 -9999 -9999 -9999 -9999 -9999 -9999 -9999 -9999 -9999 -9999 -9999 -9999 -9999 -9999 80 83 88 90 93 95 97 99 100 101 102 102 101 102 107 104 113 129 120 105 108 130 126 130 118 118 117 104 102 117 111 116 117 111 110 111 111 110 110 111 111 111 111 111 110 109 109 108 108 108 108 109 110 109 110 111 111 111 112 112 112 112 113 113 113 113
-9999 -9999 -9999 -9999 -9999 -9999 -9999 -9999 -9999 -9999 -9999 -9999 -9999 -9999 -9999 -9999 -9999 -9999 -9999 -9999 -9999 -9999 -9999 82 84 86 90 93 94 97 98 100 101 102 103 103 101 116 128 117 131 140 130 103 103 137 129 129 130 121 105 120 117 123 119 120 113 109 108 110 110 110 110 111 111 111 110 110 110 109 109 108 108 109 108 108 109 109 110 111 111 111 112 112 112 112 112 112 113 113
-9999 -9999 -9999 -9999 -9999 -9999 -9999 -9999 -9999 -9999 -9999 -9999 -9999 -9999 -9999 -9999 -9999 -9999 -9999 -9999 -9999 -9999 -9999 -9999 86 90 93 95 97 98 99 101 103 103 105 103 104 117 135 137 135 136 141 108 126 144 140 130 133 121 104 119 123 122 123 118 110 109 109 110 110 110 111 111 111 111 111 110 111 109 108 109 108 108 108 107 109 110 110 111 111 111 112 112 112 112 112 112 113 112
-9999 -9999 -9999 -9999 -9999 -9999 -9999 -9999 -9999 -9999 -9999 -9999 -9999 -9999 -9999 -9999 -9999 -9999 -9999 -9999 -9999 -9999 -9999 -9999 89 92 96 98 98 99 100 102 104 105 105 104 104 106 111 121 127 132 133 116 143 133 135 107 119 111 112 123 125 121 114 113 110 109 109 109 110 110 111 111 111 111 112 111 111 110 109 108 109 108 108 108 108 109 109 110 110 111 112 111 112 112 112 112 112 112
-9999 -9999 -9999 -9999 -9999 -9999 -9999 -9999 -9999 -9999 -9999 -9999 -9999 -9999 -9999 -9999 -9999 -9999 -9999 -9999 -9999 -9999 -9999 -9999 -9999 96 98 100 101 102 102 103 105 105 105 105 104 104 107 106 111 135 140 134 132 132 113 104 102 107 127 128 118 114 110 111 111 109 110 111 110 110 111 112 112 112 111 111 112 110 109 109 109 109 109 109 108 109 109 111 110 111 111 112 111 112 112 111 111 111
-9999 -9999 -9999 -9999 -9999 -9999 -9999 -9999 -9999 -9999 -9999 -9999 -9999 -9999 -9999 -9999 -9999 -9999 -9999 -9999 -9999 -9999 -9999 94 96 99 101 102 103 104 104 106 107 107 106 104 103 106 114 115 121 137 144 149 105 111 112 104 100 106 116 129 123 116 110 113 113 110 110 111 110 111 111 112 112 112 112 111 111 110 109 109 109 108 109 108 109 109 110 110 111 111 112 111 112 112 112 111 111 111
-9999 -9999 -9999 -9999 -9999 -9999 -9999 -9999 -9999 -9999 -9999 -9999 -9999 -9999 -9999 -9999 -9999 -9999 -9999 -9999 -9999 -9999 -9999 98 101 103 105 106 106 107 108 108 109 108 107 105 104 104 118 130 147 149 149 152 134 133 121 96 97 114 128 131 124 119 114 111 112 110 110 111 111 111 112 112 112 112 112 111 111 110 110 110 110 109 108 108 109 109 110 110 111 111 112 112 112 112 112 111 111 111
-9999 -9999 -9999 -9999 -9999 -9999 -9999 -9999 -9999 -9999 -9999 -9999 -9999 -9999 -9999 -9999 -9999 -9999 -9999 -9999 -9999 -9999 100 102 103 106 108 109 110 111 111 112 111 110 107 104 103 107 113 141 148 137 148 157 152 114 108 98 98 110 135 128 129 123 117 112 111 111 110 111 112 112 112 112 112 111 112 111 111 111 110 109 110 109 108 108 109 110 111 112 112 111 112 113 114 113 113 112 111 110
-9999 -9999 -9999 -9999 -9999 -9999 -9999 -9999 -9999 -9999 -9999 -9999 -9999 -9999 -9999 -9999 -9999 -9999 -9999 -9999 -9999 101 103 105 107 108 111 112 113 114 115 116 115 112 107 105 104 111 125 142 125 112 151 166 141 101 99 98 99 104 132 133 127 127 120 114 112 111 111 111 111 111 112 112 112 112 112 112 110 111 110 110 110 109 108 108 109 110 111 111 112 112 114 114 114 114 114 113 111 111
-9999 -9999 -9999 -9999 -9999 -9999 -9999 -9999 -9999 -9999 -9999 -9999 -9999 -9999 -9999 -9999 -9999 -9999 -9999 -9999 100 103 105 106 109 111 113 114 116 118 119 120 117 111 106 103 103 108 136 147 122 118 156 165 120 97 99 102 107 116 133 128 131 127 123 116 111 111 110 111 112 111 112 112 112 112 112 112 111 112 111 110 109 110 110 110 110 111 111 112 112 113 114 114 115 116 116 113 112 112
-9999 -9999 -9999 -9999 -9999 -9999 -9999 -9999 -9999 -9999 -9999 -9999 -9999 -9999 -9999 -9999 -9999 -9999 -9999 98 102 104 106 109 111 113 115 116 117 119 120 122 118 112 106 102 103 113 135 145 121 136 159 152 110 98 99 99 108 130 131 132 134 128 125 113 111 110 111 111 112 112 112 112 112 112 112 112 112 111 112 110 110 110 110 110 110 110 112 112 113 113 114 114 116 115 115 114 113 112
