bio_clim/bio_2.asc
ncols         156
nrows         252
xllcorner     -82
yllcorner     -8
cellsize      0.083333337679505
NODATA_value  -9999
[rows 168 to 209 of 252, columns 0 to 94 of 156]
-9999 -9999 -9999 -9999 -9999 -9999 -9999 -9999 -9999 -9999 -9999 -9999 -9999 74 77 81 86 90 96 100 101 101 98 98 99 98 96 93 90 88 86 84 83 80 79 90 97 88 91 106 113 111 96 86 88 108 107 104 99 98 99 99 99 99 99 99 99 99 99 99 99 98 98 98 98 98 98 98 98 97 97 97 97 96 96 95 95 95 95 95 94 94 94 93 93 93 93 92 92 92 92 91 91 91 91
-9999 -9999 -9999 -9999 -9999 -9999 -9999 -9999 -9999 -9999 -9999 -9999 -9999 74 78 82 87 92 97 100 100 101 101 100 100 98 95 93 90 88 86 85 84 82 78 87 101 94 89 94 108 112 93 86 93 100 109 107 97 97 98 98 99 99 99 99 99 99 99 99 99 98 99 98 98 98 98 98 98 97 97 97 96 96 96 96 96 95 95 95 95 94 94 93 93 93 93 93 93 92 92 92 91 91 91
-9999 -9999 -9999 -9999 -9999 -9999 -9999 -9999 -9999 -9999 -9999 -9999 -9999 -9999 78 83 87 91 97 102 102 103 104 102 101 98 96 93 91 89 87 85 84 83 82 88 101 90 92 99 111 114 95 88 92 103 114 103 97 97 98 98 99 99 99 99 99 99 99 99 99 99 99 98 98 98 98 98 98 97 97 97 97 96 96 96 96 96 95 95 95 94 94 94 94 93 93 93 93 92 92 92 92 92 92
-9999 -9999 -9999 -9999 -9999 -9999 -9999 -9999 -9999 -9999 -9999 -9999 -9999 -9999 -9999 83 86 91 95 99 102 103 104 103 101 98 96 93 91 89 87 86 84 81 83 101 99 92 98 107 114 114 106 104 100 109 112 99 96 97 98 99 99 98 99 99 99 99 99 99 99 99 98 99 98 98 98 98 98 97 97 97 97 96 96 96 96 96 96 95 95 94 94 94 94 93 93 93 93 93 93 92 92 92 92
-9999 -9999 -9999 -9999 -9999 -9999 -9999 -9999 -9999 -9999 -9999 -9999 -9999 -9999 -9999 83 87 88 92 97 102 104 104 103 101 99 97 94 91 89 87 86 83 81 91 100 90 91 89 95 111 111 109 107 107 99 105 96 96 97 99 99 99 99 99 99 99 99 99 99 99 99 99 98 98 98 98 98 98 98 97 97 97 97 96 97 96 96 96 95 95 95 94 94 94 94 94 94 93 93 93 92 93 92 92
-9999 -9999 -9999 -9999 -9999 -9999 -9999 -9999 -9999 -9999 -9999 -9999 -9999 -9999 -9999 82 86 89 93 98 102 103 104 103 102 99 97 94 92 90 88 86 84 82 88 104 95 88 87 96 99 107 105 106 109 99 96 96 96 97 98 98 99 98 98 99 99 99 99 99 99 99 98 98 98 98 98 98 98 98 98 97 97 97 97 96 96 96 96 96 95 95 95 95 94 94 94 94 94 93 93 93 93 92 92
-9999 -9999 -9999 -9999 -9999 -9999 -9999 -9999 -9999 -9999 -9999 -9999 -9999 -9999 77 81 85 88 94 98 101 104 104 103 102 100 97 94 92 90 88 87 84 83 90 108 106 92 97 105 100 112 106 106 113 101 96 94 96 97 97 97 99 99 99 99 99 99 99 99 99 99 99 99 98 98 98 98 98 98 97 97 97 97 97 97 96 96 96 95 96 95 95 95 94 94 94 94 94 94 93 93 93 93 93
-9999 -9999 -9999 -9999 -9999 -9999 -9999 -9999 -9999 -9999 -9999 -9999 -9999 -9999 75 80 84 88 93 97 101 104 105 104 102 100 97 94 92 89 88 87 85 85 96 112 111 95 104 116 118 115 94 98 109 102 95 95 95 97 97 97 98 99 99 99 99 99 99 99 99 99 99 99 99 98 98 98 98 98 98 97 97 97 97 97 96 96 96 96 96 96 95 95 95 94 94 94 94 94 94 93 93 93 93
-9999 -9999 -9999 -9999 -9999 -9999 -9999 -9999 -9999 -9999 -9999 -9999 -9999 -9999 74 79 83 86 91 96 100 104 106 105 103 100 97 94 91 89 87 86 86 87 101 112 108 92 105 112 119 103 92 100 110 107 97 95 96 97 97 97 97 98 99 99 99 99 99 99 99 99 99 99 99 98 98 98 98 98 98 98 97 97 97 97 97 97 96 96 96 96 95 95 95 95 95 94 94 94 94 94 94 93 93
-9999 -9999 -9999 -9999 -9999 -9999 -9999 -9999 -9999 -9999 -9999 -9999 -9999 -9999 -9999 76 82 85 89 96 101 105 107 106 103 100 97 94 91 88 87 87 86 88 101 112 109 97 99 108 119 104 94 109 111 104 99 96 96 97 98 97 98 98 99 99 99 99 99 99 99 99 99 99 99 99 98 98 98 98 98 98 98 97 97 97 97 97 97 96 96 96 96 95 95 95 95 95 95 94 94 94 94 94 93
-9999 -9999 -9999 -9999 -9999 -9999 -9999 -9999 -9999 -9999 -9999 -9999 -9999 -9999 -9999 74 80 84 88 94 99 104 107 105 102 99 96 94 91 89 87 87 86 90 100 109 111 101 100 113 116 105 98 100 114 105 100 97 97 97 98 98 98 98 99 99 99 99 99 99 99 99 99 99 99 99 98 98 98 98 98 98 98 97 97 97 97 97 97 96 96 96 96 96 95 96 95 95 95 95 94 94 94 94 94
-9999 -9999 -9999 -9999 -9999 -9999 -9999 -9999 -9999 -9999 -9999 -9999 -9999 -9999 -9999 71 77 82 87 91 97 101 102 102 100 97 95 94 92 89 88 87 86 88 98 106 110 105 97 111 107 98 100 108 114 107 102 98 98 98 98 98 99 99 99 99 100 99 99 99 100 99 99 99 99 99 99 98 98 98 98 98 98 98 97 97 97 97 97 96 96 96 96 96 96 96 96 95 95 95 95 95 94 94 94
-9999 -9999 -9999 -9999 -9999 -9999 -9999 -9999 -9999 -9999 -9999 -9999 -9999 -9999 -9999 68 74 80 86 90 94 97 98 99 97 95 94 94 93 91 89 87 86 89 105 103 105 107 104 105 102 95 99 102 115 110 103 99 98 100 100 98 99 99 99 100 99 100 99 99 100 99 100 99 99 99 98 99 98 98 98 98 98 98 98 97 97 97 97 97 97 96 96 96 96 96 96 96 96 95 95 95 95 94 95
-9999 -9999 -9999 -9999 -9999 -9999 -9999 -9999 -9999 -9999 -9999 -9999 -9999 -9999 -9999 66 73 79 85 89 92 95 96 96 94 92 93 94 94 92 88 87 86 87 95 95 109 109 110 101 98 100 103 113 116 107 102 100 100 100 100 99 99 100 100 99 100 100 100 100 100 99 99 99 99 99 99 99 98 98 98 98 98 98 98 97 98 97 97 97 97 97 97 96 96 96 96 96 95 96 95 95 95 95 95
-9999 -9999 -9999 -9999 -9999 -9999 -9999 -9999 -9999 -9999 -9999 -9999 47 53 58 66 72 78 84 88 91 93 94 94 92 92 93 95 95 92 88 87 87 88 90 101 112 115 109 98 96 98 108 117 115 107 101 100 101 103 104 99 100 100 99 99 100 100 99 99 100 99 99 99 99 99 99 99 98 98 98 98 98 98 98 98 98 97 97 97 97 97 97 96 97 97 96 96 96 96 96 95 95 95 95
-9999 -9999 -9999 -9999 -9999 -9999 -9999 -9999 -9999 -9999 -9999 -9999 -9999 52 59 65 72 78 83 88 91 92 93 93 93 93 95 97 95 93 90 88 88 89 94 103 111 109 101 96 94 97 107 115 117 109 100 102 103 108 103 99 100 100 99 99 100 99 100 99 99 99 99 99 99 99 99 99 98 98 98 98 98 98 98 98 98 97 97 97 97 97 97 97 97 96 97 96 96 96 96 96 96 95 95
-9999 -9999 -9999 -9999 -9999 -9999 -9999 -9999 -9999 -9999 -9999 -9999 -9999 -9999 60 66 73 79 84 88 91 92 93 93 93 94 95 96 95 93 91 89 90 95 106 112 108 95 91 95 96 99 107 114 116 104 99 105 103 106 103 98 99 100 99 99 100 99 99 99 99 99 99 99 99 99 99 99 99 99 98 98 98 98 98 98 98 98 97 97 97 97 97 97 97 97 97 97 96 96 96 96 96 96 95
-9999 -9999 -9999 -9999 -9999 -9999 -9999 -9999 -9999 -9999 -9999 -9999 -9999 -9999 -9999 -9999 -9999 80 85 89 91 92 93 93 93 94 95 95 95 93 91 90 91 98 108 110 97 91 92 96 103 106 100 111 112 101 99 108 103 102 101 98 99 99 99 99 99 99 99 99 99 100 99 99 99 99 99 99 99 99 99 98 98 98 98 98 98 98 98 98 98 97 97 97 97 97 97 97 97 97 96 96 96 96 96
-9999 -9999 -9999 -9999 -9999 -9999 -9999 -9999 -9999 -9999 -9999 -9999 -9999 -9999 -9999 -9999 -9999 -9999 86 91 92 93 93 -9999 93 94 94 95 95 94 92 92 98 105 105 101 98 96 96 104 110 116 112 115 111 101 101 108 104 100 100 98 99 98 99 99 99 99 99 99 99 99 99 99 99 99 99 99 99 99 99 99 98 98 98 98 98 98 98 98 98 98 98 97 97 98 97 97 97 97 97 97 97 96 96
-9999 -9999 -9999 -9999 -9999 -9999 -9999 -9999 -9999 -9999 -9999 -9999 -9999 -9999 -9999 -9999 -9999 -9999 -9999 92 92 -9999 -9999 -9999 92 93 94 94 95 94 96 101 107 94 89 88 90 93 95 102 116 114 113 108 106 99 104 110 103 101 98 98 98 99 99 99 99 99 99 99 99 99 99 99 99 99 99 99 99 99 99 99 98 99 98 98 98 98 98 98 98 98 98 98 98 98 98 97 97 97 97 97 97 97 96
-9999 -9999 -9999 -9999 -9999 -9999 -9999 -9999 -9999 -9999 -9999 -9999 -9999 -9999 -9999 -9999 -9999 -9999 -9999 -9999 91 -9999 90 90 -9999 -9999 -9999 93 94 96 103 107 91 86 87 87 93 108 104 104 114 104 116 101 99 100 107 108 102 101 98 98 99 98 99 99 99 99 99 99 99 99 99 99 99 99 99 99 99 99 99 98 98 99 98 98 98 98 98 98 98 98 98 98 98 98 98 98 97 97 97 97 97 97 97
-9999 -9999 -9999 -9999 -9999 -9999 -9999 -9999 -9999 -9999 -9999 -9999 -9999 -9999 -9999 -9999 -9999 -9999 -9999 -9999 -9999 88 88 88 89 -9999 90 91 95 103 101 90 85 86 85 88 106 116 112 112 108 110 116 107 99 105 113 104 100 101 98 98 98 98 98 99 99 99 99 99 99 99 99 99 99 99 99 99 99 99 99 99 99 98 99 98 98 98 98 98 99 99 98 98 98 98 98 98 98 98 98 98 97 97 97
-9999 -9999 -9999 -9999 -9999 -9999 -9999 -9999 -9999 -9999 -9999 -9999 -9999 -9999 -9999 -9999 -9999 -9999 -9999 -9999 -9999 86 85 86 -9999 -9999 88 90 91 98 107 90 86 85 84 104 115 113 115 102 101 107 116 104 104 105 109 102 99 98 99 97 98 98 98 98 98 99 99 99 99 99 99 99 99 99 99 98 99 99 99 99 99 99 99 99 98 99 99 98 98 99 99 99 98 98 98 98 98 98 98 98 98 98 97
-9999 -9999 -9999 -9999 -9999 -9999 -9999 -9999 -9999 -9999 -9999 -9999 -9999 -9999 -9999 -9999 -9999 -9999 -9999 -9999 -9999 84 83 -9999 -9999 -9999 86 88 92 104 101 92 84 83 87 104 107 99 114 97 97 114 112 108 106 103 107 101 100 98 99 97 98 98 98 98 98 98 98 98 98 99 98 99 99 99 99 98 99 98 99 98 99 99 98 99 99 99 99 99 99 99 98 99 99 98 99 98 98 98 98 98 98 98 98
-9999 -9999 -9999 -9999 -9999 -9999 -9999 -9999 -9999 -9999 -9999 -9999 -9999 -9999 -9999 -9999 -9999 -9999 -9999 -9999 -9999 -9999 -9999 -9999 -9999 -9999 83 92 103 106 97 86 85 84 89 102 98 102 108 93 104 113 106 105 104 101 101 98 98 98 98 98 98 98 98 98 98 98 98 98 98 98 98 98 98 98 98 98 99 98 98 98 99 99 99 99 99 99 99 99 99 99 99 99 99 99 99 98 99 98 98 98 98 98 98
-9999 -9999 -9999 -9999 -9999 -9999 -9999 -9999 -9999 -9999 -9999 -9999 -9999 -9999 -9999 -9999 -9999 -9999 -9999 -9999 -9999 -9999 -9999 -9999 -9999 78 81 93 105 92 88 86 87 93 98 91 97 100 98 95 106 111 108 106 108 104 105 100 102 97 99 98 98 98 97 98 98 98 98 98 98 98 98 98 98 98 98 98 98 99 99 99 99 99 99 99 99 99 99 99 99 99 99 99 99 99 99 98 99 99 99 99 99 98 98
-9999 -9999 -9999 -9999 -9999 -9999 -9999 -9999 -9999 -9999 -9999 -9999 -9999 -9999 -9999 -9999 -9999 -9999 -9999 -9999 -9999 -9999 -9999 -9999 73 76 80 102 106 100 93 97 104 110 97 88 95 93 101 111 111 112 106 111 109 104 109 106 100 98 98 98 98 98 98 98 98 98 98 98 98 98 98 98 98 98 98 98 98 98 98 98 99 99 99 99 99 99 99 99 99 99 99 99 99 99 99 99 99 99 99 99 98 98 98
-9999 -9999 -9999 -9999 -9999 -9999 -9999 -9999 -9999 -9999 -9999 -9999 -9999 -9999 -9999 -9999 -9999 -9999 -9999 -9999 -9999 -9999 -9999 73 73 77 80 91 100 108 109 111 111 105 90 94 91 99 102 109 111 110 106 111 110 107 110 107 102 98 98 98 98 97 98 98 98 98 98 98 98 98 98 98 98 98 98 98 98 98 98 98 98 99 99 99 99 99 99 99 99 99 99 99 99 99 99 99 99 99 99 99 99 99 99
-9999 -9999 -9999 -9999 -9999 -9999 -9999 -9999 -9999 -9999 -9999 -9999 -9999 -9999 -9999 -9999 -9999 -9999 -9999 -9999 89 87 84 81 80 82 85 97 106 109 111 109 110 96 99 94 91 96 107 106 108 109 107 110 110 109 109 107 101 98 99 98 97 97 97 98 98 97 97 97 97 97 97 97 97 97 98 98 98 98 98 98 99 99 99 99 99 99 99 100 100 100 100 100 99 99 100 99 99 99 99 99 99 99 99
-9999 -9999 -9999 -9999 -9999 -9999 -9999 -9999 -9999 -9999 -9999 -9999 -9999 -9999 -9999 -9999 -9999 -9999 -9999 -9999 93 94 92 91 89 91 99 108 104 102 96 104 109 106 98 93 98 100 106 110 108 105 107 110 108 108 106 102 100 98 98 99 97 97 97 97 97 97 97 97 97 97 97 97 97 97 97 97 98 98 98 98 99 99 99 99 99 99 100 100 100 100 100 100 100 100 99 99 100 99 99 99 99 99 99
-9999 -9999 -9999 -9999 -9999 -9999 -9999 -9999 -9999 -9999 -9999 -9999 -9999 -9999 -9999 -9999 -9999 -9999 96 97 98 100 101 100 98 100 108 111 105 96 93 95 103 94 93 93 109 104 101 110 108 105 107 109 107 106 103 101 100 98 97 98 98 97 97 97 97 97 97 97 97 97 97 97 97 97 97 98 97 98 98 98 98 98 99 99 99 99 100 100 100 100 100 100 100 100 100 100 100 100 99 99 99 99 99
-9999 -9999 -9999 -9999 -9999 -9999 -9999 -9999 -9999 -9999 -9999 -9999 -9999 -9999 -9999 -9999 -9999 99 100 101 102 104 105 104 103 104 109 114 113 112 100 94 94 94 94 97 111 108 108 110 108 106 109 108 105 106 103 101 100 99 98 98 99 97 97 97 97 97 97 97 97 97 97 97 97 97 97 97 97 97 98 98 98 98 99 99 99 99 100 100 100 100 100 100 100 100 100 100 99 100 100 99 99 99 99
-9999 -9999 -9999 -9999 -9999 -9999 -9999 -9999 -9999 -9999 -9999 -9999 -9999 -9999 -9999 99 102 104 103 105 106 107 108 108 110 109 112 114 112 114 105 96 95 95 95 97 107 111 110 110 108 108 110 108 105 106 103 102 101 99 98 98 100 97 97 97 97 96 96 96 96 96 97 97 97 97 97 97 97 98 98 98 98 98 98 99 99 99 100 100 100 100 100 100 100 100 100 100 100 100 99 100 99 99 99
-9999 -9999 -9999 -9999 -9999 -9999 -9999 -9999 -9999 -9999 -9999 -9999 -9999 -9999 100 102 105 107 107 110 111 112 112 113 113 113 114 114 113 114 112 99 97 97 96 98 105 112 110 108 109 110 109 107 104 105 103 102 100 100 98 98 100 97 97 97 97 96 96 96 96 96 96 96 96 97 96 97 97 97 97 98 98 98 98 99 99 99 100 100 100 100 100 100 100 100 100 100 100 100 99 100 100 99 99
-9999 -9999 -9999 -9999 -9999 -9999 -9999 -9999 -9999 -9999 -9999 -9999 -9999 -9999 104 106 107 109 111 115 115 116 115 116 116 118 117 117 117 117 109 106 100 99 102 101 107 111 110 110 111 110 107 108 104 104 105 104 102 99 97 97 98 98 96 96 96 96 96 96 96 96 96 96 96 96 96 96 97 97 97 97 98 98 98 99 99 99 100 100 100 100 100 100 100 100 100 100 100 100 100 100 100 99 99
-9999 -9999 -9999 -9999 -9999 -9999 -9999 -9999 -9999 -9999 -9999 -9999 102 104 107 109 110 113 115 115 117 117 119 120 120 120 119 120 120 119 114 117 108 100 99 106 105 113 112 110 110 109 109 108 106 104 104 104 103 99 98 97 97 99 96 96 96 96 95 96 96 96 96 96 96 96 96 96 97 97 97 97 97 98 98 98 99 99 99 100 100 100 100 100 100 100 100 100 100 100 100 100 100 100 99
-9999 -9999 -9999 -9999 -9999 -9999 -9999 -9999 -9999 -9999 -9999 -9999 104 107 109 111 114 116 116 118 118 120 121 122 122 120 122 121 121 121 121 121 113 101 100 106 113 114 113 112 110 111 109 107 108 105 105 102 102 99 97 97 97 99 96 96 96 95 95 95 95 95 95 95 96 96 96 96 97 97 97 97 98 98 98 98 99 99 99 100 100 100 100 100 100 100 100 100 100 100 100 100 100 100 100
-9999 -9999 -9999 -9999 -9999 -9999 -9999 -9999 -9999 -9999 -9999 105 107 110 112 116 119 118 118 121 122 123 124 124 124 124 124 125 123 123 124 124 119 105 102 106 118 109 108 112 111 110 109 107 108 105 105 103 100 98 97 97 97 99 96 96 95 95 95 95 95 95 95 95 95 95 96 96 96 96 97 97 97 98 98 98 99 99 99 100 100 100 100 100 100 100 100 100 100 100 100 100 100 99 100
-9999 -9999 -9999 -9999 -9999 -9999 -9999 -9999 -9999 -9999 106 109 110 112 116 119 121 120 121 122 123 124 125 125 125 125 127 126 125 126 116 113 131 119 104 105 116 108 116 115 112 110 109 106 107 104 106 103 99 98 98 97 97 98 96 95 95 95 95 95 95 95 95 95 95 95 95 95 96 96 96 97 97 97 98 98 98 99 99 99 99 100 100 100 100 100 100 100 100 100 100 100 100 100 100
-9999 -9999 -9999 -9999 -9999 -9999 -9999 -9999 -9999 107 109 111 113 115 119 121 121 121 122 123 124 124 125 127 127 126 128 125 127 127 128 118 124 123 106 105 107 111 116 114 111 109 107 105 107 103 105 102 100 98 97 97 97 98 96 95 95 95 94 94 94 94 94 94 95 95 95 95 96 96 96 97 97 97 98 98 99 99 99 99 100 100 100 100 100 100 100 100 100 100 100 100 100 100 100
-9999 -9999 -9999 -9999 -9999 -9999 -9999 -9999 -9999 108 110 112 115 118 121 121 122 121 122 123 123 124 127 128 129 128 128 125 129 126 130 125 111 119 109 110 110 119 116 113 112 108 108 105 104 101 101 101 99 98 97 97 96 97 95 95 95 94 94 94 94 94 94 94 94 94 95 95 95 96 96 96 97 97 98 98 98 98 99 99 99 100 100 100 100 100 100 100 101 101 100 100 100 100 100
-9999 -9999 -9999 -9999 -9999 -9999 -9999 -9999 107 109 111 113 115 119 121 122 122 122 123 123 124 126 128 129 129 129 129 129 128 129 129 122 111 111 112 115 114 118 118 116 113 110 105 106 104 102 101 100 98 98 97 96 97 96 95 95 94 94 94 94 94 94 94 94 94 94 94 95 95 95 96 96 97 97 98 98 98 98 99 99 99 100 100 100 100 100 100 100 100 100 101 100 100 100 100
