bio_clim/bio_6.asc
ncols         156
nrows         252
xllcorner     -82
yllcorner     -8
cellsize      0.083333337679505
NODATA_value  -9999
[rows 40 to 79 of 252, columns 0 to 88 of 156]
-9999 -9999 -9999 -9999 -9999 -9999 -9999 -9999 -9999 -9999 -9999 -9999 -9999 -9999 -9999 -9999 -9999 -9999 -9999 -9999 -9999 -9999 -9999 -9999 -9999 -9999 -9999 -9999 -9999 -9999 -9999 -9999 -9999 -9999 -9999 -9999 -9999 -9999 -9999 -9999 -9999 -9999 -9999 -9999 -9999 -9999 -9999 -9999 -9999 -9999 -9999 -9999 -9999 -9999 -9999 -9999 -9999 -9999 -9999 -9999 -9999 -9999 -9999 -9999 -9999 -9999 -9999 -9999 -9999 -9999 -9999 -9999 -9999 -9999 -9999 -9999 -9999 213 211 203 188 189 194 198 203 206 208 208 206
-9999 -9999 -9999 -9999 -9999 -9999 -9999 -9999 -9999 -9999 -9999 -9999 -9999 -9999 -9999 -9999 -9999 -9999 -9999 -9999 -9999 -9999 -9999 -9999 -9999 -9999 -9999 -9999 216 215 219 217 219 220 219 222 -9999 -9999 -9999 -9999 -9999 -9999 -9999 -9999 -9999 -9999 -9999 -9999 -9999 -9999 -9999 -9999 -9999 -9999 -9999 -9999 -9999 -9999 -9999 -9999 -9999 -9999 -9999 -9999 -9999 -9999 -9999 -9999 -9999 -9999 -9999 -9999 -9999 -9999 -9999 -9999 -9999 212 210 196 194 195 195 200 203 207 209 208 206
-9999 -9999 -9999 -9999 -9999 -9999 -9999 -9999 -9999 -9999 -9999 -9999 -9999 -9999 -9999 -9999 -9999 -9999 -9999 -9999 -9999 -9999 -9999 -9999 -9999 -9999 -9999 213 187 198 205 206 203 210 219 -9999 222 -9999 -9999 -9999 -9999 -9999 -9999 -9999 -9999 -9999 -9999 -9999 -9999 -9999 -9999 -9999 -9999 -9999 -9999 -9999 -9999 -9999 -9999 -9999 -9999 -9999 -9999 -9999 -9999 -9999 -9999 -9999 -9999 -9999 -9999 -9999 -9999 -9999 -9999 -9999 -9999 211 207 203 200 197 200 202 206 209 210 209 209
-9999 -9999 -9999 -9999 -9999 -9999 -9999 -9999 -9999 -9999 -9999 -9999 -9999 -9999 -9999 -9999 -9999 -9999 -9999 -9999 -9999 -9999 -9999 -9999 -9999 229 223 208 203 210 197 195 191 203 211 213 213 208 200 202 211 214 215 -9999 -9999 -9999 -9999 -9999 -9999 -9999 -9999 -9999 -9999 -9999 -9999 -9999 -9999 -9999 -9999 -9999 -9999 -9999 -9999 -9999 -9999 -9999 -9999 -9999 -9999 -9999 -9999 -9999 225 223 220 216 215 212 207 204 201 200 201 204 207 210 211 211 211
-9999 -9999 -9999 -9999 -9999 -9999 -9999 -9999 -9999 -9999 -9999 -9999 -9999 -9999 -9999 -9999 -9999 -9999 -9999 -9999 -9999 -9999 -9999 -9999 227 227 222 216 215 209 199 194 188 199 204 203 202 203 203 204 202 202 206 211 212 -9999 -9999 -9999 -9999 -9999 -9999 -9999 -9999 -9999 -9999 -9999 -9999 -9999 -9999 -9999 -9999 -9999 -9999 -9999 -9999 -9999 -9999 -9999 -9999 -9999 -9999 226 226 223 220 216 214 211 207 202 203 204 205 207 209 210 213 213 212
-9999 -9999 -9999 -9999 -9999 -9999 -9999 -9999 -9999 -9999 -9999 -9999 -9999 -9999 -9999 -9999 -9999 -9999 -9999 -9999 -9999 -9999 227 227 226 226 220 214 218 213 196 185 200 206 209 215 216 216 215 215 214 211 206 202 205 210 211 221 -9999 -9999 -9999 -9999 -9999 -9999 -9999 -9999 -9999 -9999 -9999 -9999 -9999 -9999 -9999 -9999 -9999 -9999 -9999 -9999 -9999 -9999 227 224 225 224 222 220 216 211 208 206 206 208 209 210 212 213 214 215 215
-9999 206 -9999 -9999 -9999 -9999 -9999 -9999 -9999 -9999 -9999 -9999 -9999 -9999 -9999 -9999 -9999 -9999 223 222 225 225 225 226 227 224 222 219 216 212 208 209 214 215 216 217 215 214 217 216 216 215 213 212 211 207 200 205 220 -9999 -9999 -9999 -9999 -9999 -9999 -9999 -9999 -9999 -9999 -9999 -9999 -9999 -9999 -9999 -9999 -9999 -9999 -9999 -9999 -9999 226 223 223 224 222 220 217 214 211 209 210 211 212 214 215 216 217 217 217
-9999 -9999 204 -9999 -9999 -9999 -9999 -9999 -9999 -9999 -9999 -9999 -9999 -9999 -9999 -9999 219 220 218 219 224 225 225 227 227 223 222 219 218 217 217 215 215 216 216 215 209 207 210 207 211 214 213 213 212 213 211 207 207 222 -9999 -9999 -9999 -9999 -9999 -9999 -9999 -9999 -9999 -9999 -9999 -9999 -9999 -9999 -9999 -9999 -9999 -9999 -9999 229 226 223 223 224 223 221 219 217 214 213 214 215 216 217 218 219 219 219 219
-9999 202 -9999 204 -9999 -9999 -9999 -9999 -9999 -9999 -9999 -9999 -9999 -9999 -9999 219 218 220 219 220 221 223 223 222 222 221 222 222 219 222 -9999 -9999 -9999 -9999 -9999 -9999 216 215 202 199 188 208 208 213 215 216 216 216 209 211 224 -9999 -9999 -9999 -9999 -9999 -9999 -9999 -9999 -9999 -9999 -9999 -9999 -9999 -9999 -9999 -9999 -9999 228 228 223 221 222 223 223 222 221 219 217 216 217 217 219 221 221 220 221 221 222
200 201 199 202 205 -9999 -9999 -9999 -9999 -9999 -9999 -9999 -9999 217 216 216 218 221 221 221 221 219 220 219 219 223 225 -9999 -9999 -9999 -9999 -9999 -9999 -9999 -9999 -9999 -9999 218 215 213 206 193 186 209 212 216 218 220 218 215 207 222 -9999 -9999 -9999 -9999 -9999 -9999 -9999 -9999 -9999 -9999 -9999 -9999 -9999 -9999 -9999 228 225 226 221 221 222 222 222 222 221 219 217 218 219 220 221 222 221 222 221 222 223
194 180 189 186 193 198 198 204 -9999 -9999 208 208 211 213 214 213 217 220 218 220 220 216 213 216 215 223 226 -9999 -9999 -9999 -9999 -9999 -9999 -9999 -9999 -9999 -9999 -9999 -9999 216 218 208 187 208 208 219 219 221 221 219 209 207 217 -9999 -9999 -9999 -9999 -9999 -9999 -9999 -9999 -9999 -9999 -9999 -9999 -9999 226 223 224 223 220 222 222 220 221 221 219 218 217 218 219 220 221 221 222 222 222 222 223
179 151 180 167 171 175 178 184 183 202 193 185 189 197 190 198 199 204 209 212 219 213 198 197 202 221 226 -9999 -9999 -9999 -9999 -9999 -9999 -9999 -9999 -9999 -9999 -9999 -9999 -9999 219 217 208 209 209 218 221 221 222 221 218 206 206 218 -9999 -9999 -9999 -9999 -9999 -9999 -9999 -9999 -9999 -9999 226 225 225 223 222 220 218 222 221 219 220 220 215 216 217 218 219 220 221 222 222 221 221 221 221
147 110 154 166 148 137 163 163 179 197 176 172 176 161 170 171 184 204 216 213 216 208 184 193 218 226 -9999 -9999 -9999 -9999 -9999 -9999 -9999 -9999 -9999 219 -9999 -9999 -9999 -9999 -9999 -9999 218 216 210 216 221 221 223 222 221 216 198 203 215 213 -9999 -9999 -9999 -9999 -9999 -9999 226 226 223 221 223 224 220 217 219 221 220 218 218 218 213 216 217 219 220 220 222 222 222 221 221 221 220
172 135 132 127 131 141 148 150 144 166 168 173 165 154 161 174 199 214 215 219 218 213 205 212 223 -9999 -9999 -9999 -9999 -9999 -9999 -9999 -9999 -9999 -9999 -9999 -9999 -9999 -9999 -9999 -9999 -9999 220 221 219 220 221 219 222 222 222 220 207 197 195 213 219 -9999 -9999 -9999 -9999 225 225 224 222 220 218 222 221 217 219 220 219 217 217 215 214 216 218 219 220 221 222 223 223 222 221 220 218
178 171 167 157 172 166 179 182 171 174 175 183 177 181 180 200 206 214 218 222 223 222 220 222 -9999 -9999 -9999 -9999 -9999 -9999 -9999 -9999 -9999 -9999 -9999 -9999 218 -9999 -9999 -9999 -9999 -9999 216 221 222 222 220 219 217 222 222 222 216 200 177 194 217 -9999 -9999 -9999 -9999 -9999 225 223 222 219 216 219 220 217 214 219 218 218 217 216 216 216 218 220 221 223 223 223 223 222 222 221 220
195 189 184 186 187 190 191 189 189 185 188 192 192 192 199 203 208 214 218 222 224 224 223 -9999 -9999 -9999 -9999 -9999 -9999 -9999 -9999 -9999 -9999 -9999 -9999 -9999 217 217 -9999 -9999 -9999 -9999 -9999 -9999 -9999 222 221 222 220 217 223 222 219 212 195 173 207 216 216 -9999 -9999 -9999 -9999 222 219 218 217 217 217 212 217 219 218 218 218 218 216 218 218 221 222 223 223 224 224 224 223 223 222
206 204 197 195 195 194 195 194 194 191 195 194 195 198 200 203 207 213 217 -9999 -9999 -9999 -9999 -9999 -9999 -9999 -9999 -9999 -9999 -9999 -9999 -9999 -9999 -9999 218 -9999 219 -9999 -9999 -9999 -9999 -9999 -9999 -9999 -9999 -9999 218 221 223 218 223 222 220 217 200 166 176 207 217 -9999 -9999 -9999 -9999 220 216 215 216 215 212 214 218 218 218 218 218 218 218 219 219 220 222 223 224 224 225 225 225 225 224
207 206 207 201 195 197 193 195 195 194 196 197 198 199 200 202 208 213 -9999 -9999 -9999 -9999 -9999 -9999 -9999 -9999 -9999 -9999 -9999 -9999 -9999 -9999 -9999 -9999 -9999 -9999 -9999 -9999 -9999 -9999 -9999 -9999 -9999 -9999 -9999 217 215 215 222 223 222 222 220 218 197 177 153 189 215 222 -9999 -9999 -9999 217 212 212 214 209 212 215 218 218 217 217 216 217 218 219 219 221 222 222 224 225 226 227 227 227 224
-9999 -9999 -9999 202 194 192 193 199 197 194 196 196 197 199 200 203 208 213 -9999 -9999 -9999 -9999 -9999 -9999 -9999 -9999 -9999 -9999 -9999 -9999 -9999 -9999 -9999 -9999 -9999 -9999 -9999 -9999 -9999 -9999 -9999 -9999 -9999 -9999 -9999 216 211 213 221 222 223 222 220 216 203 172 155 173 212 222 223 223 -9999 220 215 206 210 206 211 215 217 215 216 212 214 216 218 219 219 221 222 222 224 225 227 229 229 228 225
-9999 -9999 -9999 205 203 198 194 198 198 196 198 199 197 198 200 204 208 213 -9999 -9999 -9999 -9999 -9999 -9999 -9999 -9999 -9999 -9999 -9999 -9999 -9999 -9999 -9999 -9999 -9999 -9999 -9999 -9999 -9999 -9999 -9999 -9999 -9999 214 218 218 208 212 215 221 221 211 218 216 209 192 173 175 214 222 223 223 -9999 222 220 209 202 208 209 213 214 195 202 208 216 216 219 219 219 221 222 223 225 227 229 230 231 229 219
-9999 -9999 -9999 -9999 -9999 199 191 195 199 199 198 200 197 196 199 204 209 214 218 220 -9999 -9999 -9999 -9999 -9999 -9999 -9999 -9999 -9999 -9999 -9999 -9999 -9999 -9999 -9999 -9999 -9999 -9999 -9999 -9999 -9999 -9999 -9999 198 207 218 212 209 215 219 214 184 213 215 214 206 189 191 210 221 222 -9999 -9999 223 221 198 192 203 213 208 194 171 189 208 217 216 219 220 220 221 222 224 226 228 230 231 231 229 212
-9999 -9999 -9999 -9999 -9999 195 190 189 196 199 200 200 196 191 196 203 209 214 213 218 -9999 -9999 -9999 -9999 -9999 -9999 -9999 -9999 -9999 -9999 -9999 -9999 -9999 -9999 -9999 -9999 -9999 -9999 -9999 -9999 -9999 -9999 -9999 -9999 196 209 213 210 211 216 206 176 199 212 213 211 203 201 216 221 222 222 223 223 220 198 186 202 211 206 194 190 197 214 216 218 219 220 221 222 223 226 227 229 231 232 232 224 206
-9999 -9999 -9999 -9999 -9999 197 191 192 196 199 -9999 198 195 188 186 194 204 211 212 215 219 221 -9999 -9999 -9999 -9999 -9999 -9999 -9999 -9999 -9999 -9999 -9999 -9999 -9999 -9999 -9999 -9999 -9999 -9999 -9999 -9999 -9999 -9999 182 194 187 213 198 208 196 167 186 211 209 208 214 212 220 221 221 222 223 222 220 206 193 206 207 206 196 203 203 216 216 218 216 218 221 223 225 226 227 230 232 232 234 229 210
-9999 -9999 -9999 -9999 -9999 -9999 194 193 198 199 -9999 201 199 182 176 187 201 209 205 207 215 220 220 -9999 -9999 -9999 -9999 -9999 -9999 -9999 -9999 -9999 -9999 -9999 -9999 -9999 -9999 -9999 -9999 -9999 -9999 -9999 -9999 -9999 206 180 168 196 195 206 196 161 182 207 204 210 218 220 220 221 221 222 222 222 219 205 175 192 205 210 209 208 204 215 213 207 202 207 221 223 225 225 226 229 231 233 235 230 215
-9999 -9999 -9999 -9999 -9999 -9999 -9999 -9999 -9999 -9999 -9999 -9999 200 187 173 181 198 195 191 200 207 215 218 -9999 -9999 -9999 -9999 -9999 -9999 -9999 -9999 -9999 -9999 -9999 -9999 -9999 -9999 -9999 -9999 -9999 -9999 -9999 -9999 -9999 -9999 205 190 190 172 201 206 183 175 191 199 216 219 220 220 221 221 222 222 222 219 189 175 182 198 204 211 211 203 206 181 176 186 203 217 222 223 221 216 228 231 234 235 231 211
-9999 -9999 193 -9999 -9999 -9999 -9999 -9999 -9999 -9999 -9999 -9999 -9999 187 180 179 203 197 195 197 205 211 214 217 -9999 -9999 -9999 -9999 -9999 -9999 -9999 -9999 -9999 -9999 -9999 -9999 -9999 -9999 -9999 -9999 -9999 -9999 -9999 -9999 -9999 -9999 213 202 173 183 207 201 189 177 197 217 219 220 220 221 221 222 222 222 221 204 165 181 188 199 204 206 202 169 172 172 181 191 201 216 220 208 204 224 230 232 232 231 207
-9999 -9999 191 -9999 -9999 -9999 -9999 -9999 -9999 -9999 -9999 -9999 -9999 200 199 177 205 207 211 214 212 213 215 217 -9999 -9999 -9999 -9999 -9999 -9999 -9999 -9999 -9999 -9999 -9999 -9999 -9999 -9999 -9999 -9999 -9999 -9999 -9999 -9999 -9999 -9999 -9999 208 196 187 199 202 195 192 209 218 219 219 220 221 221 218 222 222 222 215 164 176 180 188 193 194 193 156 151 163 183 183 174 203 214 188 198 214 223 228 228 229 206
-9999 -9999 -9999 197 198 -9999 -9999 -9999 -9999 -9999 -9999 -9999 -9999 204 199 175 174 197 210 215 -9999 -9999 -9999 -9999 -9999 -9999 -9999 -9999 -9999 -9999 -9999 -9999 -9999 -9999 -9999 -9999 -9999 -9999 -9999 -9999 -9999 -9999 -9999 -9999 -9999 -9999 -9999 -9999 191 198 200 204 200 204 211 213 216 220 220 221 221 221 222 222 222 220 193 160 162 158 177 174 168 119 119 140 141 127 157 196 199 182 193 206 215 221 222 227 210
-9999 -9999 195 -9999 -9999 -9999 -9999 -9999 -9999 -9999 -9999 -9999 -9999 198 173 167 186 195 210 -9999 -9999 -9999 -9999 -9999 -9999 -9999 -9999 -9999 -9999 -9999 -9999 -9999 -9999 -9999 -9999 -9999 -9999 -9999 -9999 -9999 -9999 -9999 -9999 -9999 -9999 -9999 -9999 -9999 201 193 209 201 204 198 207 202 212 220 221 221 221 222 222 222 222 220 212 174 131 143 155 159 145 99 97 116 131 126 155 188 176 179 175 190 210 213 214 221 210
-9999 -9999 -9999 -9999 -9999 -9999 -9999 -9999 -9999 -9999 -9999 -9999 -9999 196 199 -9999 -9999 -9999 -9999 -9999 -9999 -9999 -9999 -9999 -9999 -9999 -9999 -9999 -9999 -9999 -9999 -9999 -9999 -9999 -9999 -9999 -9999 -9999 -9999 -9999 -9999 -9999 -9999 -9999 -9999 -9999 -9999 -9999 -9999 203 213 205 196 192 199 206 218 220 220 222 222 222 222 221 221 215 213 192 137 113 124 122 100 94 138 149 148 171 179 175 166 167 155 178 207 203 207 209 214
-9999 -9999 -9999 -9999 -9999 -9999 -9999 -9999 -9999 -9999 -9999 -9999 -9999 -9999 -9999 -9999 -9999 -9999 -9999 -9999 -9999 -9999 -9999 -9999 -9999 -9999 -9999 -9999 -9999 -9999 -9999 -9999 -9999 -9999 -9999 -9999 -9999 -9999 -9999 -9999 -9999 -9999 -9999 -9999 -9999 -9999 -9999 -9999 -9999 -9999 -9999 215 206 205 201 216 219 218 218 222 223 223 223 218 218 204 201 180 132 95 84 92 49 86 139 163 163 151 145 144 154 143 138 177 187 198 202 196 210
-9999 -9999 -9999 -9999 -9999 -9999 -9999 -9999 -9999 -9999 -9999 -9999 -9999 -9999 -9999 -9999 -9999 -9999 -9999 -9999 -9999 -9999 -9999 -9999 -9999 -9999 -9999 -9999 -9999 -9999 -9999 -9999 -9999 -9999 -9999 -9999 -9999 -9999 -9999 -9999 -9999 -9999 -9999 -9999 -9999 -9999 -9999 -9999 -9999 -9999 -9999 -9999 209 211 209 210 217 214 219 222 223 224 224 216 213 190 195 193 165 157 145 105 91 135 175 164 139 123 109 126 148 149 127 174 169 188 187 191 201
-9999 -9999 -9999 -9999 -9999 -9999 -9999 -9999 -9999 -9999 -9999 -9999 -9999 -9999 -9999 -9999 -9999 -9999 -9999 -9999 -9999 -9999 -9999 -9999 -9999 -9999 -9999 -9999 -9999 -9999 -9999 -9999 -9999 -9999 -9999 -9999 -9999 -9999 -9999 -9999 -9999 -9999 -9999 -9999 -9999 -9999 -9999 -9999 -9999 -9999 -9999 -9999 209 203 207 203 212 212 220 222 224 225 224 220 213 190 185 182 164 155 141 132 91 131 162 136 113 79 93 110 135 137 150 146 152 174 183 187 197
-9999 -9999 -9999 -9999 -9999 -9999 -9999 -9999 -9999 -9999 -9999 -9999 -9999 -9999 -9999 -9999 -9999 -9999 -9999 -9999 -9999 -9999 -9999 -9999 -9999 -9999 -9999 -9999 -9999 -9999 -9999 -9999 -9999 -9999 -9999 -9999 -9999 -9999 -9999 -9999 -9999 -9999 -9999 -9999 -9999 -9999 -9999 -9999 -9999 -9999 -9999 -9999 208 200 203 198 205 212 220 222 224 224 225 220 194 182 179 171 142 161 163 147 109 161 140 91 70 62 81 112 133 151 139 137 148 162 174 186 197
-9999 -9999 -9999 -9999 -9999 -9999 -9999 -9999 -9999 -9999 -9999 -9999 -9999 -9999 -9999 -9999 -9999 -9999 -9999 -9999 -9999 -9999 -9999 -9999 -9999 -9999 -9999 -9999 -9999 -9999 -9999 -9999 -9999 -9999 -9999 -9999 -9999 -9999 -9999 -9999 -9999 -9999 -9999 -9999 -9999 -9999 -9999 -9999 -9999 -9999 -9999 -9999 -9999 206 203 198 192 209 217 221 225 225 225 220 195 177 172 169 129 147 154 149 119 173 113 61 72 70 74 101 127 146 160 149 152 160 173 185 198
-9999 -9999 -9999 -9999 -9999 -9999 -9999 -9999 -9999 -9999 -9999 -9999 -9999 -9999 -9999 -9999 -9999 -9999 -9999 -9999 -9999 -9999 -9999 -9999 -9999 -9999 -9999 -9999 -9999 -9999 -9999 -9999 -9999 -9999 -9999 -9999 -9999 -9999 -9999 -9999 -9999 -9999 -9999 -9999 -9999 -9999 -9999 -9999 -9999 -9999 -9999 -9999 -9999 -9999 213 200 203 213 217 220 223 224 223 221 188 173 179 180 139 119 132 127 117 167 154 71 76 82 80 91 126 142 167 155 159 166 173 185 199
-9999 -9999 -9999 -9999 -9999 -9999 -9999 -9999 -9999 -9999 -9999 -9999 -9999 -9999 -9999 -9999 -9999 -9999 -9999 -9999 -9999 -9999 -9999 -9999 -9999 -9999 -9999 -9999 -9999 -9999 -9999 -9999 -9999 -9999 -9999 -9999 -9999 -9999 -9999 -9999 -9999 -9999 -9999 -9999 -9999 -9999 -9999 -9999 -9999 -9999 -9999 -9999 -9999 -9999 -9999 207 208 214 215 219 221 222 222 220 203 185 189 184 144 100 94 101 116 162 172 90 78 98 95 96 120 150 164 157 162 168 174 184 204
-9999 -9999 -9999 -9999 -9999 -9999 -9999 -9999 -9999 -9999 -9999 -9999 -9999 -9999 -9999 -9999 -9999 -9999 -9999 -9999 -9999 -9999 -9999 -9999 -9999 -9999 -9999 -9999 -9999 -9999 -9999 -9999 -9999 -9999 -9999 -9999 -9999 -9999 -9999 -9999 -9999 -9999 -9999 -9999 -9999 -9999 -9999 -9999 -9999 -9999 -9999 -9999 -9999 -9999 -9999 -9999 202 206 212 216 219 220 220 216 202 194 197 190 157 108 89 79 124 172 196 142 87 105 108 119 148 161 154 163 171 174 178 186 201
-9999 -9999 -9999 -9999 -9999 -9999 -9999 -9999 -9999 -9999 -9999 -9999 -9999 -9999 -9999 -9999 -9999 -9999 -9999 -9999 -9999 -9999 -9999 -9999 -9999 -9999 -9999 -9999 -9999 -9999 -9999 -9999 -9999 -9999 -9999 -9999 -9999 -9999 -9999 -9999 -9999 -9999 -9999 -9999 -9999 -9999 -9999 -9999 -9999 -9999 -9999 -9999 -9999 -9999 -9999 -9999 196 198 210 212 215 217 219 218 214 183 201 181 160 130 55 75 119 168 192 164 99 103 112 129 147 132 142 155 168 177 182 192 202
-9999 -9999 -9999 -9999 -9999 -9999 -9999 -9999 -9999 -9999 -9999 -9999 -9999 -9999 -9999 -9999 -9999 -9999 -9999 -9999 -9999 -9999 -9999 -9999 -9999 -9999 -9999 -9999 -9999 -9999 -9999 -9999 -9999 -9999 -9999 -9999 -9999 -9999 -9999 -9999 -9999 -9999 -9999 -9999 -9999 -9999 -9999 -9999 -9999 -9999 -9999 -9999 -9999 -9999 -9999 211 196 199 205 210 213 216 218 219 219 179 195 175 155 141 114 99 120 174 173 145 99 124 144 128 115 133 148 163 172 183 188 197 206
