bio_clim/bio_18.asc
ncols         156
nrows         252
xllcorner     -82
yllcorner     -8
cellsize      0.083333337679505
NODATA_value  -9999
[rows 117 to 155 of 252, columns 0 to 87 of 156]
-9999 -9999 -9999 -9999 -9999 -9999 -9999 -9999 -9999 -9999 -9999 -9999 -9999 -9999 -9999 -9999 -9999 -9999 -9999 -9999 -9999 -9999 -9999 -9999 -9999 -9999 -9999 -9999 -9999 -9999 -9999 -9999 -9999 -9999 -9999 -9999 -9999 -9999 -9999 -9999 -9999 -9999 -9999 -9999 -9999 -9999 -9999 -9999 -9999 -9999 -9999 -9999 -9999 1694 1751 1795 1787 1747 1638 869 671 674 610 549 635 531 494 477 384 427 485 545 489 482 534 641 284 582 259 220 129 119 116 144 330 316 357 335
-9999 -9999 -9999 -9999 -9999 -9999 -9999 -9999 -9999 -9999 -9999 -9999 -9999 -9999 -9999 -9999 -9999 -9999 -9999 -9999 -9999 -9999 -9999 -9999 -9999 -9999 -9999 -9999 -9999 -9999 -9999 -9999 -9999 -9999 -9999 -9999 -9999 -9999 -9999 -9999 -9999 -9999 -9999 -9999 -9999 -9999 -9999 -9999 -9999 -9999 -9999 -9999 -9999 1739 1849 1956 2028 1771 1274 838 965 729 691 559 612 441 429 433 457 433 499 565 541 489 436 524 576 649 242 171 115 103 109 174 408 376 349 367
-9999 -9999 -9999 -9999 -9999 -9999 -9999 -9999 -9999 -9999 -9999 -9999 -9999 -9999 -9999 -9999 -9999 -9999 -9999 -9999 -9999 -9999 -9999 -9999 -9999 -9999 -9999 -9999 -9999 -9999 -9999 -9999 -9999 -9999 -9999 -9999 -9999 -9999 -9999 -9999 -9999 -9999 -9999 -9999 -9999 -9999 -9999 -9999 -9999 -9999 -9999 -9999 1647 1787 1947 2116 2251 2040 1613 792 748 738 623 591 513 587 551 479 476 380 529 571 528 449 557 508 493 633 206 124 98 91 132 345 337 366 359 360
-9999 -9999 -9999 -9999 -9999 -9999 -9999 -9999 -9999 -9999 -9999 -9999 -9999 -9999 -9999 -9999 -9999 -9999 -9999 -9999 -9999 -9999 -9999 -9999 -9999 -9999 -9999 -9999 -9999 -9999 -9999 -9999 -9999 -9999 -9999 -9999 -9999 -9999 -9999 -9999 -9999 -9999 -9999 -9999 -9999 -9999 -9999 -9999 -9999 -9999 -9999 -9999 1637 1808 2018 2240 2416 2426 1466 1215 814 679 652 706 678 544 594 512 481 415 519 586 537 505 474 504 587 499 155 106 95 95 391 351 410 471 477 366
-9999 -9999 -9999 -9999 -9999 -9999 -9999 -9999 -9999 -9999 -9999 -9999 -9999 -9999 -9999 -9999 -9999 -9999 -9999 -9999 -9999 -9999 -9999 -9999 -9999 -9999 -9999 -9999 -9999 -9999 -9999 -9999 -9999 -9999 -9999 -9999 -9999 -9999 -9999 -9999 -9999 -9999 -9999 -9999 -9999 -9999 -9999 -9999 -9999 -9999 -9999 -9999 1635 1827 2037 2224 2424 2442 1892 1553 867 410 756 713 697 584 570 491 411 490 496 505 422 544 517 494 576 470 136 108 100 119 353 444 501 488 474 370
-9999 -9999 -9999 -9999 -9999 -9999 -9999 -9999 -9999 -9999 -9999 -9999 -9999 -9999 -9999 -9999 -9999 -9999 -9999 -9999 -9999 -9999 -9999 -9999 -9999 -9999 -9999 -9999 -9999 -9999 -9999 -9999 -9999 -9999 -9999 -9999 -9999 -9999 -9999 -9999 -9999 -9999 -9999 -9999 -9999 -9999 -9999 -9999 -9999 -9999 -9999 -9999 1669 1843 2022 2130 2085 1755 1538 1098 790 421 736 712 708 657 629 418 433 456 394 459 371 508 493 460 531 507 483 122 113 427 462 448 423 399 389 380
-9999 -9999 -9999 -9999 -9999 -9999 -9999 -9999 -9999 -9999 -9999 -9999 -9999 -9999 -9999 -9999 -9999 -9999 -9999 -9999 -9999 -9999 -9999 -9999 -9999 -9999 -9999 -9999 -9999 -9999 -9999 -9999 -9999 -9999 -9999 -9999 -9999 -9999 -9999 -9999 -9999 -9999 -9999 -9999 -9999 -9999 -9999 -9999 -9999 -9999 1413 1549 1684 1804 1918 1895 1355 1427 1321 868 782 404 414 724 305 256 592 378 481 461 411 475 395 455 430 456 491 438 135 128 281 475 480 455 347 311 393 288
-9999 -9999 -9999 -9999 -9999 -9999 -9999 -9999 -9999 -9999 -9999 -9999 -9999 -9999 -9999 -9999 -9999 -9999 -9999 -9999 -9999 -9999 -9999 -9999 -9999 -9999 -9999 -9999 -9999 -9999 -9999 -9999 -9999 -9999 -9999 -9999 -9999 -9999 -9999 -9999 -9999 -9999 -9999 1032 1054 1072 1083 1094 1107 1185 1409 1612 1680 1699 1682 1376 1062 1057 1145 861 467 765 391 334 287 244 486 375 471 485 449 391 385 407 467 428 441 418 395 372 371 475 484 554 435 321 303 304
-9999 -9999 -9999 -9999 -9999 -9999 -9999 -9999 -9999 -9999 -9999 -9999 -9999 -9999 -9999 -9999 -9999 -9999 -9999 -9999 -9999 -9999 -9999 -9999 -9999 -9999 -9999 -9999 -9999 -9999 -9999 -9999 -9999 -9999 -9999 -9999 -9999 -9999 -9999 -9999 -9999 -9999 1012 1039 1061 1080 1091 1098 1106 1166 1388 1576 1610 1461 1181 1032 932 984 524 522 422 381 339 314 266 242 576 359 448 468 349 460 385 398 472 438 426 397 375 362 362 497 489 459 342 316 319 318
-9999 -9999 -9999 -9999 -9999 -9999 -9999 -9999 -9999 -9999 -9999 -9999 -9999 -9999 -9999 -9999 -9999 -9999 -9999 -9999 -9999 -9999 -9999 -9999 -9999 -9999 -9999 -9999 -9999 -9999 -9999 -9999 -9999 -9999 -9999 -9999 -9999 -9999 -9999 -9999 -9999 986 1018 1053 1080 1103 1118 1131 1155 1219 1348 1459 1455 1163 935 899 888 513 451 426 832 311 280 270 230 243 491 461 431 431 395 388 472 406 407 411 393 368 455 399 419 506 480 364 324 333 334 358
-9999 -9999 -9999 -9999 -9999 -9999 -9999 -9999 -9999 -9999 -9999 -9999 -9999 -9999 -9999 -9999 -9999 -9999 -9999 -9999 -9999 -9999 -9999 -9999 -9999 -9999 -9999 -9999 -9999 -9999 -9999 -9999 -9999 -9999 -9999 -9999 -9999 -9999 -9999 -9999 -9999 990 1036 1078 1111 1138 1158 1175 1201 1243 1304 1330 1246 935 861 860 850 406 838 342 336 348 306 228 244 634 510 531 498 430 332 389 409 419 491 455 357 338 481 509 600 494 376 346 341 349 361 373
-9999 -9999 -9999 -9999 -9999 -9999 -9999 -9999 -9999 -9999 -9999 -9999 -9999 -9999 -9999 -9999 -9999 -9999 -9999 -9999 -9999 -9999 -9999 -9999 -9999 -9999 -9999 -9999 -9999 -9999 -9999 -9999 -9999 -9999 -9999 -9999 -9999 -9999 -9999 -9999 955 1004 1061 1109 1152 1184 1207 1224 1237 1249 1261 1256 1042 512 863 825 818 332 811 310 318 308 283 248 698 534 542 617 470 432 487 478 471 501 403 340 310 338 505 597 505 393 349 346 351 357 362 370
-9999 -9999 -9999 -9999 -9999 -9999 -9999 -9999 -9999 -9999 -9999 -9999 -9999 -9999 -9999 -9999 -9999 -9999 -9999 -9999 -9999 -9999 -9999 -9999 -9999 -9999 -9999 -9999 -9999 -9999 -9999 -9999 -9999 -9999 -9999 -9999 -9999 -9999 -9999 -9999 951 1020 1090 1149 1201 1240 1265 1273 1267 1251 1221 1170 924 817 789 809 801 809 281 282 268 265 252 273 638 534 500 508 463 463 485 457 478 469 346 304 287 375 512 511 402 363 337 343 351 365 359 366
-9999 -9999 -9999 -9999 -9999 -9999 -9999 -9999 -9999 -9999 -9999 -9999 -9999 -9999 -9999 -9999 -9999 -9999 -9999 -9999 -9999 -9999 -9999 -9999 -9999 -9999 -9999 -9999 -9999 -9999 -9999 -9999 -9999 -9999 -9999 -9999 -9999 -9999 -9999 -9999 955 1040 1120 1194 1260 1306 1331 1330 1302 1257 1210 1049 858 426 366 735 772 733 247 224 233 224 226 703 560 562 505 433 504 495 497 485 489 344 317 294 328 520 509 514 353 340 345 356 368 386 365 368
-9999 -9999 -9999 -9999 -9999 -9999 -9999 -9999 -9999 -9999 -9999 -9999 -9999 -9999 -9999 -9999 -9999 -9999 -9999 -9999 -9999 -9999 -9999 -9999 -9999 -9999 -9999 -9999 -9999 -9999 -9999 -9999 -9999 -9999 -9999 -9999 -9999 -9999 -9999 -9999 956 1060 1153 1248 1329 1386 1410 1396 1344 1262 1152 913 470 416 325 728 684 227 206 201 204 223 713 570 512 488 444 494 556 468 445 430 391 312 293 314 506 529 517 509 340 344 379 403 441 413 390 378
-9999 -9999 -9999 -9999 -9999 -9999 -9999 -9999 -9999 -9999 -9999 -9999 -9999 -9999 -9999 -9999 -9999 -9999 -9999 -9999 -9999 -9999 -9999 -9999 -9999 -9999 -9999 -9999 -9999 -9999 -9999 -9999 -9999 -9999 -9999 -9999 -9999 -9999 -9999 -9999 -9999 1079 1196 1308 1410 1480 1504 1474 1375 1272 1019 849 740 376 296 641 220 199 187 190 192 616 562 520 527 481 548 553 438 415 373 298 385 396 294 343 528 497 353 514 373 419 530 516 475 438 411 395
-9999 -9999 -9999 -9999 -9999 -9999 -9999 -9999 -9999 -9999 -9999 -9999 -9999 -9999 -9999 -9999 -9999 -9999 -9999 -9999 -9999 -9999 -9999 -9999 -9999 -9999 -9999 -9999 -9999 -9999 -9999 -9999 -9999 -9999 -9999 -9999 -9999 -9999 -9999 -9999 -9999 1116 1239 1370 1497 1589 1616 1319 1222 1241 1004 866 716 604 284 187 212 194 194 192 167 175 551 446 536 537 507 549 422 387 373 280 396 391 308 519 506 333 358 352 384 556 558 527 493 456 428 407
-9999 -9999 -9999 -9999 -9999 -9999 -9999 -9999 -9999 -9999 -9999 -9999 -9999 -9999 -9999 -9999 -9999 -9999 -9999 -9999 -9999 -9999 -9999 -9999 -9999 -9999 -9999 -9999 -9999 -9999 -9999 -9999 -9999 -9999 -9999 -9999 -9999 -9999 754 -9999 954 1113 1271 1436 1583 1709 1737 1638 1443 1179 978 804 417 337 275 291 200 208 209 182 167 486 489 477 506 502 492 533 576 436 392 403 312 308 494 513 346 400 370 362 460 578 556 527 496 464 437 415
-9999 -9999 -9999 -9999 -9999 -9999 -9999 -9999 -9999 -9999 -9999 -9999 -9999 -9999 -9999 -9999 -9999 -9999 -9999 -9999 -9999 -9999 -9999 -9999 -9999 -9999 -9999 -9999 -9999 -9999 -9999 -9999 -9999 -9999 -9999 -9999 -9999 760 802 876 994 1140 1305 1481 1389 1513 1546 1437 1247 1005 874 815 299 302 259 207 210 221 203 515 520 562 589 526 489 517 522 532 572 501 448 431 434 478 373 355 490 522 450 376 507 559 380 518 493 465 441 420
-9999 -9999 -9999 -9999 -9999 -9999 -9999 -9999 -9999 -9999 -9999 -9999 -9999 -9999 -9999 -9999 -9999 -9999 -9999 -9999 -9999 -9999 -9999 -9999 -9999 -9999 -9999 -9999 -9999 -9999 -9999 -9999 -9999 -9999 -9999 -9999 758 802 855 922 1029 1179 1324 1263 1630 1488 1468 1404 1187 1032 979 768 507 576 246 239 230 213 181 520 500 647 605 575 502 533 559 583 620 552 558 504 408 462 477 470 469 460 429 406 401 385 363 354 483 460 439 420
-9999 -9999 -9999 -9999 -9999 -9999 -9999 -9999 -9999 -9999 -9999 -9999 -9999 -9999 -9999 -9999 -9999 -9999 -9999 -9999 -9999 -9999 -9999 -9999 -9999 -9999 -9999 -9999 -9999 -9999 -9999 -9999 -9999 -9999 -9999 -9999 -9999 845 904 956 1051 1179 1324 1241 1534 1588 1312 1241 1286 987 979 654 589 550 290 250 195 544 538 533 603 677 588 546 497 528 587 514 526 681 580 539 460 499 485 478 454 438 425 411 394 373 357 346 337 328 436 419
-9999 -9999 -9999 -9999 -9999 -9999 -9999 -9999 -9999 -9999 -9999 -9999 -9999 -9999 -9999 -9999 -9999 -9999 -9999 -9999 -9999 -9999 -9999 -9999 -9999 -9999 -9999 -9999 -9999 -9999 -9999 -9999 -9999 -9999 -9999 -9999 -9999 -9999 933 982 1058 1168 1297 1411 1477 1495 1539 1225 1331 1169 978 303 564 235 251 171 193 182 176 509 651 676 576 521 545 548 477 544 547 555 574 439 474 536 506 477 448 423 406 401 382 367 353 342 333 325 317 416
-9999 -9999 -9999 -9999 -9999 -9999 -9999 -9999 -9999 -9999 -9999 -9999 -9999 -9999 -9999 -9999 -9999 -9999 -9999 -9999 -9999 -9999 -9999 -9999 -9999 -9999 -9999 -9999 -9999 -9999 -9999 -9999 -9999 -9999 -9999 -9999 -9999 -9999 950 992 1046 1118 1221 1334 1447 1562 1839 1472 1220 1053 945 249 529 194 234 523 150 472 477 498 689 663 636 565 539 663 519 517 561 475 599 561 577 558 513 485 454 425 403 391 378 364 353 342 331 323 425 413
-9999 -9999 -9999 -9999 -9999 -9999 -9999 -9999 -9999 -9999 -9999 -9999 -9999 -9999 -9999 -9999 -9999 -9999 -9999 -9999 -9999 -9999 -9999 -9999 -9999 -9999 -9999 -9999 -9999 -9999 -9999 -9999 -9999 -9999 -9999 -9999 887 915 938 983 1035 1067 1141 1075 1458 1737 1541 868 803 737 606 503 485 491 448 472 451 472 544 561 679 794 636 499 604 755 732 533 579 597 556 605 746 670 602 508 544 435 414 394 379 363 351 341 330 321 314 408
-9999 -9999 -9999 -9999 -9999 -9999 -9999 -9999 -9999 -9999 -9999 -9999 -9999 -9999 -9999 -9999 -9999 -9999 -9999 -9999 -9999 -9999 -9999 -9999 -9999 -9999 -9999 -9999 -9999 -9999 -9999 -9999 -9999 -9999 -9999 816 862 885 901 917 1007 1059 1118 1261 1291 1358 1129 894 637 514 488 478 462 442 421 519 362 474 640 623 541 647 498 527 796 688 520 573 670 741 791 784 746 681 619 576 547 524 421 400 382 365 352 341 330 321 313 305
-9999 -9999 -9999 -9999 -9999 -9999 -9999 -9999 -9999 -9999 -9999 -9999 -9999 -9999 -9999 -9999 -9999 -9999 -9999 -9999 -9999 -9999 -9999 -9999 -9999 -9999 -9999 -9999 -9999 -9999 -9999 -9999 -9999 -9999 761 800 823 856 857 867 937 1085 1064 1195 1327 1194 688 728 504 461 440 460 407 392 390 389 428 519 503 523 446 694 792 713 863 823 637 798 831 819 803 775 734 683 630 536 552 524 500 405 385 367 353 341 330 321 412 307
-9999 -9999 -9999 -9999 -9999 -9999 -9999 -9999 -9999 -9999 -9999 -9999 -9999 -9999 -9999 -9999 -9999 -9999 -9999 -9999 -9999 -9999 -9999 -9999 -9999 -9999 -9999 -9999 -9999 -9999 387 476 592 712 819 873 871 873 860 803 942 1098 1119 1200 1157 943 730 529 443 412 415 378 355 354 374 393 467 491 474 620 629 422 521 838 909 880 866 858 840 820 795 766 725 680 634 592 556 525 497 474 387 368 353 341 332 322 315 307
-9999 -9999 -9999 -9999 -9999 -9999 -9999 -9999 -9999 -9999 -9999 -9999 -9999 -9999 -9999 -9999 -9999 -9999 -9999 -9999 -9999 -9999 -9999 -9999 -9999 -9999 -9999 306 298 346 409 507 634 769 903 999 1012 953 922 905 982 1125 1077 814 797 685 513 417 410 459 399 332 358 337 337 481 479 492 491 611 407 462 555 893 918 925 893 855 836 815 788 756 717 675 633 593 557 525 495 411 603 368 354 342 332 324 316 311
-9999 -9999 -9999 -9999 -9999 -9999 -9999 -9999 -9999 -9999 -9999 -9999 -9999 -9999 -9999 -9999 -9999 -9999 -9999 -9999 -9999 -9999 -9999 -9999 -9999 -9999 382 362 373 471 512 572 699 830 953 1060 1058 1007 946 970 1048 986 992 749 579 504 434 381 414 428 330 308 301 321 377 451 385 511 365 438 508 735 849 915 940 960 884 957 947 810 780 747 710 670 630 592 556 523 637 613 386 576 353 343 385 326 319 407
-9999 -9999 -9999 -9999 -9999 -9999 -9999 -9999 -9999 -9999 -9999 -9999 -9999 -9999 -9999 -9999 -9999 -9999 -9999 -9999 -9999 -9999 -9999 612 603 575 470 460 476 523 580 660 777 883 984 1060 1053 992 953 948 900 752 782 730 656 476 375 342 450 379 307 326 318 314 413 394 360 340 459 596 752 836 857 884 909 929 944 946 938 920 895 738 702 793 626 589 554 522 631 464 584 566 555 344 336 327 322 316
-9999 -9999 -9999 -9999 -9999 -9999 -9999 -9999 -9999 -9999 -9999 -9999 -9999 -9999 -9999 -9999 -9999 -9999 -9999 -9999 -9999 -9999 -9999 679 686 657 555 557 618 607 712 764 858 935 1009 1045 1023 974 935 889 803 720 634 540 490 435 327 374 379 382 339 318 355 358 309 315 335 476 635 759 784 809 836 863 881 901 927 935 927 907 881 849 814 779 744 584 551 520 623 599 578 561 355 544 387 331 325 366
-9999 -9999 -9999 -9999 -9999 -9999 -9999 -9999 -9999 -9999 -9999 -9999 -9999 -9999 -9999 -9999 -9999 -9999 -9999 -9999 -9999 -9999 -9999 -9999 782 745 641 676 714 708 802 882 954 1026 1038 1040 1016 941 877 820 766 693 626 515 454 344 298 286 275 287 288 333 320 311 305 338 376 591 712 751 782 800 823 853 877 902 930 933 919 894 865 832 682 648 730 580 669 641 617 593 575 561 407 398 388 336 329 368
-9999 -9999 -9999 -9999 -9999 -9999 -9999 -9999 -9999 -9999 -9999 -9999 -9999 -9999 -9999 -9999 -9999 -9999 -9999 -9999 -9999 -9999 -9999 -9999 812 797 809 843 785 831 882 992 1081 1096 1091 1062 965 909 893 791 749 648 480 449 392 295 234 214 244 290 299 297 317 300 311 336 531 698 701 738 766 789 816 853 891 935 953 934 908 880 848 814 781 638 715 686 545 516 610 589 444 560 412 402 392 384 435 432
-9999 -9999 -9999 -9999 -9999 -9999 -9999 -9999 -9999 -9999 -9999 -9999 -9999 -9999 -9999 -9999 -9999 -9999 -9999 -9999 -9999 -9999 -9999 746 786 814 881 853 884 929 984 1039 1120 1154 1153 1101 951 988 932 831 705 659 474 468 422 270 184 178 194 249 281 273 287 328 325 442 660 658 686 724 748 773 807 850 894 939 949 923 892 860 828 795 762 730 699 672 540 623 490 467 448 430 369 405 351 446 381 375
-9999 -9999 -9999 -9999 -9999 -9999 -9999 -9999 -9999 -9999 -9999 -9999 -9999 -9999 -9999 -9999 -9999 -9999 -9999 -9999 -9999 -9999 -9999 -9999 746 816 808 910 1073 1065 1119 1106 1173 1296 1222 1155 993 981 891 796 648 640 534 464 366 279 219 241 208 259 276 269 297 374 391 612 633 659 688 717 743 764 801 844 882 911 916 898 870 840 807 774 742 712 682 657 536 512 489 469 451 434 421 410 357 392 453 452
-9999 -9999 -9999 -9999 -9999 -9999 -9999 -9999 -9999 -9999 -9999 -9999 -9999 -9999 -9999 -9999 -9999 -9999 -9999 -9999 -9999 -9999 -9999 -9999 698 791 979 1078 1060 1125 1065 1248 1225 1392 1330 1248 1021 956 897 826 710 586 495 435 351 329 279 336 281 305 270 311 363 528 643 657 633 669 702 729 752 773 805 841 870 887 888 872 846 818 786 754 722 693 665 642 533 510 489 470 453 439 425 414 404 396 464 464
-9999 -9999 -9999 -9999 -9999 -9999 -9999 -9999 -9999 -9999 -9999 -9999 -9999 -9999 -9999 -9999 -9999 -9999 -9999 -9999 -9999 -9999 -9999 -9999 -9999 814 1002 1049 1094 1163 1235 1292 1367 1513 1619 1389 1092 833 858 792 730 544 462 402 364 335 346 365 274 326 253 342 622 652 570 634 656 687 726 758 784 805 828 851 864 870 865 847 824 796 767 734 701 673 575 552 531 509 489 471 455 441 430 418 409 400 393 475
-9999 -9999 -9999 -9999 -9999 -9999 -9999 -9999 -9999 -9999 -9999 -9999 -9999 -9999 -9999 -9999 -9999 -9999 -9999 -9999 -9999 -9999 -9999 569 679 860 1026 1067 1133 1208 1308 1380 1466 1552 1774 1498 1124 1070 976 883 736 528 386 328 432 378 347 279 273 265 270 396 560 806 598 672 705 715 756 791 820 840 856 864 865 859 851 831 808 781 749 718 684 589 567 547 527 507 489 473 456 443 433 481 481 483 485 487
-9999 -9999 -9999 -9999 -9999 -9999 -9999 -9999 -9999 -9999 -9999 -9999 -9999 -9999 -9999 -9999 -9999 -9999 -9999 -9999 -9999 -9999 -9999 572 741 842 997 1104 1159 1273 1375 1478 1610 1731 1867 1677 1289 1277 1008 830 620 485 372 303 311 294 300 330 329 272 270 300 539 819 772 657 711 744 788 829 862 878 879 871 864 852 838 817 790 763 736 706 676 586 563 542 523 505 488 472 459 447 437 485 421 489 495 500
