bio_clim/bio_13.asc
ncols         156
nrows         252
xllcorner     -82
yllcorner     -8
cellsize      0.083333337679505
NODATA_value  -9999
[rows 39 to 77 of 252, columns 0 to 88 of 156]
-9999 -9999 -9999 -9999 -9999 -9999 -9999 -9999 -9999 -9999 -9999 -9999 -9999 -9999 -9999 -9999 -9999 -9999 -9999 -9999 -9999 -9999 -9999 -9999 -9999 -9999 -9999 -9999 -9999 -9999 -9999 -9999 -9999 -9999 -9999 -9999 -9999 -9999 -9999 -9999 -9999 -9999 -9999 -9999 -9999 -9999 -9999 -9999 -9999 -9999 -9999 -9999 -9999 -9999 -9999 -9999 -9999 -9999 -9999 -9999 -9999 -9999 -9999 -9999 -9999 -9999 -9999 -9999 -9999 -9999 -9999 -9999 -9999 -9999 -9999 -9999 201 203 211 221 211 196 175 164 146 132 133 145 161
-9999 -9999 -9999 -9999 -9999 -9999 -9999 -9999 -9999 -9999 -9999 -9999 -9999 -9999 -9999 -9999 -9999 -9999 -9999 -9999 -9999 -9999 -9999 -9999 -9999 -9999 -9999 -9999 -9999 -9999 -9999 -9999 -9999 -9999 -9999 -9999 -9999 -9999 -9999 -9999 -9999 -9999 -9999 -9999 -9999 -9999 -9999 -9999 -9999 -9999 -9999 -9999 -9999 -9999 -9999 -9999 -9999 -9999 -9999 -9999 -9999 -9999 -9999 -9999 -9999 -9999 -9999 -9999 -9999 -9999 -9999 -9999 -9999 -9999 -9999 -9999 -9999 205 209 212 201 192 177 165 148 139 140 151 167
-9999 -9999 -9999 -9999 -9999 -9999 -9999 -9999 -9999 -9999 -9999 -9999 -9999 -9999 -9999 -9999 -9999 -9999 -9999 -9999 -9999 -9999 -9999 -9999 -9999 -9999 -9999 -9999 536 486 446 421 394 373 361 352 -9999 -9999 -9999 -9999 -9999 -9999 -9999 -9999 -9999 -9999 -9999 -9999 -9999 -9999 -9999 -9999 -9999 -9999 -9999 -9999 -9999 -9999 -9999 -9999 -9999 -9999 -9999 -9999 -9999 -9999 -9999 -9999 -9999 -9999 -9999 -9999 -9999 -9999 -9999 -9999 -9999 210 217 204 199 187 176 166 156 147 150 161 179
-9999 -9999 -9999 -9999 -9999 -9999 -9999 -9999 -9999 -9999 -9999 -9999 -9999 -9999 -9999 -9999 -9999 -9999 -9999 -9999 -9999 -9999 -9999 -9999 -9999 -9999 -9999 544 490 469 445 419 403 379 365 -9999 375 -9999 -9999 -9999 -9999 -9999 -9999 -9999 -9999 -9999 -9999 -9999 -9999 -9999 -9999 -9999 -9999 -9999 -9999 -9999 -9999 -9999 -9999 -9999 -9999 -9999 -9999 -9999 -9999 -9999 -9999 -9999 -9999 -9999 -9999 -9999 -9999 -9999 -9999 -9999 -9999 205 207 201 191 177 172 167 163 155 158 174 197
-9999 -9999 -9999 -9999 -9999 -9999 -9999 -9999 -9999 -9999 -9999 -9999 -9999 -9999 -9999 -9999 -9999 -9999 -9999 -9999 -9999 -9999 -9999 -9999 -9999 549 535 500 469 418 413 408 447 423 406 403 410 420 423 406 379 344 333 -9999 -9999 -9999 -9999 -9999 -9999 -9999 -9999 -9999 -9999 -9999 -9999 -9999 -9999 -9999 -9999 -9999 -9999 -9999 -9999 -9999 -9999 -9999 -9999 -9999 -9999 -9999 -9999 -9999 210 207 196 187 187 188 183 174 163 163 166 170 175 164 169 198 235
-9999 -9999 -9999 -9999 -9999 -9999 -9999 -9999 -9999 -9999 -9999 -9999 -9999 -9999 -9999 -9999 -9999 -9999 -9999 -9999 -9999 -9999 -9999 -9999 513 502 486 441 383 370 409 466 509 469 448 457 457 449 438 418 396 374 340 324 324 -9999 -9999 -9999 -9999 -9999 -9999 -9999 -9999 -9999 -9999 -9999 -9999 -9999 -9999 -9999 -9999 -9999 -9999 -9999 -9999 -9999 -9999 -9999 -9999 -9999 -9999 202 210 210 200 187 176 172 164 164 150 158 168 177 181 175 178 243 300
-9999 -9999 -9999 -9999 -9999 -9999 -9999 -9999 -9999 -9999 -9999 -9999 -9999 -9999 -9999 -9999 -9999 -9999 -9999 -9999 -9999 -9999 513 479 447 432 413 376 331 335 467 564 479 445 433 408 409 414 422 408 374 340 338 338 324 314 313 320 -9999 -9999 -9999 -9999 -9999 -9999 -9999 -9999 -9999 -9999 -9999 -9999 -9999 -9999 -9999 -9999 -9999 -9999 -9999 -9999 -9999 -9999 194 197 204 205 198 191 182 173 168 170 165 163 176 188 193 198 218 286 336
-9999 407 -9999 -9999 -9999 -9999 -9999 -9999 -9999 -9999 -9999 -9999 -9999 -9999 -9999 -9999 -9999 -9999 541 500 484 483 459 413 378 377 368 336 329 329 375 399 376 372 373 378 415 443 449 433 372 304 290 308 320 315 305 287 280 -9999 -9999 -9999 -9999 -9999 -9999 -9999 -9999 -9999 -9999 -9999 -9999 -9999 -9999 -9999 -9999 -9999 -9999 -9999 -9999 -9999 191 190 197 201 201 195 188 181 183 194 187 182 189 202 210 229 267 324 360
-9999 -9999 410 -9999 -9999 -9999 -9999 -9999 -9999 -9999 -9999 -9999 -9999 -9999 -9999 -9999 504 537 508 472 445 435 410 379 358 356 351 357 322 310 307 317 328 347 369 394 467 493 496 472 405 317 282 309 323 311 297 283 266 240 -9999 -9999 -9999 -9999 -9999 -9999 -9999 -9999 -9999 -9999 -9999 -9999 -9999 -9999 -9999 -9999 -9999 -9999 -9999 191 183 183 189 197 202 197 192 189 190 198 199 204 208 213 224 249 291 356 402
-9999 416 -9999 410 -9999 -9999 -9999 -9999 -9999 -9999 -9999 -9999 -9999 -9999 -9999 442 461 515 479 444 410 416 415 402 381 374 362 339 333 294 -9999 -9999 -9999 -9999 -9999 -9999 445 481 512 491 462 384 348 320 317 306 290 272 262 241 226 -9999 -9999 -9999 -9999 -9999 -9999 -9999 -9999 -9999 -9999 -9999 -9999 -9999 -9999 -9999 -9999 -9999 195 184 177 176 180 188 191 192 193 196 200 206 214 227 234 236 248 280 323 387 423
426 414 397 394 384 -9999 -9999 -9999 -9999 -9999 -9999 -9999 -9999 381 388 388 390 432 418 387 407 429 434 423 398 368 349 -9999 -9999 -9999 -9999 -9999 -9999 -9999 -9999 -9999 -9999 480 490 481 456 443 418 354 333 309 287 266 248 233 234 226 -9999 -9999 -9999 -9999 -9999 -9999 -9999 -9999 -9999 -9999 -9999 -9999 -9999 -9999 -9999 223 199 184 177 170 175 182 177 186 195 203 213 220 230 246 262 270 285 314 352 410 440
428 418 422 417 410 415 417 415 -9999 -9999 415 415 412 408 397 401 379 364 386 387 402 442 465 447 440 368 344 -9999 -9999 -9999 -9999 -9999 -9999 -9999 -9999 -9999 -9999 -9999 -9999 481 443 430 424 370 348 308 291 268 247 231 238 231 232 -9999 -9999 -9999 -9999 -9999 -9999 -9999 -9999 -9999 -9999 -9999 -9999 -9999 237 220 203 188 179 170 169 175 179 193 204 213 224 231 242 259 289 302 314 337 384 431 464
472 395 450 416 418 422 422 431 427 437 439 441 459 474 492 486 469 461 447 441 398 455 548 554 530 390 346 -9999 -9999 -9999 -9999 -9999 -9999 -9999 -9999 -9999 -9999 -9999 -9999 -9999 454 422 409 378 356 318 296 278 255 238 230 243 241 259 -9999 -9999 -9999 -9999 -9999 -9999 -9999 -9999 -9999 -9999 251 243 231 217 204 193 183 172 170 179 190 199 211 222 232 241 252 264 294 317 331 364 413 462 485
405 360 414 432 385 364 409 402 437 462 424 431 466 453 495 514 534 468 374 414 403 483 583 567 426 341 -9999 -9999 -9999 -9999 -9999 -9999 -9999 -9999 -9999 514 -9999 -9999 -9999 -9999 -9999 -9999 388 362 355 324 302 288 264 248 238 245 254 257 284 292 -9999 -9999 -9999 -9999 -9999 -9999 273 263 252 240 227 213 204 197 187 178 177 186 195 205 221 235 245 255 268 287 320 342 353 385 419 444 474
503 401 384 373 374 378 384 388 371 416 415 439 454 447 496 552 523 363 363 334 352 424 512 482 351 -9999 -9999 -9999 -9999 -9999 -9999 -9999 -9999 -9999 -9999 -9999 -9999 -9999 -9999 -9999 -9999 -9999 374 341 328 312 302 295 272 256 244 254 258 258 262 299 320 -9999 -9999 -9999 -9999 285 277 267 255 242 229 215 206 200 192 185 187 193 197 216 243 258 262 272 288 315 355 386 392 403 428 446 471
531 497 476 435 468 448 490 505 453 452 439 480 507 581 572 557 442 341 309 291 281 283 296 278 -9999 -9999 -9999 -9999 -9999 -9999 -9999 -9999 -9999 -9999 -9999 -9999 577 -9999 -9999 -9999 -9999 -9999 369 329 310 296 294 289 283 261 251 259 269 266 280 273 317 -9999 -9999 -9999 -9999 -9999 281 271 259 246 233 220 208 202 195 188 194 202 204 219 256 283 272 285 302 332 371 407 422 430 454 496 538
574 559 538 533 523 521 523 524 517 500 503 527 558 598 562 472 378 304 284 267 254 228 203 -9999 -9999 -9999 -9999 -9999 -9999 -9999 -9999 -9999 -9999 -9999 -9999 -9999 552 541 -9999 -9999 -9999 -9999 -9999 -9999 -9999 286 278 278 277 280 258 261 274 281 273 286 298 312 309 -9999 -9999 -9999 -9999 277 264 251 238 225 213 206 187 184 194 204 207 218 243 264 279 295 315 344 380 416 442 460 483 558 627
568 594 594 577 553 528 526 525 525 527 518 514 527 514 463 415 348 291 268 -9999 -9999 -9999 -9999 -9999 -9999 -9999 -9999 -9999 -9999 -9999 -9999 -9999 -9999 -9999 488 -9999 515 -9999 -9999 -9999 -9999 -9999 -9999 -9999 -9999 -9999 280 277 276 285 269 262 277 288 280 299 287 299 309 -9999 -9999 -9999 -9999 283 269 256 244 232 223 209 188 187 193 199 209 221 238 267 288 306 327 355 389 428 462 491 530 594 674
584 617 640 625 568 545 514 527 532 533 505 478 453 419 374 356 317 282 -9999 -9999 -9999 -9999 -9999 -9999 -9999 -9999 -9999 -9999 -9999 -9999 -9999 -9999 -9999 -9999 -9999 -9999 -9999 -9999 -9999 -9999 -9999 -9999 -9999 -9999 -9999 271 286 302 289 289 285 269 281 292 293 311 309 283 304 307 -9999 -9999 -9999 288 274 263 252 245 233 223 214 212 211 213 217 224 243 275 301 313 334 365 403 444 483 520 564 607 678
-9999 -9999 -9999 658 588 538 522 519 514 514 480 453 430 390 350 321 292 268 -9999 -9999 -9999 -9999 -9999 -9999 -9999 -9999 -9999 -9999 -9999 -9999 -9999 -9999 -9999 -9999 -9999 -9999 -9999 -9999 -9999 -9999 -9999 -9999 -9999 -9999 -9999 275 309 321 314 313 305 284 289 296 295 326 319 306 300 305 306 306 -9999 298 281 271 262 257 247 240 239 239 232 230 229 233 253 282 309 320 334 370 413 458 500 535 564 615 675
-9999 -9999 -9999 695 667 585 521 501 487 483 450 424 416 392 355 311 281 259 -9999 -9999 -9999 -9999 -9999 -9999 -9999 -9999 -9999 -9999 -9999 -9999 -9999 -9999 -9999 -9999 -9999 -9999 -9999 -9999 -9999 -9999 -9999 -9999 -9999 319 289 283 351 354 361 347 334 330 297 301 297 327 334 321 299 302 305 306 -9999 296 283 278 276 266 261 256 254 259 250 246 246 252 269 296 325 330 333 372 418 466 510 538 561 602 620
-9999 -9999 -9999 -9999 -9999 590 521 487 477 468 445 431 434 413 374 316 270 256 255 250 -9999 -9999 -9999 -9999 -9999 -9999 -9999 -9999 -9999 -9999 -9999 -9999 -9999 -9999 -9999 -9999 -9999 -9999 -9999 -9999 -9999 -9999 -9999 408 351 322 366 401 403 394 382 393 334 311 316 325 340 330 297 300 304 -9999 -9999 295 284 290 287 281 271 271 272 286 270 262 263 270 290 314 339 343 343 375 411 459 500 521 560 579 560
-9999 -9999 -9999 -9999 -9999 574 530 503 495 491 475 479 469 425 382 329 286 269 267 256 -9999 -9999 -9999 -9999 -9999 -9999 -9999 -9999 -9999 -9999 -9999 -9999 -9999 -9999 -9999 -9999 -9999 -9999 -9999 -9999 -9999 -9999 -9999 -9999 443 402 410 437 447 434 427 419 394 356 347 340 340 334 303 299 305 311 311 304 298 304 302 300 291 289 284 282 281 285 289 296 310 326 340 344 355 382 416 458 496 514 535 542 508
-9999 -9999 -9999 -9999 -9999 584 548 531 534 533 -9999 524 497 440 392 341 309 292 278 260 238 217 -9999 -9999 -9999 -9999 -9999 -9999 -9999 -9999 -9999 -9999 -9999 -9999 -9999 -9999 -9999 -9999 -9999 -9999 -9999 -9999 -9999 -9999 488 488 493 484 488 478 460 432 430 391 378 365 339 330 316 316 314 320 327 328 329 330 323 322 315 309 298 299 302 311 316 323 331 339 345 350 364 389 423 465 502 526 525 544 497
-9999 -9999 -9999 -9999 -9999 -9999 569 560 569 572 -9999 576 548 464 444 386 343 324 316 296 258 217 197 -9999 -9999 -9999 -9999 -9999 -9999 -9999 -9999 -9999 -9999 -9999 -9999 -9999 -9999 -9999 -9999 -9999 -9999 -9999 -9999 -9999 518 520 502 529 523 518 491 445 452 425 409 379 346 330 333 335 340 349 357 364 370 358 338 337 338 339 331 326 322 334 340 346 356 369 380 382 377 396 433 475 510 531 528 545 509
-9999 -9999 -9999 -9999 -9999 -9999 -9999 -9999 -9999 -9999 -9999 -9999 593 491 463 431 386 378 378 353 319 252 212 -9999 -9999 -9999 -9999 -9999 -9999 -9999 -9999 -9999 -9999 -9999 -9999 -9999 -9999 -9999 -9999 -9999 -9999 -9999 -9999 -9999 -9999 593 570 562 512 550 532 492 463 456 435 387 360 341 347 350 362 385 417 445 430 380 351 345 360 354 359 351 339 347 345 357 374 394 417 426 419 419 449 488 516 529 534 551 502
-9999 -9999 618 -9999 -9999 -9999 -9999 -9999 -9999 -9999 -9999 -9999 -9999 523 476 453 399 391 385 369 333 288 240 208 -9999 -9999 -9999 -9999 -9999 -9999 -9999 -9999 -9999 -9999 -9999 -9999 -9999 -9999 -9999 -9999 -9999 -9999 -9999 -9999 -9999 -9999 723 644 537 543 564 532 502 475 452 405 377 355 347 354 374 408 450 486 482 443 350 355 360 371 364 359 349 340 351 364 386 408 431 460 471 462 466 498 522 525 543 559 510
-9999 -9999 616 -9999 -9999 -9999 -9999 -9999 -9999 -9999 -9999 -9999 -9999 598 526 465 402 384 365 345 318 286 250 215 -9999 -9999 -9999 -9999 -9999 -9999 -9999 -9999 -9999 -9999 -9999 -9999 -9999 -9999 -9999 -9999 -9999 -9999 -9999 -9999 -9999 -9999 -9999 696 628 577 578 558 525 502 466 423 396 375 361 365 389 415 455 488 508 515 366 357 352 359 356 346 342 346 370 379 391 425 467 465 517 501 489 506 519 535 556 565 517
-9999 -9999 -9999 617 620 -9999 -9999 -9999 -9999 -9999 -9999 -9999 -9999 650 557 475 457 401 365 349 -9999 -9999 -9999 -9999 -9999 -9999 -9999 -9999 -9999 -9999 -9999 -9999 -9999 -9999 -9999 -9999 -9999 -9999 -9999 -9999 -9999 -9999 -9999 -9999 -9999 -9999 -9999 -9999 630 627 603 580 547 520 483 452 424 397 385 386 408 438 470 502 532 568 447 353 340 335 331 326 319 385 400 404 424 455 501 473 512 523 508 516 533 551 565 570 530
-9999 -9999 613 -9999 -9999 -9999 -9999 -9999 -9999 -9999 -9999 -9999 -9999 600 502 483 448 411 349 -9999 -9999 -9999 -9999 -9999 -9999 -9999 -9999 -9999 -9999 -9999 -9999 -9999 -9999 -9999 -9999 -9999 -9999 -9999 -9999 -9999 -9999 -9999 -9999 -9999 -9999 -9999 -9999 -9999 669 625 632 595 567 541 508 491 452 419 408 407 427 454 482 511 537 567 541 383 350 341 331 323 340 386 398 412 431 446 495 491 542 534 527 500 527 539 546 558 514
-9999 -9999 -9999 -9999 -9999 -9999 -9999 -9999 -9999 -9999 -9999 -9999 -9999 570 537 -9999 -9999 -9999 -9999 -9999 -9999 -9999 -9999 -9999 -9999 -9999 -9999 -9999 -9999 -9999 -9999 -9999 -9999 -9999 -9999 -9999 -9999 -9999 -9999 -9999 -9999 -9999 -9999 -9999 -9999 -9999 -9999 -9999 -9999 653 639 610 581 557 534 500 459 438 427 426 444 465 489 511 530 542 530 422 348 352 346 348 369 379 366 369 410 427 451 493 536 536 510 490 510 500 506 505 508
-9999 -9999 -9999 -9999 -9999 -9999 -9999 -9999 -9999 -9999 -9999 -9999 -9999 -9999 -9999 -9999 -9999 -9999 -9999 -9999 -9999 -9999 -9999 -9999 -9999 -9999 -9999 -9999 -9999 -9999 -9999 -9999 -9999 -9999 -9999 -9999 -9999 -9999 -9999 -9999 -9999 -9999 -9999 -9999 -9999 -9999 -9999 -9999 -9999 -9999 -9999 617 596 568 546 500 473 458 444 442 456 473 491 501 513 479 460 398 346 356 362 359 392 372 346 345 375 425 450 467 480 458 427 470 460 465 465 439 471
-9999 -9999 -9999 -9999 -9999 -9999 -9999 -9999 -9999 -9999 -9999 -9999 -9999 -9999 -9999 -9999 -9999 -9999 -9999 -9999 -9999 -9999 -9999 -9999 -9999 -9999 -9999 -9999 -9999 -9999 -9999 -9999 -9999 -9999 -9999 -9999 -9999 -9999 -9999 -9999 -9999 -9999 -9999 -9999 -9999 -9999 -9999 -9999 -9999 -9999 -9999 -9999 604 575 551 525 489 478 452 454 465 479 492 485 487 429 427 404 347 326 320 337 352 318 293 316 361 404 403 410 435 432 378 438 436 425 404 394 414
-9999 -9999 -9999 -9999 -9999 -9999 -9999 -9999 -9999 -9999 -9999 -9999 -9999 -9999 -9999 -9999 -9999 -9999 -9999 -9999 -9999 -9999 -9999 -9999 -9999 -9999 -9999 -9999 -9999 -9999 -9999 -9999 -9999 -9999 -9999 -9999 -9999 -9999 -9999 -9999 -9999 -9999 -9999 -9999 -9999 -9999 -9999 -9999 -9999 -9999 -9999 -9999 612 592 566 548 511 490 456 463 472 483 492 494 480 426 402 373 341 325 314 307 340 300 284 320 351 393 388 388 380 393 402 416 421 410 388 374 378
-9999 -9999 -9999 -9999 -9999 -9999 -9999 -9999 -9999 -9999 -9999 -9999 -9999 -9999 -9999 -9999 -9999 -9999 -9999 -9999 -9999 -9999 -9999 -9999 -9999 -9999 -9999 -9999 -9999 -9999 -9999 -9999 -9999 -9999 -9999 -9999 -9999 -9999 -9999 -9999 -9999 -9999 -9999 -9999 -9999 -9999 -9999 -9999 -9999 -9999 -9999 -9999 620 607 583 568 537 501 463 470 478 486 493 492 443 416 392 365 337 321 303 291 306 263 275 335 374 437 359 380 383 378 411 417 420 415 394 369 368
-9999 -9999 -9999 -9999 -9999 -9999 -9999 -9999 -9999 -9999 -9999 -9999 -9999 -9999 -9999 -9999 -9999 -9999 -9999 -9999 -9999 -9999 -9999 -9999 -9999 -9999 -9999 -9999 -9999 -9999 -9999 -9999 -9999 -9999 -9999 -9999 -9999 -9999 -9999 -9999 -9999 -9999 -9999 -9999 -9999 -9999 -9999 -9999 -9999 -9999 -9999 -9999 -9999 614 596 580 566 517 475 476 483 490 495 491 444 418 392 368 337 316 303 286 286 238 293 388 335 364 376 356 411 395 379 405 418 412 392 366 362
-9999 -9999 -9999 -9999 -9999 -9999 -9999 -9999 -9999 -9999 -9999 -9999 -9999 -9999 -9999 -9999 -9999 -9999 -9999 -9999 -9999 -9999 -9999 -9999 -9999 -9999 -9999 -9999 -9999 -9999 -9999 -9999 -9999 -9999 -9999 -9999 -9999 -9999 -9999 -9999 -9999 -9999 -9999 -9999 -9999 -9999 -9999 -9999 -9999 -9999 -9999 -9999 -9999 -9999 593 592 567 524 509 502 487 494 499 499 445 426 402 375 339 325 294 281 275 233 236 350 306 281 306 324 403 420 368 397 405 403 392 365 356
-9999 -9999 -9999 -9999 -9999 -9999 -9999 -9999 -9999 -9999 -9999 -9999 -9999 -9999 -9999 -9999 -9999 -9999 -9999 -9999 -9999 -9999 -9999 -9999 -9999 -9999 -9999 -9999 -9999 -9999 -9999 -9999 -9999 -9999 -9999 -9999 -9999 -9999 -9999 -9999 -9999 -9999 -9999 -9999 -9999 -9999 -9999 -9999 -9999 -9999 -9999 -9999 -9999 -9999 -9999 597 577 541 556 572 562 542 528 515 468 438 413 385 341 341 329 311 274 235 214 298 303 245 252 282 358 378 369 387 402 401 392 372 346
-9999 -9999 -9999 -9999 -9999 -9999 -9999 -9999 -9999 -9999 -9999 -9999 -9999 -9999 -9999 -9999 -9999 -9999 -9999 -9999 -9999 -9999 -9999 -9999 -9999 -9999 -9999 -9999 -9999 -9999 -9999 -9999 -9999 -9999 -9999 -9999 -9999 -9999 -9999 -9999 -9999 -9999 -9999 -9999 -9999 -9999 -9999 -9999 -9999 -9999 -9999 -9999 -9999 -9999 -9999 -9999 604 578 595 649 659 621 588 554 487 453 427 396 359 339 337 332 265 225 191 230 269 248 251 310 342 357 392 385 383 390 386 368 346
