bio_clim/bio_6.asc
ncols         156
nrows         252
xllcorner     -82
yllcorner     -8
cellsize      0.083333337679505
NODATA_value  -9999
[rows 160 to 199 of 252, columns 0 to 88 of 156]
-9999 -9999 -9999 -9999 -9999 -9999 -9999 -9999 -9999 -9999 -9999 -9999 -9999 -9999 -9999 -9999 -9999 -9999 201 194 189 186 190 189 188 189 186 186 190 190 188 185 182 176 160 135 131 124 100 63 27 55 67 62 11 10 32 41 37 83 109 84 88 108 144 178 188 191 192 193 193 193 193 194 195 195 196 197 198 198 198 198 200 200 202 202 202 202 203 203 203 203 204 204 205 205 205 206 206
-9999 -9999 -9999 -9999 -9999 -9999 -9999 -9999 -9999 -9999 -9999 -9999 -9999 -9999 -9999 -9999 -9999 -9999 201 194 188 182 187 190 186 184 186 190 192 190 188 186 184 170 128 94 112 105 89 67 45 55 33 36 8 -6 -4 55 73 99 92 74 107 121 148 180 188 191 192 193 193 193 193 194 195 195 196 196 198 198 199 199 200 200 201 201 202 202 202 204 204 202 203 203 204 205 205 204 204
-9999 -9999 -9999 -9999 -9999 -9999 -9999 -9999 -9999 -9999 -9999 -9999 -9999 -9999 -9999 -9999 -9999 -9999 -9999 196 196 190 190 190 179 184 186 190 192 192 190 189 181 167 151 101 87 76 73 35 28 38 24 -1 2 2 6 23 49 93 75 95 85 125 151 174 187 190 192 192 192 193 193 193 194 194 196 196 197 198 199 199 200 200 201 201 202 202 203 203 203 203 203 203 204 204 205 204 204
-9999 -9999 -9999 -9999 -9999 -9999 -9999 -9999 -9999 -9999 -9999 -9999 -9999 -9999 -9999 -9999 -9999 -9999 200 198 196 193 196 195 186 185 188 191 194 193 192 190 179 179 151 90 72 63 43 7 30 20 4 4 1 7 10 24 59 95 108 123 119 131 160 175 185 189 192 191 191 192 192 192 193 194 196 197 197 197 198 199 199 200 201 201 201 202 201 202 202 202 202 203 204 204 205 205 204
-9999 -9999 -9999 -9999 -9999 -9999 -9999 -9999 -9999 -9999 -9999 -9999 -9999 -9999 -9999 -9999 -9999 -9999 195 193 199 200 198 193 190 185 191 195 196 195 193 191 185 179 162 127 55 56 36 18 41 37 -14 1 18 22 39 55 75 108 139 142 143 150 174 184 187 189 191 191 192 192 192 193 191 192 196 197 196 197 198 198 199 199 200 201 201 201 201 201 202 201 201 202 203 204 204 205 205
-9999 -9999 -9999 -9999 -9999 -9999 -9999 -9999 -9999 -9999 -9999 -9999 -9999 -9999 -9999 -9999 -9999 -9999 192 187 196 199 196 190 182 188 193 197 197 196 195 192 187 180 159 96 54 43 17 41 55 45 20 3 13 12 50 98 101 128 155 156 156 155 179 187 189 189 189 190 191 192 192 192 193 194 195 195 196 196 197 198 199 199 200 200 201 201 201 200 201 200 200 201 202 203 204 205 205
-9999 -9999 -9999 -9999 -9999 -9999 -9999 -9999 -9999 -9999 -9999 -9999 -9999 -9999 -9999 -9999 -9999 197 196 192 191 193 191 189 187 189 196 199 199 197 196 194 190 181 160 103 32 27 13 40 61 44 8 12 17 35 64 116 115 145 168 164 157 153 184 188 188 189 188 190 190 191 192 193 193 193 193 194 196 197 198 198 199 199 200 200 200 200 200 199 200 199 200 201 201 202 203 203 204
-9999 -9999 -9999 -9999 -9999 -9999 -9999 -9999 -9999 -9999 -9999 -9999 -9999 -9999 196 198 197 192 194 187 182 183 179 186 186 192 198 199 200 198 197 195 191 181 150 91 29 17 9 50 64 42 7 12 33 49 68 127 124 167 175 166 166 177 187 187 187 188 189 189 190 190 191 194 193 194 191 192 195 197 197 198 199 200 200 199 199 198 198 198 199 200 200 200 201 201 202 202 203
-9999 -9999 -9999 -9999 -9999 -9999 -9999 -9999 -9999 -9999 -9999 -9999 -9999 188 186 188 188 185 191 188 186 180 174 174 186 195 199 200 200 198 197 195 186 159 133 83 25 -5 6 46 66 60 32 13 22 73 107 130 151 174 178 179 183 185 184 185 187 188 190 191 192 193 193 194 195 195 193 192 194 195 196 197 197 198 199 199 199 198 197 196 198 199 200 201 201 202 202 202 203
-9999 -9999 -9999 -9999 -9999 -9999 -9999 -9999 -9999 -9999 -9999 -9999 -9999 189 187 189 184 183 185 185 179 179 179 181 191 196 199 199 199 198 197 195 190 169 145 97 53 13 0 17 56 65 26 13 32 47 107 117 160 175 177 181 183 183 184 187 189 189 189 191 192 194 194 195 196 196 194 193 193 195 195 197 197 198 198 198 198 198 197 196 197 198 199 200 201 202 202 202 203
-9999 -9999 -9999 -9999 -9999 -9999 -9999 -9999 -9999 -9999 -9999 -9999 -9999 -9999 194 188 179 178 182 185 180 182 185 190 194 196 198 198 198 198 196 194 188 173 124 98 48 1 9 33 65 76 30 14 28 55 93 127 160 171 170 178 179 180 182 187 189 190 192 190 190 192 194 195 196 196 196 196 195 197 197 197 197 198 199 198 198 197 196 197 198 198 199 200 201 202 202 202 203
-9999 -9999 -9999 -9999 -9999 -9999 -9999 -9999 -9999 -9999 -9999 -9999 -9999 -9999 -9999 186 173 176 177 177 177 179 185 189 193 196 197 197 198 198 196 195 176 155 118 56 32 9 28 51 68 82 55 51 44 102 92 139 161 162 163 171 179 185 186 186 188 190 192 193 192 192 193 195 196 197 197 197 197 198 198 198 198 198 197 198 198 198 197 197 198 199 200 200 201 202 203 202 202
-9999 -9999 -9999 -9999 -9999 -9999 -9999 -9999 -9999 -9999 -9999 -9999 -9999 -9999 -9999 185 178 171 172 175 179 182 185 189 192 194 195 196 197 197 197 188 167 150 98 32 -2 5 -1 20 57 66 90 90 98 126 114 147 154 157 156 161 176 177 182 186 188 190 192 193 194 192 193 195 195 195 195 196 196 196 197 197 198 198 198 196 198 199 198 197 198 199 200 201 201 202 203 204 203
-9999 -9999 -9999 -9999 -9999 -9999 -9999 -9999 -9999 -9999 -9999 -9999 -9999 -9999 -9999 178 178 173 174 178 180 180 185 188 190 192 193 195 196 197 197 189 172 155 108 42 13 -13 -30 21 30 55 49 54 85 128 142 149 157 160 161 174 175 181 185 186 187 190 191 192 193 194 195 195 196 196 196 196 196 196 197 197 198 198 198 198 198 198 199 199 199 200 199 200 201 201 202 204 204
-9999 -9999 -9999 -9999 -9999 -9999 -9999 -9999 -9999 -9999 -9999 -9999 -9999 -9999 189 178 175 172 179 180 179 183 185 187 188 190 192 193 195 196 196 190 163 141 109 52 42 4 19 39 27 64 46 46 83 122 144 158 158 163 175 178 175 178 183 186 186 187 189 191 193 193 194 195 196 197 197 197 197 197 197 197 198 198 199 198 199 199 199 200 200 200 200 201 201 202 203 203 204
-9999 -9999 -9999 -9999 -9999 -9999 -9999 -9999 -9999 -9999 -9999 -9999 -9999 -9999 187 176 173 174 181 180 180 183 185 186 188 190 191 193 194 195 195 189 174 148 96 57 50 13 33 56 69 64 15 26 57 122 151 160 163 158 172 180 183 180 180 185 187 188 189 192 194 194 195 195 195 196 197 197 197 198 198 198 198 199 199 199 199 199 199 199 200 201 201 201 202 202 203 204 204
-9999 -9999 -9999 -9999 -9999 -9999 -9999 -9999 -9999 -9999 -9999 -9999 -9999 -9999 191 182 174 170 175 178 180 182 184 186 187 189 191 193 194 194 195 193 185 139 85 62 43 2 33 47 69 28 3 27 58 104 146 159 162 162 171 178 184 184 185 186 187 190 190 190 191 193 195 196 197 197 197 197 197 197 197 197 198 198 198 198 198 196 197 198 198 199 202 201 202 203 203 204 204
-9999 -9999 -9999 -9999 -9999 -9999 -9999 -9999 -9999 -9999 -9999 -9999 -9999 -9999 -9999 189 172 163 174 182 184 184 184 185 187 189 191 192 193 194 194 194 190 148 91 62 43 15 22 39 58 29 9 50 95 121 141 155 160 165 169 180 182 182 186 188 188 188 190 192 192 194 195 196 196 197 198 197 197 198 198 197 198 198 198 198 197 198 196 198 198 198 201 201 201 202 203 204 204
-9999 -9999 -9999 -9999 -9999 -9999 -9999 -9999 -9999 -9999 -9999 -9999 -9999 -9999 -9999 191 185 169 172 181 184 184 184 186 188 191 192 192 193 193 194 194 192 140 97 72 61 23 23 42 48 31 17 25 69 121 141 154 162 168 171 178 183 184 186 188 189 190 190 191 193 194 196 197 197 197 198 198 198 198 199 198 198 199 198 199 199 199 198 199 199 200 200 202 201 201 202 202 204
-9999 -9999 -9999 -9999 -9999 -9999 -9999 -9999 -9999 -9999 -9999 -9999 -9999 -9999 -9999 193 190 184 175 176 183 184 185 189 190 192 192 193 193 193 193 194 193 164 113 84 80 31 14 40 32 16 22 40 74 120 136 152 160 165 169 178 181 184 186 187 189 191 192 192 192 193 194 196 197 198 198 199 199 199 199 199 198 199 199 199 199 199 200 200 200 199 199 202 203 202 201 202 203
-9999 -9999 -9999 -9999 -9999 -9999 -9999 -9999 -9999 -9999 -9999 -9999 -9999 -9999 -9999 195 193 189 185 180 179 182 184 190 192 194 193 193 193 192 193 193 193 171 91 105 104 40 32 30 25 8 21 27 78 116 136 154 160 158 163 177 181 184 187 188 190 191 192 193 194 193 194 197 197 198 199 199 199 199 199 200 199 198 199 200 200 200 199 199 199 201 201 201 202 203 203 203 203
-9999 -9999 -9999 -9999 -9999 -9999 -9999 -9999 -9999 -9999 -9999 -9999 -9999 -9999 -9999 193 189 187 184 181 180 182 183 186 192 196 195 193 192 192 193 193 192 187 142 143 93 47 46 26 16 23 30 59 88 128 142 152 155 159 162 178 181 184 189 190 191 192 193 194 194 195 195 196 197 198 199 199 199 200 200 200 200 199 199 199 199 200 200 200 200 199 201 202 202 203 203 204 204
-9999 -9999 -9999 -9999 -9999 -9999 -9999 -9999 -9999 -9999 -9999 -9999 200 198 195 191 187 189 187 185 185 187 190 192 194 196 195 193 192 193 194 194 192 188 177 126 66 72 50 18 14 16 43 73 105 131 152 157 155 150 149 181 181 186 190 192 193 194 195 196 195 195 196 196 196 196 198 199 200 200 200 201 200 200 200 199 199 200 200 200 200 199 199 201 202 202 202 203 204
-9999 -9999 -9999 -9999 -9999 -9999 -9999 -9999 -9999 -9999 -9999 -9999 -9999 196 192 190 189 188 187 185 186 189 190 192 194 195 194 193 193 193 194 194 193 187 161 128 102 63 32 16 6 15 44 75 99 127 159 153 149 133 157 184 182 187 193 194 195 196 196 197 196 196 196 197 197 197 197 198 200 200 200 200 201 201 200 200 199 199 200 200 201 200 199 201 201 201 202 203 204
-9999 -9999 -9999 -9999 -9999 -9999 -9999 -9999 -9999 -9999 -9999 -9999 -9999 -9999 191 190 188 185 185 184 186 189 191 192 194 194 194 192 192 194 195 195 190 165 121 86 61 21 1 16 17 28 48 71 105 146 168 144 156 141 157 190 189 187 195 196 196 197 197 198 197 197 196 197 198 198 198 199 199 200 200 200 200 201 201 200 200 200 200 201 201 201 199 200 201 201 202 203 204
-9999 -9999 -9999 -9999 -9999 -9999 -9999 -9999 -9999 -9999 -9999 -9999 -9999 -9999 -9999 -9999 -9999 186 181 183 185 188 191 193 194 194 195 195 195 194 195 195 186 155 120 71 44 14 14 30 45 50 33 66 122 160 170 138 158 162 168 194 194 194 197 198 198 198 198 198 198 198 198 198 198 196 198 198 200 199 200 200 200 200 201 201 200 200 200 200 200 201 200 201 201 200 201 203 203
-9999 -9999 -9999 -9999 -9999 -9999 -9999 -9999 -9999 -9999 -9999 -9999 -9999 -9999 -9999 -9999 -9999 -9999 182 183 185 188 190 -9999 194 195 196 196 196 196 195 188 161 123 76 60 54 48 44 55 64 83 85 94 130 164 166 139 155 177 182 197 196 198 199 199 199 199 199 199 199 199 199 199 199 198 199 198 198 199 199 199 199 200 201 202 201 200 200 199 198 200 200 201 200 200 201 202 203
-9999 -9999 -9999 -9999 -9999 -9999 -9999 -9999 -9999 -9999 -9999 -9999 -9999 -9999 -9999 -9999 -9999 -9999 -9999 183 185 -9999 -9999 -9999 194 196 196 197 197 194 177 153 109 50 19 13 34 46 47 57 80 87 120 141 151 175 156 134 163 172 191 198 197 198 200 200 200 200 200 200 200 199 200 200 200 199 199 199 199 199 200 199 199 199 200 201 201 200 199 199 198 198 201 201 199 199 200 201 202
-9999 -9999 -9999 -9999 -9999 -9999 -9999 -9999 -9999 -9999 -9999 -9999 -9999 -9999 -9999 -9999 -9999 -9999 -9999 -9999 186 -9999 191 193 -9999 -9999 -9999 197 193 176 111 111 35 7 10 28 51 70 65 60 76 57 92 167 174 173 148 143 169 174 195 199 197 200 201 201 201 201 200 201 201 200 200 201 201 200 200 200 200 199 199 200 200 199 200 200 200 201 200 199 198 198 200 200 199 199 200 200 202
-9999 -9999 -9999 -9999 -9999 -9999 -9999 -9999 -9999 -9999 -9999 -9999 -9999 -9999 -9999 -9999 -9999 -9999 -9999 -9999 -9999 190 192 193 194 -9999 198 197 181 147 83 49 9 10 21 40 69 80 78 77 69 74 118 151 177 159 127 160 179 177 195 200 201 202 202 201 202 202 201 201 201 201 201 200 200 201 201 201 200 200 199 199 200 199 198 198 199 200 200 200 199 199 200 200 200 200 200 199 200
-9999 -9999 -9999 -9999 -9999 -9999 -9999 -9999 -9999 -9999 -9999 -9999 -9999 -9999 -9999 -9999 -9999 -9999 -9999 -9999 -9999 191 194 195 -9999 -9999 199 198 194 172 126 45 6 17 37 70 81 79 85 61 56 70 115 164 161 159 144 172 188 195 191 202 202 202 202 202 202 202 202 202 202 202 202 201 201 201 202 202 199 200 200 199 198 199 198 197 198 199 199 200 199 199 199 199 200 200 200 200 200
-9999 -9999 -9999 -9999 -9999 -9999 -9999 -9999 -9999 -9999 -9999 -9999 -9999 -9999 -9999 -9999 -9999 -9999 -9999 -9999 -9999 191 195 -9999 -9999 -9999 199 198 189 151 95 58 19 29 50 72 73 65 83 53 52 88 137 152 157 170 154 176 181 196 193 202 203 203 203 203 203 203 203 203 203 202 203 202 202 202 202 202 200 200 200 200 199 199 199 198 197 198 197 199 199 198 200 199 199 199 200 199 201
-9999 -9999 -9999 -9999 -9999 -9999 -9999 -9999 -9999 -9999 -9999 -9999 -9999 -9999 -9999 -9999 -9999 -9999 -9999 -9999 -9999 -9999 -9999 -9999 -9999 -9999 200 186 155 137 75 14 19 25 54 72 66 70 77 44 68 116 160 164 167 176 178 193 195 200 196 202 203 203 204 204 203 203 204 204 203 203 204 203 203 202 203 202 201 201 201 200 200 199 199 199 197 197 196 197 199 198 199 199 199 199 200 200 200
-9999 -9999 -9999 -9999 -9999 -9999 -9999 -9999 -9999 -9999 -9999 -9999 -9999 -9999 -9999 -9999 -9999 -9999 -9999 -9999 -9999 -9999 -9999 -9999 -9999 201 200 182 123 54 45 39 39 60 73 57 66 68 64 48 77 142 156 159 149 167 162 183 179 201 195 201 203 204 204 205 204 204 204 205 204 204 204 205 204 203 203 203 203 202 201 200 199 199 199 199 197 197 197 197 199 198 199 199 199 200 200 201 201
-9999 -9999 -9999 -9999 -9999 -9999 -9999 -9999 -9999 -9999 -9999 -9999 -9999 -9999 -9999 -9999 -9999 -9999 -9999 -9999 -9999 -9999 -9999 -9999 202 201 199 161 116 89 64 78 99 117 74 51 63 56 72 103 101 142 162 136 144 166 140 158 187 201 198 201 204 205 205 205 205 205 205 205 204 204 205 205 204 203 204 203 203 202 202 201 200 199 198 198 198 197 197 196 197 199 199 199 198 199 199 201 201
-9999 -9999 -9999 -9999 -9999 -9999 -9999 -9999 -9999 -9999 -9999 -9999 -9999 -9999 -9999 -9999 -9999 -9999 -9999 -9999 -9999 -9999 -9999 199 201 200 199 189 175 153 136 138 154 108 56 67 51 72 79 105 140 147 161 130 126 154 130 146 180 201 197 200 204 206 206 206 205 205 206 206 205 205 205 205 205 205 204 204 204 202 202 202 200 199 199 198 198 197 197 197 197 198 198 199 199 199 198 200 201
-9999 -9999 -9999 -9999 -9999 -9999 -9999 -9999 -9999 -9999 -9999 -9999 -9999 -9999 -9999 -9999 -9999 -9999 -9999 -9999 190 192 195 197 198 198 196 182 162 153 145 151 140 80 89 66 44 64 103 98 158 153 159 122 138 141 138 147 183 201 197 201 205 206 206 206 206 206 206 206 206 206 206 206 206 205 205 204 204 203 202 202 201 200 200 198 198 197 197 196 197 197 198 198 199 199 199 200 201
-9999 -9999 -9999 -9999 -9999 -9999 -9999 -9999 -9999 -9999 -9999 -9999 -9999 -9999 -9999 -9999 -9999 -9999 -9999 -9999 189 191 193 194 195 193 181 159 99 94 74 110 135 118 89 63 79 87 105 146 158 167 156 121 152 149 156 176 190 200 199 197 206 207 207 207 207 207 207 207 206 206 207 207 206 206 206 205 204 203 203 202 201 200 200 199 198 197 197 196 197 197 197 198 198 199 200 201 201
-9999 -9999 -9999 -9999 -9999 -9999 -9999 -9999 -9999 -9999 -9999 -9999 -9999 -9999 -9999 -9999 -9999 -9999 185 185 187 189 190 191 191 186 167 131 101 56 45 69 111 76 65 60 130 104 89 147 157 171 160 132 157 161 175 182 190 199 205 200 205 207 208 207 207 207 208 208 207 207 207 207 207 206 206 205 205 204 203 203 201 201 200 199 198 197 197 196 196 196 196 197 198 199 200 201 200
-9999 -9999 -9999 -9999 -9999 -9999 -9999 -9999 -9999 -9999 -9999 -9999 -9999 -9999 -9999 -9999 -9999 184 185 185 186 187 188 188 187 185 172 142 148 138 83 46 74 83 58 78 147 126 127 147 149 166 147 148 167 161 174 186 192 198 205 205 193 207 208 208 208 208 208 208 208 208 208 208 207 207 207 207 205 205 204 203 202 201 200 199 198 197 197 195 195 195 196 197 198 199 200 201 201
