bio_clim/bio_4.asc
ncols         156
nrows         252
xllcorner     -82
yllcorner     -8
cellsize      0.083333337679505
NODATA_value  -9999
[rows 117 to 155 of 252, columns 0 to 87 of 156]
-9999 -9999 -9999 -9999 -9999 -9999 -9999 -9999 -9999 -9999 -9999 -9999 -9999 -9999 -9999 -9999 -9999 -9999 -9999 -9999 -9999 -9999 -9999 -9999 -9999 -9999 -9999 -9999 -9999 -9999 -9999 -9999 -9999 -9999 -9999 -9999 -9999 -9999 -9999 -9999 -9999 -9999 -9999 -9999 -9999 -9999 -9999 -9999 -9999 -9999 -9999 -9999 -9999 286 260 270 250 249 260 275 287 281 229 240 296 309 294 253 269 272 138 161 144 175 177 185 256 212 278 314 553 536 525 460 293 266 249 275
-9999 -9999 -9999 -9999 -9999 -9999 -9999 -9999 -9999 -9999 -9999 -9999 -9999 -9999 -9999 -9999 -9999 -9999 -9999 -9999 -9999 -9999 -9999 -9999 -9999 -9999 -9999 -9999 -9999 -9999 -9999 -9999 -9999 -9999 -9999 -9999 -9999 -9999 -9999 -9999 -9999 -9999 -9999 -9999 -9999 -9999 -9999 -9999 -9999 -9999 -9999 -9999 -9999 259 259 248 246 245 271 260 266 281 243 269 300 304 328 275 269 261 134 189 183 141 157 180 189 197 272 375 532 520 499 364 247 260 242 325
-9999 -9999 -9999 -9999 -9999 -9999 -9999 -9999 -9999 -9999 -9999 -9999 -9999 -9999 -9999 -9999 -9999 -9999 -9999 -9999 -9999 -9999 -9999 -9999 -9999 -9999 -9999 -9999 -9999 -9999 -9999 -9999 -9999 -9999 -9999 -9999 -9999 -9999 -9999 -9999 -9999 -9999 -9999 -9999 -9999 -9999 -9999 -9999 -9999 -9999 -9999 -9999 264 269 246 259 236 252 256 259 274 255 229 277 272 284 287 270 296 227 177 210 184 161 196 189 155 171 292 456 512 522 407 270 218 256 288 327
-9999 -9999 -9999 -9999 -9999 -9999 -9999 -9999 -9999 -9999 -9999 -9999 -9999 -9999 -9999 -9999 -9999 -9999 -9999 -9999 -9999 -9999 -9999 -9999 -9999 -9999 -9999 -9999 -9999 -9999 -9999 -9999 -9999 -9999 -9999 -9999 -9999 -9999 -9999 -9999 -9999 -9999 -9999 -9999 -9999 -9999 -9999 -9999 -9999 -9999 -9999 -9999 264 259 254 236 238 243 243 259 232 229 242 250 269 256 270 256 263 175 189 222 206 179 155 180 183 218 342 450 506 453 348 235 255 271 300 325
-9999 -9999 -9999 -9999 -9999 -9999 -9999 -9999 -9999 -9999 -9999 -9999 -9999 -9999 -9999 -9999 -9999 -9999 -9999 -9999 -9999 -9999 -9999 -9999 -9999 -9999 -9999 -9999 -9999 -9999 -9999 -9999 -9999 -9999 -9999 -9999 -9999 -9999 -9999 -9999 -9999 -9999 -9999 -9999 -9999 -9999 -9999 -9999 -9999 -9999 -9999 -9999 256 262 236 240 240 239 253 247 231 213 242 240 261 272 262 236 202 184 188 179 172 235 214 196 182 243 317 397 452 386 263 248 276 300 312 328
-9999 -9999 -9999 -9999 -9999 -9999 -9999 -9999 -9999 -9999 -9999 -9999 -9999 -9999 -9999 -9999 -9999 -9999 -9999 -9999 -9999 -9999 -9999 -9999 -9999 -9999 -9999 -9999 -9999 -9999 -9999 -9999 -9999 -9999 -9999 -9999 -9999 -9999 -9999 -9999 -9999 -9999 -9999 -9999 -9999 -9999 -9999 -9999 -9999 -9999 -9999 -9999 260 236 227 221 245 240 259 244 248 243 246 242 246 266 250 182 152 214 161 202 180 217 198 168 189 260 273 337 366 270 220 269 291 301 321 345
-9999 -9999 -9999 -9999 -9999 -9999 -9999 -9999 -9999 -9999 -9999 -9999 -9999 -9999 -9999 -9999 -9999 -9999 -9999 -9999 -9999 -9999 -9999 -9999 -9999 -9999 -9999 -9999 -9999 -9999 -9999 -9999 -9999 -9999 -9999 -9999 -9999 -9999 -9999 -9999 -9999 -9999 -9999 -9999 -9999 -9999 -9999 -9999 -9999 -9999 247 260 249 227 227 229 261 253 246 257 263 211 237 240 269 267 239 163 235 236 178 214 213 195 206 204 223 262 292 309 313 218 275 278 287 291 316 334
-9999 -9999 -9999 -9999 -9999 -9999 -9999 -9999 -9999 -9999 -9999 -9999 -9999 -9999 -9999 -9999 -9999 -9999 -9999 -9999 -9999 -9999 -9999 -9999 -9999 -9999 -9999 -9999 -9999 -9999 -9999 -9999 -9999 -9999 -9999 -9999 -9999 -9999 -9999 -9999 -9999 -9999 -9999 330 288 287 274 272 271 266 242 240 224 250 232 263 281 268 266 273 260 222 251 238 254 259 203 180 253 267 227 194 217 184 241 230 256 262 269 277 236 230 278 304 307 302 314 346
-9999 -9999 -9999 -9999 -9999 -9999 -9999 -9999 -9999 -9999 -9999 -9999 -9999 -9999 -9999 -9999 -9999 -9999 -9999 -9999 -9999 -9999 -9999 -9999 -9999 -9999 -9999 -9999 -9999 -9999 -9999 -9999 -9999 -9999 -9999 -9999 -9999 -9999 -9999 -9999 -9999 -9999 307 304 274 280 266 243 263 243 251 240 220 234 255 296 295 271 275 275 244 243 261 256 247 252 198 160 262 280 184 222 236 222 229 229 240 254 262 257 247 287 298 286 302 314 345 366
-9999 -9999 -9999 -9999 -9999 -9999 -9999 -9999 -9999 -9999 -9999 -9999 -9999 -9999 -9999 -9999 -9999 -9999 -9999 -9999 -9999 -9999 -9999 -9999 -9999 -9999 -9999 -9999 -9999 -9999 -9999 -9999 -9999 -9999 -9999 -9999 -9999 -9999 -9999 -9999 -9999 292 311 292 309 283 256 271 251 252 249 223 224 255 301 311 301 292 296 272 229 256 247 235 227 232 185 253 301 319 232 205 202 218 233 249 260 256 241 246 270 309 284 301 294 342 343 395
-9999 -9999 -9999 -9999 -9999 -9999 -9999 -9999 -9999 -9999 -9999 -9999 -9999 -9999 -9999 -9999 -9999 -9999 -9999 -9999 -9999 -9999 -9999 -9999 -9999 -9999 -9999 -9999 -9999 -9999 -9999 -9999 -9999 -9999 -9999 -9999 -9999 -9999 -9999 -9999 -9999 304 292 288 271 275 253 253 251 227 220 222 225 292 277 243 296 317 252 282 281 293 243 220 246 174 183 314 317 339 218 182 213 220 230 241 283 262 232 287 341 293 275 299 339 370 403 437
-9999 -9999 -9999 -9999 -9999 -9999 -9999 -9999 -9999 -9999 -9999 -9999 -9999 -9999 -9999 -9999 -9999 -9999 -9999 -9999 -9999 -9999 -9999 -9999 -9999 -9999 -9999 -9999 -9999 -9999 -9999 -9999 -9999 -9999 -9999 -9999 -9999 -9999 -9999 -9999 312 303 288 288 246 261 246 233 234 220 238 211 244 332 332 236 296 294 247 307 299 303 270 256 196 228 288 333 328 229 189 191 210 191 249 286 298 257 254 382 314 297 307 325 364 388 413 461
-9999 -9999 -9999 -9999 -9999 -9999 -9999 -9999 -9999 -9999 -9999 -9999 -9999 -9999 -9999 -9999 -9999 -9999 -9999 -9999 -9999 -9999 -9999 -9999 -9999 -9999 -9999 -9999 -9999 -9999 -9999 -9999 -9999 -9999 -9999 -9999 -9999 -9999 -9999 -9999 303 302 298 283 263 248 259 221 220 210 210 213 255 338 353 301 281 265 317 319 323 310 298 222 173 315 324 354 298 203 189 185 208 214 287 325 308 240 348 359 278 306 326 333 386 426 480 486
-9999 -9999 -9999 -9999 -9999 -9999 -9999 -9999 -9999 -9999 -9999 -9999 -9999 -9999 -9999 -9999 -9999 -9999 -9999 -9999 -9999 -9999 -9999 -9999 -9999 -9999 -9999 -9999 -9999 -9999 -9999 -9999 -9999 -9999 -9999 -9999 -9999 -9999 -9999 -9999 293 297 271 273 259 248 222 229 209 215 210 210 260 307 332 353 249 340 325 328 337 322 299 204 309 361 370 323 250 198 202 208 222 236 286 298 253 264 387 304 315 343 357 356 411 497 528 527
-9999 -9999 -9999 -9999 -9999 -9999 -9999 -9999 -9999 -9999 -9999 -9999 -9999 -9999 -9999 -9999 -9999 -9999 -9999 -9999 -9999 -9999 -9999 -9999 -9999 -9999 -9999 -9999 -9999 -9999 -9999 -9999 -9999 -9999 -9999 -9999 -9999 -9999 -9999 -9999 306 290 272 262 250 240 220 222 224 193 202 257 309 283 356 338 340 352 304 322 338 265 217 261 317 347 342 244 180 177 182 192 206 236 266 265 264 296 293 306 332 357 415 437 531 560 552 538
-9999 -9999 -9999 -9999 -9999 -9999 -9999 -9999 -9999 -9999 -9999 -9999 -9999 -9999 -9999 -9999 -9999 -9999 -9999 -9999 -9999 -9999 -9999 -9999 -9999 -9999 -9999 -9999 -9999 -9999 -9999 -9999 -9999 -9999 -9999 -9999 -9999 -9999 -9999 -9999 -9999 284 270 263 247 245 229 228 218 201 229 261 289 260 351 359 342 295 292 292 360 234 230 337 365 316 185 166 182 171 185 182 191 199 272 247 302 295 294 330 340 413 543 552 563 572 560 560
-9999 -9999 -9999 -9999 -9999 -9999 -9999 -9999 -9999 -9999 -9999 -9999 -9999 -9999 -9999 -9999 -9999 -9999 -9999 -9999 -9999 -9999 -9999 -9999 -9999 -9999 -9999 -9999 -9999 -9999 -9999 -9999 -9999 -9999 -9999 -9999 -9999 -9999 -9999 -9999 -9999 262 279 263 257 235 217 208 193 191 199 194 233 218 296 372 311 317 328 332 362 331 203 341 385 388 254 180 174 172 175 182 191 199 229 292 301 314 329 323 390 548 579 600 589 592 581 595
-9999 -9999 -9999 -9999 -9999 -9999 -9999 -9999 -9999 -9999 -9999 -9999 -9999 -9999 -9999 -9999 -9999 -9999 -9999 -9999 -9999 -9999 -9999 -9999 -9999 -9999 -9999 -9999 -9999 -9999 -9999 -9999 -9999 -9999 -9999 -9999 -9999 -9999 340 -9999 312 283 268 237 251 236 214 202 193 189 189 199 224 256 359 388 284 325 375 373 309 247 219 339 343 346 307 304 230 180 169 189 183 213 265 292 284 386 377 364 453 566 595 592 607 620 594 600
-9999 -9999 -9999 -9999 -9999 -9999 -9999 -9999 -9999 -9999 -9999 -9999 -9999 -9999 -9999 -9999 -9999 -9999 -9999 -9999 -9999 -9999 -9999 -9999 -9999 -9999 -9999 -9999 -9999 -9999 -9999 -9999 -9999 -9999 -9999 -9999 -9999 345 322 303 301 301 262 257 236 243 206 198 180 184 176 258 316 242 324 343 287 370 391 314 232 264 345 324 205 197 329 388 364 229 180 194 207 235 256 293 393 442 425 384 499 592 609 621 612 623 628 611
-9999 -9999 -9999 -9999 -9999 -9999 -9999 -9999 -9999 -9999 -9999 -9999 -9999 -9999 -9999 -9999 -9999 -9999 -9999 -9999 -9999 -9999 -9999 -9999 -9999 -9999 -9999 -9999 -9999 -9999 -9999 -9999 -9999 -9999 -9999 -9999 338 358 337 324 309 281 266 250 236 222 206 202 189 171 193 263 319 270 276 290 281 342 387 256 222 377 375 362 233 163 253 339 293 350 317 255 252 323 360 359 486 485 467 403 536 578 609 618 620 633 622 640
-9999 -9999 -9999 -9999 -9999 -9999 -9999 -9999 -9999 -9999 -9999 -9999 -9999 -9999 -9999 -9999 -9999 -9999 -9999 -9999 -9999 -9999 -9999 -9999 -9999 -9999 -9999 -9999 -9999 -9999 -9999 -9999 -9999 -9999 -9999 -9999 -9999 350 330 342 325 290 287 265 245 222 208 191 193 182 200 306 270 256 290 265 374 256 225 225 312 365 307 272 146 134 177 225 253 395 388 260 280 417 442 470 497 509 503 507 584 593 604 624 642 642 645 630
-9999 -9999 -9999 -9999 -9999 -9999 -9999 -9999 -9999 -9999 -9999 -9999 -9999 -9999 -9999 -9999 -9999 -9999 -9999 -9999 -9999 -9999 -9999 -9999 -9999 -9999 -9999 -9999 -9999 -9999 -9999 -9999 -9999 -9999 -9999 -9999 -9999 -9999 364 333 334 296 272 250 235 201 201 212 192 192 200 289 247 266 264 275 342 307 301 199 354 385 281 132 159 130 128 169 270 290 324 249 352 471 489 516 515 521 552 555 588 593 603 618 626 642 634 645
-9999 -9999 -9999 -9999 -9999 -9999 -9999 -9999 -9999 -9999 -9999 -9999 -9999 -9999 -9999 -9999 -9999 -9999 -9999 -9999 -9999 -9999 -9999 -9999 -9999 -9999 -9999 -9999 -9999 -9999 -9999 -9999 -9999 -9999 -9999 -9999 -9999 -9999 356 347 311 311 279 266 235 222 231 193 204 207 198 252 217 278 236 210 279 209 196 214 382 363 317 293 138 195 162 189 272 245 309 298 460 545 546 543 561 531 577 552 598 603 593 616 626 643 665 660
-9999 -9999 -9999 -9999 -9999 -9999 -9999 -9999 -9999 -9999 -9999 -9999 -9999 -9999 -9999 -9999 -9999 -9999 -9999 -9999 -9999 -9999 -9999 -9999 -9999 -9999 -9999 -9999 -9999 -9999 -9999 -9999 -9999 -9999 -9999 -9999 351 364 347 320 311 289 279 252 235 233 213 234 228 224 229 206 214 212 206 233 223 275 313 337 384 454 380 351 171 225 217 197 235 255 329 427 545 549 598 590 577 587 571 578 606 621 630 620 636 636 665 666
-9999 -9999 -9999 -9999 -9999 -9999 -9999 -9999 -9999 -9999 -9999 -9999 -9999 -9999 -9999 -9999 -9999 -9999 -9999 -9999 -9999 -9999 -9999 -9999 -9999 -9999 -9999 -9999 -9999 -9999 -9999 -9999 -9999 -9999 -9999 362 355 347 356 317 304 298 256 269 253 219 217 225 212 205 198 230 219 169 166 352 275 330 397 397 417 441 344 206 206 215 253 282 350 409 489 540 561 570 588 594 585 582 600 599 620 617 614 633 653 650 661 654
-9999 -9999 -9999 -9999 -9999 -9999 -9999 -9999 -9999 -9999 -9999 -9999 -9999 -9999 -9999 -9999 -9999 -9999 -9999 -9999 -9999 -9999 -9999 -9999 -9999 -9999 -9999 -9999 -9999 -9999 -9999 -9999 -9999 -9999 366 340 343 334 342 333 317 290 269 255 236 220 220 213 210 175 244 317 310 292 161 338 373 397 387 413 444 470 489 209 256 249 296 364 454 487 517 544 549 583 601 599 591 611 601 607 621 642 621 639 629 647 645 668
-9999 -9999 -9999 -9999 -9999 -9999 -9999 -9999 -9999 -9999 -9999 -9999 -9999 -9999 -9999 -9999 -9999 -9999 -9999 -9999 -9999 -9999 -9999 -9999 -9999 -9999 -9999 -9999 -9999 -9999 380 384 377 357 364 355 340 350 334 324 304 281 259 244 236 222 202 203 171 278 314 335 348 309 161 327 403 424 408 451 453 323 281 241 325 348 404 461 482 512 517 544 560 575 572 585 614 620 620 627 636 645 648 628 645 661 671 681
-9999 -9999 -9999 -9999 -9999 -9999 -9999 -9999 -9999 -9999 -9999 -9999 -9999 -9999 -9999 -9999 -9999 -9999 -9999 -9999 -9999 -9999 -9999 -9999 -9999 -9999 -9999 411 393 413 407 394 385 380 364 361 338 336 333 325 316 287 244 236 203 209 191 193 247 333 356 382 397 393 300 432 432 461 454 478 423 325 259 296 369 410 433 463 506 497 512 542 553 553 582 612 624 617 609 617 634 638 638 630 643 661 657 687
-9999 -9999 -9999 -9999 -9999 -9999 -9999 -9999 -9999 -9999 -9999 -9999 -9999 -9999 -9999 -9999 -9999 -9999 -9999 -9999 -9999 -9999 -9999 -9999 -9999 -9999 470 462 430 438 427 428 420 401 380 365 355 357 347 346 308 278 260 224 217 167 180 175 305 335 387 413 441 395 433 462 427 487 438 377 219 224 272 361 415 416 468 462 501 493 522 546 556 554 599 608 596 614 625 638 642 629 652 640 674 679 670 668
-9999 -9999 -9999 -9999 -9999 -9999 -9999 -9999 -9999 -9999 -9999 -9999 -9999 -9999 -9999 -9999 -9999 -9999 -9999 -9999 -9999 -9999 -9999 556 539 527 512 484 475 451 455 437 447 417 393 384 368 369 356 323 271 231 242 240 205 182 182 249 330 357 427 476 501 484 487 423 272 415 246 217 236 298 351 390 417 435 468 484 494 514 519 532 557 569 579 586 582 605 616 641 654 644 648 653 681 669 680 694
-9999 -9999 -9999 -9999 -9999 -9999 -9999 -9999 -9999 -9999 -9999 -9999 -9999 -9999 -9999 -9999 -9999 -9999 -9999 -9999 -9999 -9999 -9999 594 567 539 539 528 506 496 484 484 468 452 442 417 392 384 383 344 272 231 229 217 182 183 175 310 326 370 404 462 493 470 479 482 401 214 197 236 306 352 400 427 454 473 501 490 502 504 528 519 553 566 558 579 584 614 616 634 652 671 658 666 673 675 673 690
-9999 -9999 -9999 -9999 -9999 -9999 -9999 -9999 -9999 -9999 -9999 -9999 -9999 -9999 -9999 -9999 -9999 -9999 -9999 -9999 -9999 -9999 -9999 -9999 593 586 571 530 530 533 535 528 504 502 461 453 435 411 371 325 268 217 184 155 161 150 166 280 357 397 458 489 503 483 458 528 302 189 235 284 311 366 421 461 486 515 516 499 507 520 512 527 534 552 551 575 585 610 616 636 636 634 670 676 654 658 672 690
-9999 -9999 -9999 -9999 -9999 -9999 -9999 -9999 -9999 -9999 -9999 -9999 -9999 -9999 -9999 -9999 -9999 -9999 -9999 -9999 -9999 -9999 -9999 -9999 630 604 590 574 571 571 548 547 558 533 514 489 429 364 284 295 231 170 166 201 206 155 165 172 330 375 454 472 484 377 483 382 233 236 280 324 348 392 444 475 496 556 542 526 521 525 510 518 523 541 556 546 569 589 612 626 620 633 661 669 676 661 685 663
-9999 -9999 -9999 -9999 -9999 -9999 -9999 -9999 -9999 -9999 -9999 -9999 -9999 -9999 -9999 -9999 -9999 -9999 -9999 -9999 -9999 -9999 -9999 654 639 628 615 584 606 589 576 579 584 552 549 512 429 250 196 222 171 150 132 218 250 134 164 144 178 337 428 410 473 254 404 272 227 293 321 343 366 393 444 461 496 547 527 516 507 511 492 500 538 565 539 537 558 593 601 632 640 636 674 681 656 654 678 668
-9999 -9999 -9999 -9999 -9999 -9999 -9999 -9999 -9999 -9999 -9999 -9999 -9999 -9999 -9999 -9999 -9999 -9999 -9999 -9999 -9999 -9999 -9999 -9999 663 632 602 618 616 614 589 598 606 610 592 541 381 257 198 177 150 180 148 206 163 142 147 231 197 309 465 384 281 287 281 236 256 295 335 366 381 427 450 461 493 520 528 497 504 477 484 482 516 525 524 515 557 577 610 629 630 630 638 685 661 677 681 701
-9999 -9999 -9999 -9999 -9999 -9999 -9999 -9999 -9999 -9999 -9999 -9999 -9999 -9999 -9999 -9999 -9999 -9999 -9999 -9999 -9999 -9999 -9999 -9999 680 656 651 632 632 611 629 616 649 643 616 586 469 324 284 225 191 155 140 192 131 182 185 349 317 396 427 301 252 237 236 255 280 309 317 344 381 409 453 454 484 497 509 472 491 496 475 472 490 497 523 543 531 573 601 622 626 633 659 674 688 696 699 712
-9999 -9999 -9999 -9999 -9999 -9999 -9999 -9999 -9999 -9999 -9999 -9999 -9999 -9999 -9999 -9999 -9999 -9999 -9999 -9999 -9999 -9999 -9999 -9999 -9999 662 645 655 658 651 640 643 647 661 637 605 539 437 343 298 255 162 107 153 149 173 271 345 411 419 327 229 189 221 253 260 298 331 373 373 403 424 446 434 474 477 482 462 473 474 477 478 466 491 504 548 550 563 594 636 617 636 648 674 682 668 719 712
-9999 -9999 -9999 -9999 -9999 -9999 -9999 -9999 -9999 -9999 -9999 -9999 -9999 -9999 -9999 -9999 -9999 -9999 -9999 -9999 -9999 -9999 -9999 678 655 661 653 661 677 669 689 698 699 694 661 578 506 369 236 241 219 150 131 132 266 235 271 373 437 432 417 228 235 236 260 275 298 341 356 397 411 420 433 438 440 439 472 447 467 478 470 486 474 470 479 521 531 570 578 612 626 622 663 687 693 695 732 723
-9999 -9999 -9999 -9999 -9999 -9999 -9999 -9999 -9999 -9999 -9999 -9999 -9999 -9999 -9999 -9999 -9999 -9999 -9999 -9999 -9999 -9999 -9999 687 679 675 664 692 693 717 711 738 769 726 648 568 473 382 243 186 132 116 125 129 155 157 222 414 434 405 367 351 256 247 276 287 326 351 369 371 419 416 411 415 455 423 453 449 439 469 465 482 475 490 476 527 551 548 593 606 622 660 677 709 701 708 719 721
