bio_clim/bio_19.asc
ncols         156
nrows         252
xllcorner     -82
yllcorner     -8
cellsize      0.083333337679505
NODATA_value  -9999
[rows 190 to 227 of 252, columns 0 to 85 of 156]
-9999 -9999 -9999 -9999 -9999 -9999 -9999 -9999 -9999 -9999 -9999 -9999 -9999 -9999 -9999 -9999 -9999 -9999 -9999 -9999 -9999 14 12 16 -9999 -9999 53 69 81 74 415 92 114 154 182 118 94 124 171 244 299 416 706 683 752 821 998 761 643 601 655 575 584 593 603 611 618 628 633 638 642 648 648 656 658 657 655 657 670 665 661 666 670 662 670 673 668 663 663 662 673 679 685 696 705 716
-9999 -9999 -9999 -9999 -9999 -9999 -9999 -9999 -9999 -9999 -9999 -9999 -9999 -9999 -9999 -9999 -9999 -9999 -9999 -9999 -9999 13 15 -9999 -9999 -9999 79 92 92 380 35 84 138 163 154 102 108 136 164 238 295 468 724 788 799 730 920 729 703 586 627 566 572 581 589 596 603 611 615 619 622 626 622 625 628 625 623 624 631 631 631 630 634 635 632 637 644 640 645 641 647 654 661 674 684 697
-9999 -9999 -9999 -9999 -9999 -9999 -9999 -9999 -9999 -9999 -9999 -9999 -9999 -9999 -9999 -9999 -9999 -9999 -9999 -9999 -9999 -9999 -9999 -9999 -9999 -9999 88 88 55 419 43 114 137 155 129 95 112 129 167 245 312 571 682 709 728 681 688 578 576 555 595 563 563 569 576 583 590 596 599 602 602 601 598 597 598 596 589 591 651 652 596 600 599 601 603 606 616 616 622 682 684 694 638 712 663 676
-9999 -9999 -9999 -9999 -9999 -9999 -9999 -9999 -9999 -9999 -9999 -9999 -9999 -9999 -9999 -9999 -9999 -9999 -9999 -9999 -9999 -9999 -9999 -9999 -9999 65 89 84 452 54 76 96 108 88 81 123 112 137 178 240 340 685 726 761 857 764 849 661 720 542 591 557 554 559 565 572 577 581 584 585 585 581 578 571 571 567 562 559 615 559 562 567 571 575 576 638 648 652 656 662 661 672 681 628 641 655
-9999 -9999 -9999 -9999 -9999 -9999 -9999 -9999 -9999 -9999 -9999 -9999 -9999 -9999 -9999 -9999 -9999 -9999 -9999 -9999 -9999 -9999 -9999 -9999 41 61 86 89 458 28 49 37 38 47 75 134 122 161 225 370 446 736 678 864 896 771 1001 913 646 537 571 555 547 551 556 562 567 570 571 570 568 565 560 553 546 542 534 588 530 529 533 598 541 545 550 619 621 627 633 639 644 648 658 603 622 640
-9999 -9999 -9999 -9999 -9999 -9999 -9999 -9999 -9999 -9999 -9999 -9999 -9999 -9999 -9999 -9999 -9999 -9999 -9999 -9999 -9999 -9999 -9999 24 35 59 88 87 70 431 363 305 279 50 101 95 150 166 210 414 641 716 680 867 880 882 1062 1004 694 542 575 559 543 544 549 555 559 560 560 558 554 550 542 534 526 517 511 504 504 504 506 574 580 586 591 595 597 605 609 615 621 628 637 651 668 619
-9999 -9999 -9999 -9999 -9999 -9999 -9999 -9999 -9999 -9999 -9999 -9999 -9999 -9999 -9999 -9999 -9999 -9999 -9999 -9999 8 14 17 29 44 63 83 73 519 462 375 351 302 54 72 99 164 179 346 390 583 694 691 825 941 950 1014 970 663 537 578 556 542 542 545 550 552 552 550 547 542 536 528 519 509 499 491 486 482 483 485 489 558 496 569 574 577 581 587 593 596 605 618 632 647 667
-9999 -9999 -9999 -9999 -9999 -9999 -9999 -9999 -9999 -9999 -9999 -9999 -9999 -9999 -9999 -9999 -9999 -9999 -9999 -9999 7 13 20 29 45 60 63 614 497 27 37 319 303 94 83 113 194 228 367 571 589 547 690 876 863 934 874 703 595 543 565 586 538 539 544 546 546 546 544 538 533 525 515 506 495 485 476 471 467 468 469 537 542 546 549 554 558 561 563 571 575 585 599 615 632 650
-9999 -9999 -9999 -9999 -9999 -9999 -9999 -9999 -9999 -9999 -9999 -9999 -9999 -9999 -9999 -9999 -9999 -9999 3 5 6 9 17 26 36 53 53 665 523 53 69 62 294 80 97 131 347 326 323 601 599 489 667 858 795 796 682 641 600 553 532 569 548 539 542 543 542 541 537 532 525 517 508 497 486 476 466 461 519 455 521 525 528 531 535 538 540 542 546 547 553 564 578 596 616 637
-9999 -9999 -9999 -9999 -9999 -9999 -9999 -9999 -9999 -9999 -9999 -9999 -9999 -9999 -9999 -9999 -9999 1 3 3 5 7 12 21 31 40 53 757 703 577 55 82 75 107 115 186 396 462 559 638 622 533 793 791 675 781 689 614 593 562 534 542 632 546 543 541 540 537 532 527 519 511 501 491 480 469 461 453 450 447 514 515 518 520 522 523 524 526 527 530 531 542 557 578 599 621
-9999 -9999 -9999 -9999 -9999 -9999 -9999 -9999 -9999 -9999 -9999 -9999 -9999 -9999 -9999 0 0 1 1 4 5 7 12 23 49 36 136 820 135 683 440 81 93 105 122 231 407 513 557 616 615 667 861 783 635 784 661 662 643 586 538 544 678 556 548 541 538 535 530 523 515 506 496 486 475 466 456 515 444 440 508 508 435 510 511 511 512 514 512 513 513 521 541 562 585 607
-9999 -9999 -9999 -9999 -9999 -9999 -9999 -9999 -9999 -9999 -9999 -9999 -9999 -9999 0 0 1 2 2 4 8 12 18 27 52 52 137 134 131 757 489 85 116 153 193 274 386 512 554 531 642 790 847 714 590 713 693 643 622 612 546 559 684 563 550 542 536 532 527 521 511 503 492 483 472 463 521 514 441 507 504 504 503 504 503 503 503 503 503 501 504 512 530 551 571 594
-9999 -9999 -9999 -9999 -9999 -9999 -9999 -9999 -9999 -9999 -9999 -9999 -9999 -9999 0 1 1 3 5 7 8 13 15 47 51 148 135 131 723 590 495 84 125 207 314 359 421 482 537 577 741 810 765 787 591 685 763 758 689 594 550 547 593 604 555 545 536 532 525 518 509 501 491 480 472 461 452 515 438 433 502 500 499 498 497 496 496 495 496 497 500 509 523 541 561 581
-9999 -9999 -9999 -9999 -9999 -9999 -9999 -9999 -9999 -9999 -9999 -9999 0 0 1 1 3 4 5 8 9 11 49 57 156 845 778 687 592 517 482 372 120 194 217 397 432 483 589 567 653 775 755 740 727 668 727 783 779 613 557 555 562 665 561 547 539 530 525 516 509 498 489 479 469 459 451 515 509 432 501 498 496 495 492 491 491 491 492 494 499 507 519 535 550 569
-9999 -9999 -9999 -9999 -9999 -9999 -9999 -9999 -9999 -9999 -9999 -9999 0 1 1 2 4 4 12 8 10 39 51 49 838 796 119 110 589 494 438 69 92 162 184 302 421 490 575 600 606 737 715 714 832 718 740 668 725 597 557 560 569 690 566 555 544 530 523 515 507 497 488 478 467 458 450 442 436 429 499 496 493 491 489 488 487 488 489 491 497 504 515 527 542 556
-9999 -9999 -9999 -9999 -9999 -9999 -9999 -9999 -9999 -9999 -9999 0 0 1 1 1 3 5 7 5 27 31 38 124 795 116 107 626 575 72 84 33 71 150 171 252 380 432 515 599 609 672 673 682 792 735 781 734 627 572 567 565 578 681 564 558 543 530 523 513 506 496 486 477 467 458 450 441 434 427 499 416 491 488 486 485 484 485 487 489 494 501 511 520 533 545
-9999 -9999 -9999 -9999 -9999 -9999 -9999 -9999 -9999 -9999 0 0 0 1 0 2 3 3 4 5 20 18 27 27 30 31 92 620 87 84 58 81 37 109 167 228 339 396 508 573 611 631 667 631 705 676 782 717 619 572 575 570 622 652 563 551 539 530 523 514 504 495 485 476 466 457 448 515 432 426 498 492 489 487 485 483 481 482 484 486 491 497 505 515 525 536
-9999 -9999 -9999 -9999 -9999 -9999 -9999 -9999 -9999 0 0 0 0 0 0 1 1 3 3 3 2 7 7 16 24 97 88 672 90 98 100 72 63 95 173 212 284 377 469 550 582 591 612 611 700 627 730 688 640 579 578 572 623 645 570 557 541 528 521 513 504 494 484 474 465 456 448 439 431 424 495 491 487 485 482 480 480 480 481 483 489 493 500 508 517 526
-9999 -9999 -9999 -9999 -9999 -9999 -9999 -9999 -9999 0 0 0 0 0 0 0 1 2 2 1 1 3 4 13 11 21 25 666 84 104 78 51 126 125 179 237 287 364 450 530 564 561 615 601 623 598 636 670 617 586 581 576 597 640 566 555 539 528 519 510 501 491 481 471 463 454 447 438 430 423 495 489 485 481 479 477 476 476 478 481 485 489 496 501 510 517
-9999 -9999 -9999 -9999 -9999 -9999 -9999 -9999 0 0 0 0 0 0 0 0 1 1 1 0 0 2 3 11 9 18 24 81 84 86 40 70 135 155 183 223 281 337 434 482 550 572 563 618 618 619 623 641 603 591 583 576 613 591 550 547 536 526 516 507 498 488 480 470 462 452 444 437 428 421 415 408 482 480 476 475 473 474 474 476 479 484 491 495 502 508
-9999 -9999 -9999 -9999 -9999 -9999 -9999 -9999 -9999 0 0 0 0 0 0 0 0 0 0 0 0 1 3 8 13 22 25 91 88 34 89 93 130 154 161 199 263 310 369 439 504 564 577 619 631 616 633 623 598 592 586 598 628 567 549 538 531 521 513 503 495 486 478 469 460 451 443 434 427 419 491 486 480 476 473 471 469 469 471 473 476 479 484 489 495 501
-9999 -9999 -9999 -9999 -9999 -9999 -9999 -9999 0 0 0 0 0 0 0 0 0 0 0 0 0 2 7 8 14 22 77 40 85 102 108 115 138 125 167 191 240 297 336 395 488 545 584 599 628 621 633 613 601 594 593 614 593 564 549 533 524 515 508 498 490 481 475 468 457 448 438 431 423 416 488 482 477 473 469 467 465 465 466 469 472 474 479 484 489 494
-9999 -9999 -9999 -9999 -9999 -9999 -9999 -9999 0 0 0 0 0 0 0 0 0 0 0 0 0 1 3 12 20 22 29 74 85 71 104 127 136 145 155 185 248 288 320 374 442 531 550 587 628 629 631 609 615 596 623 628 572 552 543 527 517 509 500 492 485 476 471 465 454 444 436 429 419 413 485 478 473 468 466 462 461 460 462 463 467 470 474 479 483 488
-9999 -9999 -9999 -9999 -9999 -9999 -9999 -9999 -9999 0 0 0 0 0 0 0 0 0 0 0 0 1 5 14 20 36 23 69 79 55 108 124 124 112 131 166 239 277 302 349 414 507 512 588 624 630 635 614 600 596 617 607 573 544 532 519 509 501 493 484 477 471 465 459 451 441 431 424 416 486 479 398 468 464 460 458 457 457 456 458 461 464 468 473 478 482
-9999 -9999 -9999 -9999 -9999 -9999 -9999 -9999 -9999 -9999 0 0 0 0 0 0 0 0 0 0 0 0 5 15 25 50 41 29 34 45 95 127 132 108 113 143 207 261 277 331 391 495 489 588 627 629 629 605 596 591 594 594 578 542 520 512 500 492 483 476 468 462 457 450 442 433 424 417 410 482 475 470 463 460 455 452 450 451 451 454 456 460 464 467 471 477
-9999 -9999 -9999 -9999 -9999 -9999 -9999 -9999 -9999 -9999 -9999 0 0 0 0 0 0 0 0 0 0 0 1 11 14 41 57 34 39 62 113 118 93 95 121 151 194 244 265 310 359 457 483 585 601 600 615 600 588 582 564 564 559 542 514 499 489 479 472 464 457 452 446 440 432 425 418 410 482 475 470 465 459 454 450 447 446 445 446 449 451 455 458 462 466 470
-9999 -9999 -9999 -9999 -9999 -9999 -9999 -9999 -9999 -9999 -9999 0 0 0 0 0 0 0 0 0 0 0 0 5 10 18 34 58 73 96 117 125 135 148 108 141 175 232 251 302 320 377 519 592 609 510 540 586 573 513 504 518 528 526 507 485 475 467 458 451 445 439 435 429 422 415 408 404 475 394 389 460 455 449 444 440 439 440 442 444 447 450 453 458 461 465
-9999 -9999 -9999 -9999 -9999 -9999 -9999 -9999 -9999 -9999 0 0 0 0 0 0 0 0 0 0 0 0 0 1 6 13 20 41 65 103 117 134 154 140 108 129 184 216 237 291 298 339 435 561 588 563 517 554 554 523 474 479 498 495 488 478 460 452 447 439 433 428 422 419 413 407 400 396 391 387 460 456 451 445 440 435 433 435 437 439 443 445 449 452 456 460
-9999 -9999 -9999 -9999 -9999 -9999 -9999 -9999 -9999 0 0 0 0 0 0 0 0 0 0 0 0 0 0 0 2 6 12 18 31 101 100 136 151 168 162 155 158 200 229 269 281 310 462 553 571 529 512 480 464 494 467 440 469 461 457 453 452 443 431 424 420 416 410 409 404 399 394 388 385 380 454 451 447 443 437 430 429 431 433 435 438 441 444 448 450 455
-9999 -9999 -9999 -9999 -9999 -9999 -9999 -9999 -9999 -9999 -9999 0 0 0 0 0 0 0 0 0 0 0 0 0 1 6 7 13 27 107 90 132 145 124 121 196 175 176 238 229 275 282 434 448 460 422 383 410 364 399 392 396 431 408 417 426 423 420 420 412 406 403 397 394 392 388 385 380 377 450 449 448 447 443 436 431 429 430 430 433 434 437 440 442 446 449
-9999 -9999 -9999 -9999 -9999 -9999 -9999 -9999 -9999 -9999 -9999 -9999 0 1 1 1 0 0 0 0 0 0 0 0 0 3 7 11 16 93 89 115 152 145 100 129 173 159 231 251 237 251 363 302 311 303 325 323 312 330 340 343 368 365 373 393 399 395 393 392 392 388 384 382 379 376 375 371 369 366 443 443 445 444 439 434 430 429 429 430 431 433 436 439 442 444
-9999 -9999 -9999 -9999 -9999 -9999 -9999 -9999 -9999 -9999 -9999 -9999 -9999 1 1 1 1 0 0 0 0 0 0 0 0 3 7 10 13 52 97 96 159 161 115 110 124 143 177 236 243 249 292 251 259 265 278 296 280 289 295 304 320 324 331 345 365 370 368 370 370 372 372 369 367 366 364 363 361 435 435 437 440 444 439 434 430 429 427 426 428 430 432 435 438 441
-9999 -9999 -9999 -9999 -9999 -9999 -9999 -9999 -9999 -9999 -9999 -9999 -9999 2 1 1 1 0 0 0 0 0 0 0 0 2 5 8 13 37 119 87 154 166 153 142 149 132 155 163 236 278 216 230 237 236 240 243 250 254 263 275 294 290 302 317 328 331 338 342 344 348 355 356 353 353 351 351 424 425 425 428 432 435 433 430 428 426 425 425 425 426 428 431 434 437
-9999 -9999 -9999 -9999 -9999 -9999 -9999 -9999 -9999 -9999 -9999 -9999 -9999 -9999 1 1 0 0 0 0 0 0 0 0 0 2 4 8 11 63 82 59 128 157 120 164 164 144 124 167 212 238 213 193 215 222 225 217 220 221 231 243 263 269 278 288 295 302 312 317 321 326 334 342 342 340 341 340 412 413 415 415 418 422 423 422 421 421 420 420 420 421 425 427 430 432
-9999 -9999 -9999 -9999 -9999 -9999 -9999 -9999 -9999 -9999 -9999 -9999 -9999 -9999 0 0 0 0 0 0 0 0 0 0 0 2 3 6 29 64 77 54 113 150 117 102 163 139 108 144 172 190 211 178 169 188 206 193 194 195 207 215 233 260 277 283 283 290 292 296 300 309 314 326 332 331 329 329 401 402 403 404 406 409 410 411 412 413 414 415 415 417 419 423 426 429
-9999 -9999 -9999 -9999 -9999 -9999 -9999 -9999 -9999 -9999 -9999 -9999 -9999 0 0 0 0 0 0 0 0 0 0 0 1 2 2 4 15 48 32 35 92 122 124 82 148 150 93 114 116 132 145 165 180 150 176 184 171 173 192 186 205 215 245 266 274 287 273 274 299 286 299 306 319 321 322 320 392 391 390 392 396 399 401 402 403 406 407 410 409 412 416 419 422 426
-9999 -9999 -9999 -9999 -9999 -9999 -9999 -9999 -9999 -9999 0 0 0 0 0 0 0 0 0 0 0 0 0 0 1 2 2 4 7 15 76 40 58 72 112 77 82 93 80 92 113 141 141 128 113 117 134 156 148 154 159 201 179 185 208 236 256 260 278 275 278 268 283 290 306 314 315 314 387 385 383 383 386 388 390 393 396 399 400 402 404 406 411 414 419 422
-9999 -9999 -9999 -9999 -9999 -9999 -9999 -9999 -9999 -9999 0 0 0 0 0 0 0 0 0 0 0 0 0 1 1 2 2 3 5 12 67 60 54 40 90 108 102 76 96 73 84 128 135 140 129 112 121 131 128 166 173 183 199 198 181 202 235 248 267 261 243 254 270 276 286 303 309 383 385 383 383 381 380 379 381 387 390 393 394 397 400 402 406 410 414 418
