bio_clim/bio_15.asc
ncols         156
nrows         252
xllcorner     -82
yllcorner     -8
cellsize      0.083333337679505
NODATA_value  -9999
[rows 44 to 87 of 252, columns 0 to 95 of 156]
-9999 -9999 -9999 -9999 -9999 -9999 -9999 -9999 -9999 -9999 -9999 -9999 -9999 -9999 -9999 -9999 -9999 -9999 -9999 -9999 -9999 -9999 -9999 -9999 54 55 56 56 56 55 54 56 58 59 60 60 60 60 59 58 58 57 57 57 58 -9999 -9999 -9999 -9999 -9999 -9999 -9999 -9999 -9999 -9999 -9999 -9999 -9999 -9999 -9999 -9999 -9999 -9999 -9999 -9999 -9999 -9999 -9999 -9999 -9999 -9999 64 65 66 66 66 66 63 60 56 55 56 58 61 62 63 65 68 70 67 64 62 62 61 60 60
-9999 -9999 -9999 -9999 -9999 -9999 -9999 -9999 -9999 -9999 -9999 -9999 -9999 -9999 -9999 -9999 -9999 -9999 -9999 -9999 -9999 -9999 49 51 53 55 56 59 61 61 60 63 63 63 65 68 67 65 63 62 61 60 59 58 58 59 59 61 -9999 -9999 -9999 -9999 -9999 -9999 -9999 -9999 -9999 -9999 -9999 -9999 -9999 -9999 -9999 -9999 -9999 -9999 -9999 -9999 -9999 -9999 63 63 64 64 64 64 64 61 59 57 57 58 61 64 64 64 65 67 69 66 64 63 63 62 61 60
-9999 25 -9999 -9999 -9999 -9999 -9999 -9999 -9999 -9999 -9999 -9999 -9999 -9999 -9999 -9999 -9999 -9999 38 40 42 45 48 51 54 56 58 60 63 63 63 65 67 68 71 72 70 68 66 65 63 63 62 60 60 59 58 57 58 -9999 -9999 -9999 -9999 -9999 -9999 -9999 -9999 -9999 -9999 -9999 -9999 -9999 -9999 -9999 -9999 -9999 -9999 -9999 -9999 -9999 62 62 62 63 62 62 62 60 59 58 59 61 64 66 65 64 65 65 66 65 64 63 63 62 61 61
-9999 -9999 25 -9999 -9999 -9999 -9999 -9999 -9999 -9999 -9999 -9999 -9999 -9999 -9999 -9999 36 37 38 40 42 45 48 52 55 59 60 63 62 62 63 65 69 71 73 73 71 70 68 67 66 65 64 63 61 61 60 58 56 55 -9999 -9999 -9999 -9999 -9999 -9999 -9999 -9999 -9999 -9999 -9999 -9999 -9999 -9999 -9999 -9999 -9999 -9999 -9999 61 62 61 61 61 61 61 60 59 58 59 61 63 65 66 64 65 66 66 65 64 64 64 63 62 62 63
-9999 25 -9999 27 -9999 -9999 -9999 -9999 -9999 -9999 -9999 -9999 -9999 -9999 -9999 36 36 37 38 40 43 46 50 54 58 63 63 62 63 60 -9999 -9999 -9999 -9999 -9999 -9999 73 72 70 69 66 67 65 65 64 63 61 60 57 55 53 -9999 -9999 -9999 -9999 -9999 -9999 -9999 -9999 -9999 -9999 -9999 -9999 -9999 -9999 -9999 -9999 -9999 58 60 61 61 61 62 62 61 60 59 58 59 62 65 67 67 65 65 66 66 65 64 64 64 64 63 64 63
28 26 27 28 30 -9999 -9999 -9999 -9999 -9999 -9999 -9999 -9999 39 39 38 37 37 38 41 44 48 52 56 61 64 65 -9999 -9999 -9999 -9999 -9999 -9999 -9999 -9999 -9999 -9999 73 73 72 70 68 65 67 66 65 64 62 59 56 54 51 -9999 -9999 -9999 -9999 -9999 -9999 -9999 -9999 -9999 -9999 -9999 -9999 -9999 -9999 -9999 55 57 60 60 60 61 63 63 61 59 58 58 60 63 66 68 68 68 67 67 66 65 65 64 64 63 63 64 63
33 33 34 36 36 39 42 43 -9999 -9999 46 46 45 45 43 44 41 40 43 45 47 52 57 61 66 66 67 -9999 -9999 -9999 -9999 -9999 -9999 -9999 -9999 -9999 -9999 -9999 -9999 74 73 71 66 68 67 67 66 64 61 57 54 52 50 -9999 -9999 -9999 -9999 -9999 -9999 -9999 -9999 -9999 -9999 -9999 -9999 -9999 52 54 56 58 58 59 60 62 62 59 57 57 59 61 65 67 69 70 69 68 68 67 66 65 64 63 63 63 63 63
40 38 41 42 44 46 49 51 53 52 55 56 57 57 59 58 57 56 55 54 51 56 68 72 74 69 69 -9999 -9999 -9999 -9999 -9999 -9999 -9999 -9999 -9999 -9999 -9999 -9999 -9999 75 74 72 70 69 69 69 66 63 59 55 53 50 50 -9999 -9999 -9999 -9999 -9999 -9999 -9999 -9999 -9999 -9999 48 49 50 52 54 55 55 56 58 59 59 58 57 57 60 63 66 68 70 70 70 69 69 69 67 65 64 63 62 62 61 62
40 46 43 46 44 45 52 53 59 59 58 60 62 61 64 66 67 64 57 59 57 62 75 76 71 70 -9999 -9999 -9999 -9999 -9999 -9999 -9999 -9999 -9999 78 -9999 -9999 -9999 -9999 -9999 -9999 73 72 70 70 71 68 65 60 57 53 51 49 48 47 -9999 -9999 -9999 -9999 -9999 -9999 44 45 46 47 49 50 52 53 53 55 56 57 58 59 59 61 63 66 68 70 72 71 69 68 67 67 66 65 64 62 62 61 61 62
48 45 46 47 48 49 51 53 52 61 62 65 64 63 67 71 72 68 65 62 61 65 73 74 72 -9999 -9999 -9999 -9999 -9999 -9999 -9999 -9999 -9999 -9999 -9999 -9999 -9999 -9999 -9999 -9999 -9999 73 72 72 71 71 68 65 61 57 54 51 49 47 47 47 -9999 -9999 -9999 -9999 43 43 43 44 45 47 48 50 51 53 54 56 58 59 60 64 67 68 67 69 70 70 69 67 66 65 65 65 64 62 61 60 60 62 64
54 52 53 52 58 58 67 71 67 69 68 70 70 74 74 76 76 74 71 68 65 66 68 70 -9999 -9999 -9999 -9999 -9999 -9999 -9999 -9999 -9999 -9999 -9999 -9999 79 -9999 -9999 -9999 -9999 -9999 73 72 71 70 69 67 64 61 57 55 52 49 47 46 46 -9999 -9999 -9999 -9999 -9999 41 41 42 43 45 46 48 50 52 54 57 59 60 62 67 71 69 69 69 68 67 65 65 64 63 62 62 61 59 59 58 57 60 64
61 60 60 63 65 67 69 72 72 74 73 73 74 76 76 78 78 77 75 71 68 68 69 -9999 -9999 -9999 -9999 -9999 -9999 -9999 -9999 -9999 -9999 -9999 -9999 -9999 79 78 -9999 -9999 -9999 -9999 -9999 -9999 -9999 69 67 65 63 60 57 54 52 49 48 46 45 44 43 -9999 -9999 -9999 -9999 39 40 41 43 45 47 49 52 55 57 60 60 62 65 67 68 68 67 67 65 64 63 63 62 61 59 57 56 56 55 56 57 59
63 64 65 66 66 67 68 69 70 72 72 74 75 76 76 77 78 76 76 -9999 -9999 -9999 -9999 -9999 -9999 -9999 -9999 -9999 -9999 -9999 -9999 -9999 -9999 -9999 79 -9999 78 -9999 -9999 -9999 -9999 -9999 -9999 -9999 -9999 -9999 65 63 61 59 57 55 52 50 48 46 45 43 42 -9999 -9999 -9999 -9999 37 38 40 41 44 46 49 52 55 56 58 59 61 63 65 67 67 67 66 65 63 62 61 60 60 58 56 55 54 53 53 53 56
65 67 68 68 67 67 69 69 70 70 71 72 73 73 73 74 75 77 -9999 -9999 -9999 -9999 -9999 -9999 -9999 -9999 -9999 -9999 -9999 -9999 -9999 -9999 -9999 -9999 -9999 -9999 -9999 -9999 -9999 -9999 -9999 -9999 -9999 -9999 -9999 64 63 62 60 59 58 55 52 50 48 47 45 44 42 40 -9999 -9999 -9999 36 38 39 40 43 45 48 51 53 54 56 58 59 62 64 66 66 65 64 64 62 61 60 59 59 57 54 53 51 51 51 52 53
-9999 -9999 -9999 70 68 68 68 68 69 70 70 70 71 71 71 72 74 75 -9999 -9999 -9999 -9999 -9999 -9999 -9999 -9999 -9999 -9999 -9999 -9999 -9999 -9999 -9999 -9999 -9999 -9999 -9999 -9999 -9999 -9999 -9999 -9999 -9999 -9999 -9999 62 62 61 60 59 58 56 53 50 49 47 45 44 42 40 38 36 -9999 34 36 39 40 43 45 47 50 52 53 54 56 58 61 63 65 65 64 63 62 61 60 58 57 56 56 53 51 51 50 51 51 52
-9999 -9999 -9999 71 70 68 68 66 67 68 68 69 70 70 72 73 74 76 -9999 -9999 -9999 -9999 -9999 -9999 -9999 -9999 -9999 -9999 -9999 -9999 -9999 -9999 -9999 -9999 -9999 -9999 -9999 -9999 -9999 -9999 -9999 -9999 -9999 68 64 61 62 61 61 59 58 55 53 51 49 48 46 44 42 40 38 36 -9999 33 34 38 41 42 44 46 48 49 51 53 55 57 59 61 63 63 62 61 60 60 58 56 53 53 52 52 51 49 49 50 50 51
-9999 -9999 -9999 -9999 -9999 68 67 64 66 67 67 68 69 71 74 74 74 77 80 83 -9999 -9999 -9999 -9999 -9999 -9999 -9999 -9999 -9999 -9999 -9999 -9999 -9999 -9999 -9999 -9999 -9999 -9999 -9999 -9999 -9999 -9999 -9999 67 65 62 62 62 61 60 58 54 53 51 50 49 47 46 43 41 39 -9999 -9999 34 34 40 42 42 43 46 47 47 49 52 54 55 58 59 61 61 60 59 58 57 56 53 51 50 47 47 49 47 48 49 49 51
-9999 -9999 -9999 -9999 -9999 68 66 65 66 67 67 67 69 71 72 73 76 77 81 83 -9999 -9999 -9999 -9999 -9999 -9999 -9999 -9999 -9999 -9999 -9999 -9999 -9999 -9999 -9999 -9999 -9999 -9999 -9999 -9999 -9999 -9999 -9999 -9999 66 64 63 62 61 60 58 54 54 53 52 50 48 46 44 42 40 38 37 35 35 40 43 43 43 45 47 48 49 51 53 54 56 57 58 58 57 56 55 55 53 52 50 47 45 45 45 46 47 47 47 50
-9999 -9999 -9999 -9999 -9999 68 67 67 68 69 -9999 69 69 70 71 72 74 76 79 81 80 77 -9999 -9999 -9999 -9999 -9999 -9999 -9999 -9999 -9999 -9999 -9999 -9999 -9999 -9999 -9999 -9999 -9999 -9999 -9999 -9999 -9999 -9999 65 65 63 63 61 60 58 53 54 54 52 51 49 47 46 44 42 41 39 38 37 40 43 42 43 45 46 48 49 50 51 52 53 54 55 55 55 54 53 52 51 50 48 46 43 43 44 46 47 46 46 51
-9999 -9999 -9999 -9999 -9999 -9999 68 69 70 70 -9999 70 70 71 73 72 71 73 76 78 78 76 74 -9999 -9999 -9999 -9999 -9999 -9999 -9999 -9999 -9999 -9999 -9999 -9999 -9999 -9999 -9999 -9999 -9999 -9999 -9999 -9999 -9999 66 64 61 63 62 61 58 52 54 55 53 51 50 48 47 46 45 44 43 42 41 42 43 44 44 45 46 47 48 49 50 50 50 51 53 53 53 52 51 50 49 48 47 44 42 42 43 45 44 45 46 51
-9999 -9999 -9999 -9999 -9999 -9999 -9999 -9999 -9999 -9999 -9999 -9999 71 71 74 73 70 73 76 78 78 76 74 -9999 -9999 -9999 -9999 -9999 -9999 -9999 -9999 -9999 -9999 -9999 -9999 -9999 -9999 -9999 -9999 -9999 -9999 -9999 -9999 -9999 -9999 66 64 63 59 61 60 56 53 53 53 52 51 50 48 48 46 46 47 47 45 43 43 44 44 45 45 46 47 48 47 48 49 49 51 51 49 49 48 48 47 46 45 44 41 41 42 44 44 44 47 51
-9999 -9999 73 -9999 -9999 -9999 -9999 -9999 -9999 -9999 -9999 -9999 -9999 72 73 74 71 73 75 77 78 76 75 76 -9999 -9999 -9999 -9999 -9999 -9999 -9999 -9999 -9999 -9999 -9999 -9999 -9999 -9999 -9999 -9999 -9999 -9999 -9999 -9999 -9999 -9999 69 65 59 59 60 58 55 52 52 52 51 50 49 48 48 47 48 48 46 43 43 44 45 45 45 46 47 47 47 48 48 47 47 47 46 45 45 46 45 44 43 43 40 41 41 43 44 44 46 52
-9999 -9999 73 -9999 -9999 -9999 -9999 -9999 -9999 -9999 -9999 -9999 -9999 74 73 74 72 71 71 72 74 74 74 76 -9999 -9999 -9999 -9999 -9999 -9999 -9999 -9999 -9999 -9999 -9999 -9999 -9999 -9999 -9999 -9999 -9999 -9999 -9999 -9999 -9999 -9999 -9999 67 63 59 59 58 55 53 53 52 51 51 50 49 48 46 47 46 45 44 42 43 44 45 46 47 47 46 45 46 47 46 44 44 43 43 43 43 43 43 42 43 40 41 41 43 43 43 46 51
-9999 -9999 -9999 73 74 -9999 -9999 -9999 -9999 -9999 -9999 -9999 -9999 77 75 74 75 73 71 71 -9999 -9999 -9999 -9999 -9999 -9999 -9999 -9999 -9999 -9999 -9999 -9999 -9999 -9999 -9999 -9999 -9999 -9999 -9999 -9999 -9999 -9999 -9999 -9999 -9999 -9999 -9999 -9999 62 61 59 58 55 54 53 52 50 49 49 48 46 45 45 44 43 43 42 42 43 43 46 46 47 40 41 43 43 41 43 43 42 42 42 42 42 42 42 43 42 41 42 42 43 43 44 50
-9999 -9999 74 -9999 -9999 -9999 -9999 -9999 -9999 -9999 -9999 -9999 -9999 76 74 74 74 74 72 -9999 -9999 -9999 -9999 -9999 -9999 -9999 -9999 -9999 -9999 -9999 -9999 -9999 -9999 -9999 -9999 -9999 -9999 -9999 -9999 -9999 -9999 -9999 -9999 -9999 -9999 -9999 -9999 -9999 62 59 60 57 55 53 52 50 49 48 47 45 44 44 43 42 42 42 42 41 39 41 43 44 42 40 40 40 42 42 42 42 42 42 42 41 41 42 42 43 42 41 42 43 43 43 47 51
-9999 -9999 -9999 -9999 -9999 -9999 -9999 -9999 -9999 -9999 -9999 -9999 -9999 76 76 -9999 -9999 -9999 -9999 -9999 -9999 -9999 -9999 -9999 -9999 -9999 -9999 -9999 -9999 -9999 -9999 -9999 -9999 -9999 -9999 -9999 -9999 -9999 -9999 -9999 -9999 -9999 -9999 -9999 -9999 -9999 -9999 -9999 -9999 60 59 56 53 51 50 48 47 46 44 43 42 41 41 40 40 40 40 41 39 38 39 40 39 40 41 43 42 45 44 43 43 42 43 42 42 42 42 43 43 42 42 43 44 44 48 51
-9999 -9999 -9999 -9999 -9999 -9999 -9999 -9999 -9999 -9999 -9999 -9999 -9999 -9999 -9999 -9999 -9999 -9999 -9999 -9999 -9999 -9999 -9999 -9999 -9999 -9999 -9999 -9999 -9999 -9999 -9999 -9999 -9999 -9999 -9999 -9999 -9999 -9999 -9999 -9999 -9999 -9999 -9999 -9999 -9999 -9999 -9999 -9999 -9999 -9999 -9999 56 53 51 48 47 45 43 42 40 39 39 38 38 38 39 39 39 39 38 38 39 38 40 41 44 44 42 42 42 43 43 43 42 42 42 43 43 44 43 43 44 45 47 49 50
-9999 -9999 -9999 -9999 -9999 -9999 -9999 -9999 -9999 -9999 -9999 -9999 -9999 -9999 -9999 -9999 -9999 -9999 -9999 -9999 -9999 -9999 -9999 -9999 -9999 -9999 -9999 -9999 -9999 -9999 -9999 -9999 -9999 -9999 -9999 -9999 -9999 -9999 -9999 -9999 -9999 -9999 -9999 -9999 -9999 -9999 -9999 -9999 -9999 -9999 -9999 -9999 52 49 47 45 43 41 39 37 37 36 36 36 36 37 38 39 39 40 40 39 39 40 46 44 41 41 41 42 44 44 42 43 44 43 43 43 44 43 44 45 46 47 48 48
-9999 -9999 -9999 -9999 -9999 -9999 -9999 -9999 -9999 -9999 -9999 -9999 -9999 -9999 -9999 -9999 -9999 -9999 -9999 -9999 -9999 -9999 -9999 -9999 -9999 -9999 -9999 -9999 -9999 -9999 -9999 -9999 -9999 -9999 -9999 -9999 -9999 -9999 -9999 -9999 -9999 -9999 -9999 -9999 -9999 -9999 -9999 -9999 -9999 -9999 -9999 -9999 50 47 45 43 40 38 36 35 34 33 33 33 34 35 36 38 38 39 39 39 39 40 43 38 40 41 42 42 44 43 43 41 43 45 44 44 44 44 44 45 46 46 46 46
-9999 -9999 -9999 -9999 -9999 -9999 -9999 -9999 -9999 -9999 -9999 -9999 -9999 -9999 -9999 -9999 -9999 -9999 -9999 -9999 -9999 -9999 -9999 -9999 -9999 -9999 -9999 -9999 -9999 -9999 -9999 -9999 -9999 -9999 -9999 -9999 -9999 -9999 -9999 -9999 -9999 -9999 -9999 -9999 -9999 -9999 -9999 -9999 -9999 -9999 -9999 -9999 48 45 43 41 38 36 33 32 31 30 30 30 32 34 35 36 37 39 40 40 39 42 41 39 40 41 42 43 45 44 44 42 43 46 45 44 44 44 45 45 46 46 45 45
-9999 -9999 -9999 -9999 -9999 -9999 -9999 -9999 -9999 -9999 -9999 -9999 -9999 -9999 -9999 -9999 -9999 -9999 -9999 -9999 -9999 -9999 -9999 -9999 -9999 -9999 -9999 -9999 -9999 -9999 -9999 -9999 -9999 -9999 -9999 -9999 -9999 -9999 -9999 -9999 -9999 -9999 -9999 -9999 -9999 -9999 -9999 -9999 -9999 -9999 -9999 -9999 -9999 44 41 39 37 33 31 29 28 28 28 28 30 33 34 35 35 37 39 39 39 44 39 39 38 40 42 43 46 45 44 43 43 44 45 44 44 44 44 45 45 45 45 44
-9999 -9999 -9999 -9999 -9999 -9999 -9999 -9999 -9999 -9999 -9999 -9999 -9999 -9999 -9999 -9999 -9999 -9999 -9999 -9999 -9999 -9999 -9999 -9999 -9999 -9999 -9999 -9999 -9999 -9999 -9999 -9999 -9999 -9999 -9999 -9999 -9999 -9999 -9999 -9999 -9999 -9999 -9999 -9999 -9999 -9999 -9999 -9999 -9999 -9999 -9999 -9999 -9999 -9999 40 37 34 31 28 26 25 25 25 26 29 31 32 33 34 35 36 37 38 42 41 38 37 38 41 43 45 46 44 44 44 44 44 43 44 44 44 45 44 44 44 44
-9999 -9999 -9999 -9999 -9999 -9999 -9999 -9999 -9999 -9999 -9999 -9999 -9999 -9999 -9999 -9999 -9999 -9999 -9999 -9999 -9999 -9999 -9999 -9999 -9999 -9999 -9999 -9999 -9999 -9999 -9999 -9999 -9999 -9999 -9999 -9999 -9999 -9999 -9999 -9999 -9999 -9999 -9999 -9999 -9999 -9999 -9999 -9999 -9999 -9999 -9999 -9999 -9999 -9999 -9999 35 32 29 27 25 24 23 24 24 26 28 29 30 33 34 35 36 38 41 44 37 36 37 41 43 44 44 44 44 44 43 43 43 43 43 44 44 44 43 43 43
-9999 -9999 -9999 -9999 -9999 -9999 -9999 -9999 -9999 -9999 -9999 -9999 -9999 -9999 -9999 -9999 -9999 -9999 -9999 -9999 -9999 -9999 -9999 -9999 -9999 -9999 -9999 -9999 -9999 -9999 -9999 -9999 -9999 -9999 -9999 -9999 -9999 -9999 -9999 -9999 -9999 -9999 -9999 -9999 -9999 -9999 -9999 -9999 -9999 -9999 -9999 -9999 -9999 -9999 -9999 -9999 31 29 27 26 26 24 23 23 24 26 27 29 31 33 34 34 37 41 47 39 35 37 40 42 43 43 42 42 42 42 42 42 43 43 45 44 43 41 41 40
-9999 -9999 -9999 -9999 -9999 -9999 -9999 -9999 -9999 -9999 -9999 -9999 -9999 -9999 -9999 -9999 -9999 -9999 -9999 -9999 -9999 -9999 -9999 -9999 -9999 -9999 -9999 -9999 -9999 -9999 -9999 -9999 -9999 -9999 -9999 -9999 -9999 -9999 -9999 -9999 -9999 -9999 -9999 -9999 -9999 -9999 -9999 -9999 -9999 -9999 -9999 -9999 -9999 -9999 -9999 -9999 30 28 26 26 26 24 23 23 23 25 25 28 29 32 33 34 37 39 45 41 35 37 39 41 41 40 39 40 41 41 41 42 42 44 45 43 41 39 38 38
-9999 -9999 -9999 -9999 -9999 -9999 -9999 -9999 -9999 -9999 -9999 -9999 -9999 -9999 -9999 -9999 -9999 -9999 -9999 -9999 -9999 -9999 -9999 -9999 -9999 -9999 -9999 -9999 -9999 -9999 -9999 -9999 -9999 -9999 -9999 -9999 -9999 -9999 -9999 -9999 -9999 -9999 -9999 -9999 -9999 -9999 -9999 -9999 -9999 -9999 -9999 -9999 -9999 -9999 -9999 32 29 27 25 24 24 24 23 22 22 24 25 26 27 30 33 34 35 38 40 37 35 37 39 40 39 37 37 39 40 41 41 42 43 45 44 42 40 38 36 36
-9999 -9999 -9999 -9999 -9999 -9999 -9999 -9999 -9999 -9999 -9999 -9999 -9999 -9999 -9999 -9999 -9999 -9999 -9999 -9999 -9999 -9999 -9999 -9999 -9999 -9999 -9999 -9999 -9999 -9999 -9999 -9999 -9999 -9999 -9999 -9999 -9999 -9999 -9999 -9999 -9999 -9999 -9999 -9999 -9999 -9999 -9999 -9999 -9999 -9999 -9999 -9999 -9999 -9999 -9999 32 29 26 24 23 22 22 22 21 21 22 23 24 27 31 32 34 34 37 37 35 36 37 38 38 36 34 34 38 39 40 41 43 45 46 44 41 39 36 36 35
-9999 -9999 -9999 -9999 -9999 -9999 -9999 -9999 -9999 -9999 -9999 -9999 -9999 -9999 -9999 -9999 -9999 -9999 -9999 -9999 -9999 -9999 -9999 -9999 -9999 -9999 -9999 -9999 -9999 -9999 -9999 -9999 -9999 -9999 -9999 -9999 -9999 -9999 -9999 -9999 -9999 -9999 -9999 -9999 -9999 -9999 -9999 -9999 -9999 -9999 -9999 -9999 -9999 -9999 34 31 28 26 23 21 21 21 21 20 20 20 22 23 25 31 31 33 32 36 36 35 35 36 37 36 34 31 32 33 38 39 42 43 47 47 43 41 38 36 36 36
-9999 -9999 -9999 -9999 -9999 -9999 -9999 -9999 -9999 -9999 -9999 -9999 -9999 -9999 -9999 -9999 -9999 -9999 -9999 -9999 -9999 -9999 -9999 -9999 -9999 -9999 -9999 -9999 -9999 -9999 -9999 -9999 -9999 -9999 -9999 -9999 -9999 -9999 -9999 -9999 -9999 -9999 -9999 -9999 -9999 -9999 -9999 -9999 -9999 -9999 -9999 -9999 -9999 -9999 -9999 31 27 25 22 20 19 19 20 19 19 19 21 23 23 29 32 33 32 35 35 34 34 35 35 35 33 32 30 33 36 39 42 44 47 46 43 40 38 37 36 35
-9999 -9999 -9999 -9999 -9999 -9999 -9999 -9999 -9999 -9999 -9999 -9999 -9999 -9999 -9999 -9999 -9999 -9999 -9999 -9999 -9999 -9999 -9999 -9999 -9999 -9999 -9999 -9999 -9999 -9999 -9999 -9999 -9999 -9999 -9999 -9999 -9999 -9999 -9999 -9999 -9999 -9999 -9999 -9999 -9999 -9999 -9999 -9999 -9999 -9999 -9999 -9999 -9999 -9999 -9999 -9999 26 24 22 19 18 18 18 18 18 18 20 22 22 27 31 32 33 34 35 35 34 33 33 33 32 30 34 35 38 40 43 45 46 45 43 41 39 37 37 36
-9999 -9999 -9999 -9999 -9999 -9999 -9999 -9999 -9999 -9999 -9999 -9999 -9999 -9999 -9999 -9999 -9999 -9999 -9999 -9999 -9999 -9999 -9999 -9999 -9999 -9999 -9999 -9999 -9999 -9999 -9999 -9999 -9999 -9999 -9999 -9999 -9999 -9999 -9999 -9999 -9999 -9999 -9999 -9999 -9999 -9999 -9999 -9999 -9999 -9999 -9999 -9999 -9999 -9999 -9999 -9999 24 22 20 19 17 16 16 16 17 17 19 21 20 27 30 31 31 35 36 35 35 34 33 31 31 30 34 38 38 40 43 45 45 44 43 41 38 38 36 36
-9999 -9999 -9999 -9999 -9999 -9999 -9999 -9999 -9999 -9999 -9999 -9999 -9999 -9999 -9999 -9999 -9999 -9999 -9999 -9999 -9999 -9999 -9999 -9999 -9999 -9999 -9999 -9999 -9999 -9999 -9999 -9999 -9999 -9999 -9999 -9999 -9999 -9999 -9999 -9999 -9999 -9999 -9999 -9999 -9999 -9999 -9999 -9999 -9999 -9999 -9999 -9999 -9999 -9999 -9999 -9999 23 21 19 18 16 15 15 15 16 16 18 21 19 25 30 30 30 33 37 37 36 35 33 29 29 30 33 36 38 41 44 46 46 45 43 42 37 38 37 37
-9999 -9999 -9999 -9999 -9999 -9999 -9999 -9999 -9999 -9999 -9999 -9999 -9999 -9999 -9999 -9999 -9999 -9999 -9999 -9999 -9999 -9999 -9999 -9999 -9999 -9999 -9999 -9999 -9999 -9999 -9999 -9999 -9999 -9999 -9999 -9999 -9999 -9999 -9999 -9999 -9999 -9999 -9999 -9999 -9999 -9999 -9999 -9999 -9999 -9999 -9999 -9999 -9999 -9999 -9999 -9999 -9999 20 18 17 16 15 15 15 15 16 17 22 20 20 26 28 28 31 33 36 39 35 31 29 29 28 30 31 38 41 45 48 48 46 45 42 37 38 38 36
-9999 -9999 -9999 -9999 -9999 -9999 -9999 -9999 -9999 -9999 -9999 -9999 -9999 -9999 -9999 -9999 -9999 -9999 -9999 -9999 -9999 -9999 -9999 -9999 -9999 -9999 -9999 -9999 -9999 -9999 -9999 -9999 -9999 -9999 -9999 -9999 -9999 -9999 -9999 -9999 -9999 -9999 -9999 -9999 -9999 -9999 -9999 -9999 -9999 -9999 -9999 -9999 -9999 -9999 -9999 -9999 -9999 20 19 16 16 14 14 14 15 15 16 20 22 19 25 28 28 30 30 32 35 34 33 30 30 27 30 31 38 42 46 48 48 47 45 39 37 37 37 37
