bio_clim/bio_2.asc
ncols         156
nrows         252
xllcorner     -82
yllcorner     -8
cellsize      0.083333337679505
NODATA_value  -9999
[rows 126 to 167 of 252, columns 0 to 94 of 156]
-9999 -9999 -9999 -9999 -9999 -9999 -9999 -9999 -9999 -9999 -9999 -9999 -9999 -9999 -9999 -9999 -9999 -9999 -9999 -9999 -9999 -9999 -9999 -9999 -9999 -9999 -9999 -9999 -9999 -9999 -9999 -9999 -9999 -9999 -9999 -9999 -9999 -9999 -9999 -9999 -9999 59 61 64 66 69 72 75 78 80 82 85 89 96 102 101 103 108 108 108 104 110 111 112 113 114 109 92 90 90 101 107 104 105 105 108 108 109 97 94 89 85 85 88 102 108 108 110 110 108 109 108 106 106 104
-9999 -9999 -9999 -9999 -9999 -9999 -9999 -9999 -9999 -9999 -9999 -9999 -9999 -9999 -9999 -9999 -9999 -9999 -9999 -9999 -9999 -9999 -9999 -9999 -9999 -9999 -9999 -9999 -9999 -9999 -9999 -9999 -9999 -9999 -9999 -9999 -9999 -9999 -9999 -9999 -9999 58 61 63 66 69 72 75 78 81 83 87 92 100 94 90 100 105 99 105 109 114 112 111 112 108 100 86 88 90 102 106 104 103 99 101 106 105 91 88 86 86 90 96 106 110 112 111 111 110 109 108 107 106 104
-9999 -9999 -9999 -9999 -9999 -9999 -9999 -9999 -9999 -9999 -9999 -9999 -9999 -9999 -9999 -9999 -9999 -9999 -9999 -9999 -9999 -9999 -9999 -9999 -9999 -9999 -9999 -9999 -9999 -9999 -9999 -9999 -9999 -9999 -9999 -9999 -9999 -9999 -9999 -9999 56 58 61 63 66 69 72 76 79 82 85 88 95 100 94 88 99 101 98 108 115 116 113 111 107 98 90 82 91 101 105 105 103 101 102 106 106 97 89 86 88 89 99 96 104 109 111 112 111 110 109 108 106 105 104
-9999 -9999 -9999 -9999 -9999 -9999 -9999 -9999 -9999 -9999 -9999 -9999 -9999 -9999 -9999 -9999 -9999 -9999 -9999 -9999 -9999 -9999 -9999 -9999 -9999 -9999 -9999 -9999 -9999 -9999 -9999 -9999 -9999 -9999 -9999 -9999 -9999 -9999 -9999 -9999 54 57 60 63 66 69 73 76 80 83 86 89 96 99 99 94 94 95 105 116 117 115 113 107 101 91 93 89 97 103 104 103 102 100 105 106 104 92 89 88 89 94 102 97 104 108 112 113 111 110 108 107 106 105 104
-9999 -9999 -9999 -9999 -9999 -9999 -9999 -9999 -9999 -9999 -9999 -9999 -9999 -9999 -9999 -9999 -9999 -9999 -9999 -9999 -9999 -9999 -9999 -9999 -9999 -9999 -9999 -9999 -9999 -9999 -9999 -9999 -9999 -9999 -9999 -9999 -9999 -9999 -9999 -9999 53 56 60 63 66 70 73 77 80 83 86 91 97 101 102 99 90 99 111 121 116 112 110 103 89 87 91 96 101 104 103 102 100 102 104 103 97 91 88 89 95 100 99 92 103 110 112 111 110 109 107 106 105 104 103
-9999 -9999 -9999 -9999 -9999 -9999 -9999 -9999 -9999 -9999 -9999 -9999 -9999 -9999 -9999 -9999 -9999 -9999 -9999 -9999 -9999 -9999 -9999 -9999 -9999 -9999 -9999 -9999 -9999 -9999 -9999 -9999 -9999 -9999 -9999 -9999 -9999 -9999 -9999 -9999 53 56 59 63 67 70 74 77 81 84 88 94 98 101 102 95 99 107 118 119 113 104 100 94 91 92 96 101 103 104 103 102 102 102 101 98 93 91 90 89 96 98 100 101 106 108 109 109 108 107 106 105 104 103 103
-9999 -9999 -9999 -9999 -9999 -9999 -9999 -9999 -9999 -9999 -9999 -9999 -9999 -9999 -9999 -9999 -9999 -9999 -9999 -9999 -9999 -9999 -9999 -9999 -9999 -9999 -9999 -9999 -9999 -9999 -9999 -9999 -9999 -9999 -9999 -9999 -9999 -9999 -9999 -9999 -9999 56 60 64 68 71 75 78 82 85 91 95 98 101 101 98 101 113 116 116 111 99 94 91 90 96 101 103 104 104 104 103 101 99 101 96 93 92 93 89 91 96 101 102 104 105 106 106 106 105 105 104 103 102 102
-9999 -9999 -9999 -9999 -9999 -9999 -9999 -9999 -9999 -9999 -9999 -9999 -9999 -9999 -9999 -9999 -9999 -9999 -9999 -9999 -9999 -9999 -9999 -9999 -9999 -9999 -9999 -9999 -9999 -9999 -9999 -9999 -9999 -9999 -9999 -9999 -9999 -9999 -9999 -9999 -9999 57 61 65 68 72 76 79 83 86 91 94 97 100 102 100 107 110 111 111 106 107 97 95 89 89 99 103 104 104 103 102 99 99 98 94 93 96 94 93 95 98 99 100 101 103 104 104 104 104 103 103 102 101 101
-9999 -9999 -9999 -9999 -9999 -9999 -9999 -9999 -9999 -9999 -9999 -9999 -9999 -9999 -9999 -9999 -9999 -9999 -9999 -9999 -9999 -9999 -9999 -9999 -9999 -9999 -9999 -9999 -9999 -9999 -9999 -9999 -9999 -9999 -9999 -9999 -9999 -9999 48 -9999 53 58 62 67 70 74 78 81 84 88 91 94 97 100 100 98 107 107 106 106 101 96 94 93 93 94 97 98 100 102 102 100 99 98 96 94 96 98 97 94 95 97 97 98 99 100 101 102 102 102 102 101 101 101 100
-9999 -9999 -9999 -9999 -9999 -9999 -9999 -9999 -9999 -9999 -9999 -9999 -9999 -9999 -9999 -9999 -9999 -9999 -9999 -9999 -9999 -9999 -9999 -9999 -9999 -9999 -9999 -9999 -9999 -9999 -9999 -9999 -9999 -9999 -9999 -9999 -9999 53 53 54 57 61 65 69 72 76 79 82 85 88 91 95 96 99 100 100 105 105 104 98 92 90 89 92 97 101 96 96 97 100 101 100 99 97 97 96 97 97 96 94 95 95 95 96 97 98 99 100 100 100 100 100 100 99 99
-9999 -9999 -9999 -9999 -9999 -9999 -9999 -9999 -9999 -9999 -9999 -9999 -9999 -9999 -9999 -9999 -9999 -9999 -9999 -9999 -9999 -9999 -9999 -9999 -9999 -9999 -9999 -9999 -9999 -9999 -9999 -9999 -9999 -9999 -9999 -9999 58 58 59 60 63 66 68 72 75 78 81 83 86 88 91 95 94 95 100 102 104 103 102 95 93 86 89 91 97 101 99 97 98 97 98 98 99 98 97 97 97 96 95 94 94 93 93 94 95 96 97 98 99 99 99 99 99 98 98
-9999 -9999 -9999 -9999 -9999 -9999 -9999 -9999 -9999 -9999 -9999 -9999 -9999 -9999 -9999 -9999 -9999 -9999 -9999 -9999 -9999 -9999 -9999 -9999 -9999 -9999 -9999 -9999 -9999 -9999 -9999 -9999 -9999 -9999 -9999 -9999 -9999 63 65 66 68 70 72 75 77 80 82 84 87 89 92 97 92 94 101 102 101 93 93 92 88 85 91 95 103 105 102 101 100 96 96 98 98 95 96 95 95 95 94 94 93 93 93 93 94 95 96 97 97 97 98 98 98 97 97
-9999 -9999 -9999 -9999 -9999 -9999 -9999 -9999 -9999 -9999 -9999 -9999 -9999 -9999 -9999 -9999 -9999 -9999 -9999 -9999 -9999 -9999 -9999 -9999 -9999 -9999 -9999 -9999 -9999 -9999 -9999 -9999 -9999 -9999 -9999 -9999 -9999 -9999 70 71 72 73 75 77 79 82 84 85 88 90 93 99 94 99 102 99 104 101 102 96 86 87 94 104 106 105 104 103 100 99 98 99 96 93 93 94 94 94 94 93 93 93 92 93 94 94 95 95 96 96 97 96 97 96 96
-9999 -9999 -9999 -9999 -9999 -9999 -9999 -9999 -9999 -9999 -9999 -9999 -9999 -9999 -9999 -9999 -9999 -9999 -9999 -9999 -9999 -9999 -9999 -9999 -9999 -9999 -9999 -9999 -9999 -9999 -9999 -9999 -9999 -9999 -9999 -9999 -9999 -9999 75 75 76 77 78 79 81 83 85 87 90 92 94 100 96 101 101 96 101 98 97 97 85 90 94 99 105 104 104 103 100 100 98 97 92 91 92 93 93 93 93 93 92 92 92 92 93 93 94 94 95 95 95 96 95 95 95
-9999 -9999 -9999 -9999 -9999 -9999 -9999 -9999 -9999 -9999 -9999 -9999 -9999 -9999 -9999 -9999 -9999 -9999 -9999 -9999 -9999 -9999 -9999 -9999 -9999 -9999 -9999 -9999 -9999 -9999 -9999 -9999 -9999 -9999 -9999 -9999 77 78 79 79 79 79 80 81 82 84 86 94 95 97 99 98 99 100 102 93 93 88 87 89 87 84 95 100 104 102 102 103 101 100 97 94 89 89 91 92 93 93 93 92 92 92 92 92 92 93 93 94 94 94 94 95 95 95 95
-9999 -9999 -9999 -9999 -9999 -9999 -9999 -9999 -9999 -9999 -9999 -9999 -9999 -9999 -9999 -9999 -9999 -9999 -9999 -9999 -9999 -9999 -9999 -9999 -9999 -9999 -9999 -9999 -9999 -9999 -9999 -9999 -9999 -9999 -9999 77 79 81 82 81 81 81 81 82 83 85 90 93 98 100 97 93 95 98 101 84 88 85 83 86 98 94 101 105 103 103 102 101 98 95 91 89 89 89 90 91 92 93 92 92 92 92 92 92 92 92 93 93 93 93 94 94 94 94 94
-9999 -9999 -9999 -9999 -9999 -9999 -9999 -9999 -9999 -9999 -9999 -9999 -9999 -9999 -9999 -9999 -9999 -9999 -9999 -9999 -9999 -9999 -9999 -9999 -9999 -9999 -9999 -9999 -9999 -9999 -9999 -9999 -9999 -9999 78 79 81 83 83 83 83 82 83 83 84 87 97 96 101 101 94 87 89 93 102 89 85 84 86 92 102 93 92 104 102 102 102 97 94 92 91 90 89 90 90 91 92 92 92 92 92 92 91 91 92 92 92 92 92 93 93 93 93 93 93
-9999 -9999 -9999 -9999 -9999 -9999 -9999 -9999 -9999 -9999 -9999 -9999 -9999 -9999 -9999 -9999 -9999 -9999 -9999 -9999 -9999 -9999 -9999 -9999 -9999 -9999 -9999 -9999 -9999 -9999 70 73 75 77 80 82 83 84 85 85 84 83 83 84 87 91 95 101 103 95 91 91 92 95 104 91 85 86 87 86 94 104 104 103 99 99 96 94 93 92 91 90 90 90 90 91 91 92 92 92 92 91 91 91 91 91 92 92 92 92 92 92 92 93 92
-9999 -9999 -9999 -9999 -9999 -9999 -9999 -9999 -9999 -9999 -9999 -9999 -9999 -9999 -9999 -9999 -9999 -9999 -9999 -9999 -9999 -9999 -9999 -9999 -9999 -9999 -9999 65 67 70 72 75 77 80 82 84 86 86 86 86 85 83 86 93 93 96 101 104 95 86 89 93 91 93 99 85 86 87 88 89 100 104 105 100 97 97 95 94 93 92 91 91 90 90 91 91 91 91 91 91 91 91 91 91 91 91 91 91 91 92 92 92 92 92 92
-9999 -9999 -9999 -9999 -9999 -9999 -9999 -9999 -9999 -9999 -9999 -9999 -9999 -9999 -9999 -9999 -9999 -9999 -9999 -9999 -9999 -9999 -9999 -9999 -9999 -9999 63 66 68 72 74 76 79 81 84 86 88 88 87 86 84 87 86 94 101 105 106 107 90 87 94 96 98 99 91 88 95 89 94 102 107 104 101 98 97 96 95 94 93 92 92 91 91 91 91 91 91 91 91 91 91 91 91 91 91 91 91 91 91 91 91 91 91 91 91
-9999 -9999 -9999 -9999 -9999 -9999 -9999 -9999 -9999 -9999 -9999 -9999 -9999 -9999 -9999 -9999 -9999 -9999 -9999 -9999 -9999 -9999 -9999 58 59 61 65 67 70 72 75 77 80 83 85 87 88 89 87 86 88 96 91 92 94 102 107 100 84 89 96 99 100 96 89 96 106 99 107 106 103 100 98 97 97 96 95 94 93 93 92 92 91 91 91 91 91 91 91 91 91 91 91 91 90 91 90 91 91 91 90 91 91 91 91
-9999 -9999 -9999 -9999 -9999 -9999 -9999 -9999 -9999 -9999 -9999 -9999 -9999 -9999 -9999 -9999 -9999 -9999 -9999 -9999 -9999 -9999 -9999 58 59 62 66 68 72 74 76 78 81 83 85 87 88 88 87 87 92 97 98 104 109 101 108 89 87 86 90 94 92 97 98 97 101 108 106 103 100 98 97 97 96 96 95 94 94 93 93 92 92 92 92 91 91 91 91 91 91 91 90 90 90 90 90 90 90 90 90 91 90 91 90
-9999 -9999 -9999 -9999 -9999 -9999 -9999 -9999 -9999 -9999 -9999 -9999 -9999 -9999 -9999 -9999 -9999 -9999 -9999 -9999 -9999 -9999 -9999 -9999 58 62 67 70 72 75 77 79 81 83 85 86 86 86 87 87 91 101 110 113 114 111 108 99 97 92 102 96 92 98 102 89 108 108 102 101 100 98 97 96 96 95 95 94 94 93 93 93 92 92 92 92 91 91 91 91 91 91 90 90 90 90 90 90 90 90 90 90 90 90 90
-9999 -9999 -9999 -9999 -9999 -9999 -9999 -9999 -9999 -9999 -9999 -9999 -9999 -9999 -9999 -9999 -9999 -9999 -9999 -9999 -9999 -9999 -9999 -9999 59 63 68 71 73 76 78 80 81 83 85 85 86 89 95 92 100 112 107 97 99 114 112 115 107 106 104 91 88 104 97 104 108 102 100 100 99 98 97 97 96 96 95 95 94 94 94 93 93 92 92 92 92 92 91 91 91 90 90 90 90 90 90 90 90 90 90 90 90 90 90
-9999 -9999 -9999 -9999 -9999 -9999 -9999 -9999 -9999 -9999 -9999 -9999 -9999 -9999 -9999 -9999 -9999 -9999 -9999 -9999 -9999 -9999 -9999 60 63 65 70 73 74 76 78 80 82 83 84 85 87 101 109 103 113 120 114 95 95 119 113 113 115 108 92 107 103 111 106 110 104 99 98 99 98 97 97 97 96 96 95 95 95 94 94 93 93 93 92 92 92 92 92 91 91 91 90 90 90 90 90 90 89 89 89 89 89 89 89
-9999 -9999 -9999 -9999 -9999 -9999 -9999 -9999 -9999 -9999 -9999 -9999 -9999 -9999 -9999 -9999 -9999 -9999 -9999 -9999 -9999 -9999 -9999 -9999 65 68 73 75 76 77 79 81 82 83 85 85 90 101 115 116 117 116 121 99 113 125 121 116 118 109 90 106 111 110 111 107 100 99 98 98 98 97 97 97 96 96 96 95 95 94 94 94 93 93 93 92 92 92 91 91 91 91 91 90 90 90 89 89 89 89 89 89 89 89 89
-9999 -9999 -9999 -9999 -9999 -9999 -9999 -9999 -9999 -9999 -9999 -9999 -9999 -9999 -9999 -9999 -9999 -9999 -9999 -9999 -9999 -9999 -9999 -9999 68 71 75 77 77 78 80 81 82 83 84 85 87 94 98 105 110 114 117 106 125 118 120 96 108 99 98 111 113 110 104 102 100 99 98 98 97 97 97 97 96 96 96 95 95 95 94 94 94 94 93 93 92 92 92 92 91 91 90 90 90 90 89 89 89 89 89 89 89 89 89
-9999 -9999 -9999 -9999 -9999 -9999 -9999 -9999 -9999 -9999 -9999 -9999 -9999 -9999 -9999 -9999 -9999 -9999 -9999 -9999 -9999 -9999 -9999 -9999 -9999 74 77 78 79 80 81 82 83 84 84 85 86 88 93 94 98 116 122 119 118 118 104 93 89 93 114 115 107 104 101 101 100 98 98 98 98 97 97 97 97 96 96 96 95 95 95 95 95 94 94 93 93 93 92 92 91 91 91 90 90 90 89 89 89 89 89 88 89 89 89
-9999 -9999 -9999 -9999 -9999 -9999 -9999 -9999 -9999 -9999 -9999 -9999 -9999 -9999 -9999 -9999 -9999 -9999 -9999 -9999 -9999 -9999 -9999 73 75 78 80 81 81 82 83 84 84 85 85 86 86 92 100 101 106 118 124 129 96 102 102 92 87 92 102 116 112 105 100 102 102 99 98 98 98 98 97 97 97 97 96 96 96 95 95 95 95 95 94 94 93 93 92 92 92 91 91 90 90 90 89 89 88 89 89 89 89 89 89
-9999 -9999 -9999 -9999 -9999 -9999 -9999 -9999 -9999 -9999 -9999 -9999 -9999 -9999 -9999 -9999 -9999 -9999 -9999 -9999 -9999 -9999 -9999 76 79 80 82 83 84 85 85 85 85 86 86 85 87 90 102 112 126 129 130 133 121 121 112 83 82 101 115 117 112 107 103 100 100 98 98 98 98 97 97 97 97 97 96 96 96 95 95 95 95 95 95 94 94 93 93 92 92 91 91 90 90 90 89 89 89 88 88 89 88 88 89
-9999 -9999 -9999 -9999 -9999 -9999 -9999 -9999 -9999 -9999 -9999 -9999 -9999 -9999 -9999 -9999 -9999 -9999 -9999 -9999 -9999 -9999 78 79 81 83 85 86 87 88 88 88 88 87 86 85 86 94 99 121 129 121 131 137 135 106 98 85 84 96 122 115 115 110 105 101 100 99 98 98 98 98 97 97 97 97 96 96 96 96 95 95 95 95 95 94 94 93 93 92 92 92 91 91 90 90 89 89 88 88 89 88 88 89 89
-9999 -9999 -9999 -9999 -9999 -9999 -9999 -9999 -9999 -9999 -9999 -9999 -9999 -9999 -9999 -9999 -9999 -9999 -9999 -9999 -9999 78 80 82 84 86 88 89 90 91 92 93 91 89 86 85 85 96 107 122 113 103 134 146 129 88 85 83 83 89 119 119 114 114 107 102 100 99 99 98 98 98 97 97 97 96 96 96 96 96 96 96 95 95 95 94 94 93 93 93 92 92 91 91 91 90 90 89 89 88 89 89 89 89 89
-9999 -9999 -9999 -9999 -9999 -9999 -9999 -9999 -9999 -9999 -9999 -9999 -9999 -9999 -9999 -9999 -9999 -9999 -9999 -9999 77 80 82 84 86 88 90 92 92 94 95 96 94 89 85 84 86 94 117 128 112 109 139 147 111 83 84 87 92 100 119 114 117 114 109 104 99 99 98 98 98 98 97 97 97 96 96 96 96 96 95 95 95 95 95 94 94 94 93 93 92 92 92 91 91 91 90 89 89 89 89 89 89 89 89
-9999 -9999 -9999 -9999 -9999 -9999 -9999 -9999 -9999 -9999 -9999 -9999 -9999 -9999 -9999 -9999 -9999 -9999 -9999 74 78 81 84 86 88 90 91 93 94 95 96 97 94 89 84 84 88 97 116 128 111 124 143 139 100 83 83 83 93 116 118 118 119 114 111 101 99 98 98 98 98 98 97 97 97 96 96 96 96 96 96 95 95 95 95 94 94 94 93 93 93 92 92 91 91 91 91 90 90 89 89 89 89 89 89
-9999 -9999 -9999 -9999 -9999 -9999 -9999 -9999 -9999 -9999 -9999 -9999 -9999 -9999 -9999 -9999 -9999 -9999 71 75 79 83 85 88 90 91 93 94 94 94 95 95 93 88 85 88 90 94 109 125 103 126 138 125 86 84 88 94 87 117 119 118 117 117 108 100 99 98 98 98 98 97 97 97 97 97 96 96 96 96 96 96 95 95 95 95 94 94 93 93 93 93 92 92 91 91 91 90 90 90 89 89 89 89 89
-9999 -9999 -9999 -9999 -9999 -9999 -9999 -9999 -9999 -9999 -9999 -9999 -9999 -9999 -9999 -9999 -9999 -9999 70 75 81 85 87 89 91 92 93 93 93 93 92 92 90 85 88 101 95 101 114 123 118 126 103 101 85 81 82 103 115 121 119 110 117 113 107 100 99 98 98 98 98 97 97 97 97 97 96 96 96 96 96 96 96 95 95 95 94 94 94 93 93 92 92 92 92 91 91 91 90 90 90 89 89 89 89
-9999 -9999 -9999 -9999 -9999 -9999 -9999 -9999 -9999 -9999 -9999 -9999 -9999 -9999 -9999 -9999 -9999 -9999 -9999 75 79 86 89 91 92 93 94 94 93 92 90 89 87 85 84 96 104 111 117 109 105 111 97 84 83 82 82 85 98 123 113 117 113 112 105 101 99 99 98 98 98 98 98 97 97 97 97 97 96 96 96 96 96 95 95 95 94 94 94 93 93 93 92 92 92 92 91 91 91 90 90 90 90 90 89
-9999 -9999 -9999 -9999 -9999 -9999 -9999 -9999 -9999 -9999 -9999 -9999 -9999 -9999 -9999 -9999 -9999 -9999 74 77 83 88 92 94 94 94 94 93 92 91 89 88 86 85 83 97 106 110 111 94 106 98 87 85 83 83 83 85 104 122 116 112 113 110 104 101 100 99 98 99 98 98 98 98 97 97 97 97 97 96 96 96 96 96 95 95 95 94 94 94 93 93 93 92 92 92 91 91 91 90 90 90 90 90 90
-9999 -9999 -9999 -9999 -9999 -9999 -9999 -9999 -9999 -9999 -9999 -9999 -9999 -9999 -9999 -9999 -9999 -9999 81 84 87 92 96 96 96 95 95 93 92 90 88 87 85 84 82 85 104 110 108 99 111 107 85 84 88 88 96 103 115 115 106 106 106 105 101 100 99 99 99 98 98 98 98 98 98 97 97 97 97 96 96 96 96 96 95 95 95 94 94 94 94 94 93 93 92 92 92 91 91 91 90 90 90 90 90
-9999 -9999 -9999 -9999 -9999 -9999 -9999 -9999 -9999 -9999 -9999 -9999 -9999 -9999 -9999 -9999 -9999 -9999 87 90 94 96 99 99 96 96 95 93 91 90 88 86 85 83 82 90 102 106 98 109 117 110 94 85 87 85 102 116 118 108 102 102 103 104 100 99 99 99 99 99 99 99 98 98 98 98 97 97 97 97 96 96 96 96 95 95 95 95 94 94 94 94 93 93 93 92 92 92 91 91 91 90 90 90 90
-9999 -9999 -9999 -9999 -9999 -9999 -9999 -9999 -9999 -9999 -9999 -9999 -9999 -9999 -9999 -9999 -9999 88 93 96 98 100 100 100 98 97 95 93 91 89 87 85 84 83 81 86 100 101 95 107 116 107 88 87 88 95 109 110 112 103 100 101 102 104 100 99 99 99 99 99 99 99 98 98 98 98 98 97 97 97 96 96 96 96 96 95 95 95 94 94 94 94 93 93 93 92 92 92 91 91 91 91 91 90 90
-9999 -9999 -9999 -9999 -9999 -9999 -9999 -9999 -9999 -9999 -9999 -9999 -9999 -9999 74 77 83 90 96 98 98 100 99 100 99 97 95 93 91 88 86 85 83 82 80 88 98 96 92 109 115 104 87 87 94 101 107 105 107 99 99 100 101 100 99 99 99 99 99 99 99 99 99 98 98 98 98 98 97 97 97 97 96 96 96 96 95 95 95 94 94 94 94 93 93 93 93 92 92 92 91 91 91 91 91
