bio_clim/bio_13.asc
ncols         156
nrows         252
xllcorner     -82
yllcorner     -8
cellsize      0.083333337679505
NODATA_value  -9999
[rows 156 to 194 of 252, columns 0 to 88 of 156]
-9999 -9999 -9999 -9999 -9999 -9999 -9999 -9999 -9999 -9999 -9999 -9999 -9999 -9999 -9999 -9999 -9999 -9999 -9999 -9999 -9999 -9999 192 221 259 313 361 398 436 488 513 562 593 595 621 577 508 468 412 291 205 170 136 105 101 120 115 151 156 128 147 160 227 353 422 358 346 351 364 384 408 412 399 386 376 367 360 353 351 347 346 353 360 364 363 353 344 335 327 321 317 321 330 340 351 360 364 364 367
-9999 -9999 -9999 -9999 -9999 -9999 -9999 -9999 -9999 -9999 -9999 -9999 -9999 -9999 -9999 -9999 -9999 -9999 -9999 -9999 -9999 177 214 230 276 315 357 402 441 486 518 556 574 566 553 537 492 445 383 278 181 166 146 115 119 140 145 161 173 168 179 196 285 344 418 386 366 364 373 389 408 409 398 384 370 359 352 346 344 343 339 340 347 350 347 344 335 328 321 315 316 322 331 343 355 367 373 370 368
-9999 -9999 -9999 -9999 -9999 -9999 -9999 -9999 -9999 -9999 -9999 -9999 -9999 -9999 -9999 -9999 -9999 -9999 -9999 -9999 162 181 212 252 275 316 364 406 444 483 520 545 555 531 498 495 458 425 341 242 183 168 167 145 134 146 147 150 155 158 191 297 302 373 440 429 362 368 377 385 396 396 387 374 360 350 343 342 341 338 337 333 333 338 338 334 329 322 317 316 318 324 333 344 357 369 376 372 366
-9999 -9999 -9999 -9999 -9999 -9999 -9999 -9999 -9999 -9999 -9999 -9999 -9999 -9999 -9999 -9999 -9999 -9999 -9999 144 163 183 201 236 276 318 369 412 443 477 512 531 537 514 485 454 414 395 318 220 181 189 195 181 133 141 141 162 166 174 254 292 300 391 452 384 359 364 375 384 384 384 375 363 349 339 337 338 338 337 335 331 328 324 324 324 321 315 314 316 320 326 334 343 354 364 369 367 362
-9999 -9999 -9999 -9999 -9999 -9999 -9999 -9999 -9999 -9999 -9999 -9999 -9999 -9999 -9999 -9999 -9999 -9999 128 143 164 184 193 232 284 333 381 421 447 474 494 516 524 504 462 411 392 375 324 211 166 178 196 160 134 130 137 145 189 194 281 237 288 388 457 375 357 360 364 371 379 375 364 351 337 332 333 334 334 334 334 331 325 322 319 316 316 314 313 315 320 326 333 341 350 357 361 360 356
-9999 -9999 -9999 -9999 -9999 -9999 -9999 -9999 -9999 -9999 -9999 -9999 -9999 -9999 -9999 -9999 -9999 -9999 128 143 163 198 211 248 302 353 392 422 449 476 491 508 514 486 420 360 372 345 282 205 163 158 139 127 128 136 134 139 170 255 253 257 385 458 467 371 352 353 361 370 374 367 357 342 329 328 330 331 330 330 328 326 323 320 317 314 312 312 313 313 318 325 331 338 344 349 352 353 351
-9999 -9999 -9999 -9999 -9999 -9999 -9999 -9999 -9999 -9999 -9999 -9999 -9999 -9999 -9999 -9999 -9999 -9999 -9999 151 169 196 229 271 331 367 403 432 456 479 501 506 504 479 438 361 303 251 217 153 144 136 138 131 124 123 123 148 176 265 233 333 334 490 477 398 350 352 357 363 367 360 352 341 331 331 330 331 330 329 326 323 321 318 315 312 310 309 310 312 315 322 328 333 338 342 343 345 346
-9999 -9999 -9999 -9999 -9999 -9999 -9999 -9999 -9999 -9999 -9999 -9999 -9999 -9999 -9999 -9999 -9999 -9999 139 155 174 206 238 281 341 382 413 438 457 479 494 497 499 503 438 322 236 193 140 136 138 134 130 123 121 117 117 148 179 293 374 479 496 524 460 402 357 347 350 356 357 353 347 339 330 330 328 328 328 327 326 323 320 316 312 310 307 306 308 311 314 319 325 329 332 335 337 339 341
-9999 -9999 -9999 -9999 -9999 -9999 -9999 -9999 -9999 -9999 -9999 -9999 -9999 -9999 -9999 -9999 -9999 -9999 139 160 167 205 246 301 352 399 420 437 456 475 491 501 497 504 455 392 188 147 125 124 109 111 129 118 114 111 125 157 195 360 455 480 503 498 416 371 355 341 343 348 348 345 341 335 340 339 331 329 331 330 325 322 319 316 312 307 304 302 306 313 317 322 325 327 329 331 333 335 336
-9999 -9999 -9999 -9999 -9999 -9999 -9999 -9999 -9999 -9999 -9999 -9999 -9999 -9999 -9999 -9999 -9999 -9999 139 172 170 206 248 317 383 407 424 436 453 471 486 498 503 510 458 319 173 125 123 102 84 90 113 109 110 111 133 247 290 440 445 463 480 497 404 366 353 347 346 342 342 340 338 339 336 336 336 336 334 331 327 323 319 315 311 307 303 304 311 320 322 325 325 326 327 328 329 330 331
-9999 -9999 -9999 -9999 -9999 -9999 -9999 -9999 -9999 -9999 -9999 -9999 -9999 -9999 -9999 -9999 -9999 104 123 158 191 214 268 329 384 410 418 442 455 463 475 486 518 531 462 341 136 123 120 99 74 86 106 107 109 114 148 321 372 450 455 466 492 515 393 367 360 357 356 350 347 346 343 340 341 342 344 339 331 328 326 322 318 315 311 308 305 310 320 328 326 325 324 323 324 324 325 326 327
-9999 -9999 -9999 -9999 -9999 -9999 -9999 -9999 -9999 -9999 -9999 -9999 -9999 -9999 57 63 78 106 122 170 233 269 331 345 380 404 437 454 457 458 465 485 523 525 447 304 131 121 115 85 70 86 106 107 106 126 172 369 401 465 480 479 479 434 386 378 375 368 362 360 357 354 350 342 347 342 352 346 336 330 327 322 318 314 310 308 307 314 323 329 325 322 320 319 319 320 321 321 322
-9999 -9999 -9999 -9999 -9999 -9999 -9999 -9999 -9999 -9999 -9999 -9999 -9999 57 70 80 95 117 129 172 230 300 355 387 386 413 440 453 451 445 452 474 493 448 419 268 128 111 113 84 69 71 95 108 124 161 276 380 453 478 476 456 426 406 401 392 381 373 363 356 352 347 349 345 341 339 348 350 341 335 330 324 321 317 312 308 306 311 317 321 319 316 314 313 313 313 315 316 317
-9999 -9999 -9999 -9999 -9999 -9999 -9999 -9999 -9999 -9999 -9999 -9999 -9999 55 67 77 100 121 144 185 255 307 346 363 376 403 431 447 440 425 439 457 490 456 429 307 146 116 109 105 75 67 96 109 136 151 269 350 467 480 476 447 422 413 406 387 374 372 370 361 355 350 349 343 342 339 347 348 345 337 334 327 321 316 313 309 306 305 309 311 310 308 307 306 306 307 309 311 312
-9999 -9999 -9999 -9999 -9999 -9999 -9999 -9999 -9999 -9999 -9999 -9999 -9999 -9999 59 75 108 137 158 190 254 289 318 342 362 386 413 432 432 419 432 455 484 462 372 297 144 116 117 94 69 66 94 107 140 163 214 385 473 481 486 454 433 424 412 393 381 371 365 372 367 360 353 346 343 340 339 339 339 333 330 325 322 317 311 308 305 303 303 301 299 299 298 298 298 300 302 305 307
-9999 -9999 -9999 -9999 -9999 -9999 -9999 -9999 -9999 -9999 -9999 -9999 -9999 -9999 -9999 79 133 153 191 239 293 326 339 343 348 363 393 420 439 446 455 477 447 413 354 178 136 121 109 78 67 71 106 134 163 220 226 430 474 489 500 477 436 404 397 397 383 372 366 359 364 363 357 350 346 341 339 337 334 330 326 322 320 316 314 309 303 300 298 297 292 290 289 290 291 293 295 299 302
-9999 -9999 -9999 -9999 -9999 -9999 -9999 -9999 -9999 -9999 -9999 -9999 -9999 -9999 -9999 82 115 204 260 286 318 343 343 336 332 340 373 412 452 474 489 481 427 396 287 156 115 122 105 104 71 88 118 160 201 330 313 462 480 487 505 502 449 443 415 396 387 377 367 360 356 363 358 352 348 348 347 342 339 336 330 325 319 314 311 311 302 296 294 291 287 283 283 283 285 287 290 293 297
-9999 -9999 -9999 -9999 -9999 -9999 -9999 -9999 -9999 -9999 -9999 -9999 -9999 -9999 -9999 103 127 200 251 285 316 337 331 320 317 327 354 389 437 473 502 510 470 397 300 157 133 97 97 110 98 100 104 151 188 339 426 461 455 472 490 456 451 417 399 392 387 375 370 364 359 355 351 349 347 346 344 341 339 335 330 325 320 316 310 304 301 295 289 285 281 277 279 279 281 283 285 288 292
-9999 -9999 -9999 -9999 -9999 -9999 -9999 -9999 -9999 -9999 -9999 -9999 -9999 -9999 69 112 156 214 248 274 301 308 306 298 297 303 319 348 391 430 476 509 437 356 287 163 136 112 115 102 101 86 122 164 176 310 422 438 452 452 436 424 440 426 403 390 388 386 377 368 361 360 357 353 347 343 341 340 337 333 330 325 320 314 308 304 298 291 286 280 275 273 276 278 279 282 283 285 289
-9999 -9999 -9999 -9999 -9999 -9999 -9999 -9999 -9999 -9999 -9999 -9999 -9999 -9999 70 121 168 212 241 261 278 283 281 275 273 275 309 366 391 409 447 502 514 374 255 171 143 118 115 83 71 84 105 139 191 313 407 422 435 447 426 401 391 409 407 389 377 375 371 362 356 354 350 349 349 345 343 340 336 332 328 323 318 313 307 302 297 292 285 279 275 272 273 277 279 280 282 283 286
-9999 -9999 -9999 -9999 -9999 -9999 -9999 -9999 -9999 -9999 -9999 -9999 -9999 -9999 76 104 158 206 227 243 258 265 263 255 253 270 308 339 369 397 428 479 529 331 235 178 145 103 124 105 78 98 99 130 196 281 387 400 413 423 412 397 382 378 377 373 371 364 362 366 362 357 350 346 343 341 341 340 337 334 330 326 321 315 310 304 299 298 289 281 280 278 274 277 279 280 282 283 285
-9999 -9999 -9999 -9999 -9999 -9999 -9999 -9999 -9999 -9999 -9999 -9999 -9999 -9999 -9999 91 151 205 213 216 225 241 249 244 245 268 304 325 354 386 417 457 507 343 239 189 151 118 118 123 96 101 101 157 230 312 376 391 394 398 401 382 375 374 365 359 360 362 358 352 355 349 346 346 344 341 338 339 337 334 329 326 321 316 311 305 300 293 291 282 282 280 276 277 281 281 282 283 285
-9999 -9999 -9999 -9999 -9999 -9999 -9999 -9999 -9999 -9999 -9999 -9999 -9999 -9999 -9999 83 101 177 213 222 216 230 238 228 227 257 295 319 343 368 404 440 477 318 232 197 162 116 114 108 99 103 102 122 221 317 371 379 377 378 379 371 363 358 353 349 346 348 349 349 347 345 341 340 341 341 337 336 334 331 327 325 321 314 310 303 297 291 288 282 281 279 279 277 280 283 284 286 285
-9999 -9999 -9999 -9999 -9999 -9999 -9999 -9999 -9999 -9999 -9999 -9999 -9999 -9999 -9999 78 87 135 207 236 225 226 228 201 204 242 278 303 324 352 389 422 454 393 247 204 172 115 99 102 98 93 104 163 236 326 368 369 366 369 372 356 353 347 343 339 337 336 337 338 343 345 345 339 338 336 336 335 333 330 326 323 320 315 307 303 297 291 286 282 281 282 283 279 278 282 286 287 287
-9999 -9999 -9999 -9999 -9999 -9999 -9999 -9999 -9999 -9999 -9999 -9999 -9999 -9999 -9999 76 97 138 192 227 241 237 232 198 206 237 262 282 306 339 374 406 435 408 210 216 188 114 104 91 92 84 99 132 258 335 365 354 357 384 379 341 340 336 332 329 326 325 327 328 332 338 339 333 336 334 332 332 332 331 327 322 320 315 308 301 295 290 288 284 283 280 280 281 280 279 282 286 290
-9999 -9999 -9999 -9999 -9999 -9999 -9999 -9999 -9999 -9999 -9999 -9999 -9999 -9999 -9999 78 102 151 214 235 233 229 237 229 220 236 251 269 295 327 359 392 424 452 303 285 165 109 96 89 83 91 114 227 296 343 355 354 363 369 373 326 326 324 321 319 317 315 315 320 326 328 333 333 333 334 333 333 332 328 325 320 317 313 308 301 296 290 286 282 282 283 278 278 279 280 284 289 293
-9999 -9999 -9999 -9999 -9999 -9999 -9999 -9999 -9999 -9999 -9999 -9999 45 55 66 82 102 153 188 205 204 196 188 185 190 206 228 254 286 321 352 383 417 450 461 242 122 108 96 83 73 91 154 256 323 346 324 330 359 398 420 312 313 312 310 309 308 307 306 307 316 320 325 330 333 336 333 334 332 330 327 320 314 310 304 299 294 288 284 280 279 281 281 278 278 282 286 291 296
-9999 -9999 -9999 -9999 -9999 -9999 -9999 -9999 -9999 -9999 -9999 -9999 -9999 55 70 90 123 164 180 174 171 170 169 166 162 170 204 238 278 319 360 386 411 435 344 217 156 106 93 86 79 92 156 277 350 355 294 344 381 466 383 301 302 301 300 300 300 299 298 298 305 311 317 321 326 331 334 336 332 331 325 319 311 305 301 295 291 287 282 279 276 277 280 277 279 283 288 293 298
-9999 -9999 -9999 -9999 -9999 -9999 -9999 -9999 -9999 -9999 -9999 -9999 -9999 -9999 76 97 125 153 158 137 144 152 156 158 160 171 199 240 279 320 370 389 407 347 196 151 111 95 91 90 90 115 170 271 376 317 261 378 351 438 384 293 292 292 292 292 292 292 292 291 296 304 312 316 319 326 328 333 334 330 325 318 310 301 295 291 287 282 279 275 273 273 277 275 279 283 288 293 299
-9999 -9999 -9999 -9999 -9999 -9999 -9999 -9999 -9999 -9999 -9999 -9999 -9999 -9999 -9999 -9999 -9999 136 131 130 136 145 150 157 165 179 203 233 271 318 363 390 396 279 187 135 98 101 97 101 117 139 137 257 350 275 258 412 344 346 330 286 285 285 285 285 285 285 285 285 287 295 301 307 311 324 327 331 331 332 324 316 307 298 289 284 281 278 275 273 272 269 271 274 278 283 288 293 299
-9999 -9999 -9999 -9999 -9999 -9999 -9999 -9999 -9999 -9999 -9999 -9999 -9999 -9999 -9999 -9999 -9999 -9999 129 137 140 144 148 -9999 169 184 204 230 261 304 353 369 292 199 142 121 98 95 102 110 135 229 247 330 359 271 286 414 362 283 275 281 280 279 279 278 279 279 279 279 279 285 290 296 303 313 317 325 330 326 321 311 304 292 284 278 275 272 270 270 270 266 269 273 277 282 287 292 298
-9999 -9999 -9999 -9999 -9999 -9999 -9999 -9999 -9999 -9999 -9999 -9999 -9999 -9999 -9999 -9999 -9999 -9999 -9999 141 143 -9999 -9999 -9999 169 188 204 219 244 287 298 242 176 134 115 110 114 108 109 110 164 222 289 304 310 265 336 450 330 302 274 275 274 274 273 273 273 273 273 273 273 278 283 287 292 300 305 310 314 314 307 301 295 287 279 272 267 265 265 265 264 264 267 271 275 280 285 290 296
-9999 -9999 -9999 -9999 -9999 -9999 -9999 -9999 -9999 -9999 -9999 -9999 -9999 -9999 -9999 -9999 -9999 -9999 -9999 -9999 138 -9999 146 156 -9999 -9999 -9999 208 239 263 180 173 134 117 114 119 109 101 100 114 146 148 272 267 268 273 378 417 312 302 271 270 270 269 268 267 267 267 267 266 266 269 274 278 281 287 291 295 297 299 294 287 282 279 271 266 262 258 257 258 258 261 264 268 273 277 283 288 294
-9999 -9999 -9999 -9999 -9999 -9999 -9999 -9999 -9999 -9999 -9999 -9999 -9999 -9999 -9999 -9999 -9999 -9999 -9999 -9999 -9999 133 140 150 164 -9999 182 199 236 199 162 142 122 119 123 121 109 108 105 113 126 175 299 306 270 328 450 350 280 294 267 266 265 264 263 263 262 261 261 260 259 261 265 270 274 274 276 280 282 281 280 276 270 268 265 261 256 251 250 252 255 258 261 265 270 274 279 285 291
-9999 -9999 -9999 -9999 -9999 -9999 -9999 -9999 -9999 -9999 -9999 -9999 -9999 -9999 -9999 -9999 -9999 -9999 -9999 -9999 -9999 123 130 137 -9999 -9999 171 190 222 221 165 136 123 128 126 114 116 107 105 114 126 155 290 288 314 339 412 304 265 264 265 261 260 259 259 258 257 256 255 254 253 253 255 260 262 263 263 264 269 266 263 262 261 255 255 253 249 247 248 250 253 255 258 262 266 271 276 281 286
-9999 -9999 -9999 -9999 -9999 -9999 -9999 -9999 -9999 -9999 -9999 -9999 -9999 -9999 -9999 -9999 -9999 -9999 -9999 -9999 -9999 115 120 -9999 -9999 -9999 158 188 215 181 150 136 134 134 121 105 102 100 101 119 128 179 307 336 336 300 379 291 278 260 261 257 256 255 254 253 252 251 249 248 246 245 245 248 250 250 250 251 253 252 250 248 247 245 242 243 245 246 249 250 253 255 258 261 264 267 272 277 282
-9999 -9999 -9999 -9999 -9999 -9999 -9999 -9999 -9999 -9999 -9999 -9999 -9999 -9999 -9999 -9999 -9999 -9999 -9999 -9999 -9999 -9999 -9999 -9999 -9999 -9999 155 195 185 164 142 134 137 136 117 95 96 97 97 125 124 236 294 302 305 280 279 257 257 255 256 254 252 251 250 249 248 246 244 242 240 238 236 237 238 238 236 237 238 237 236 236 234 236 238 240 243 246 248 251 253 256 258 260 263 265 268 273 278
-9999 -9999 -9999 -9999 -9999 -9999 -9999 -9999 -9999 -9999 -9999 -9999 -9999 -9999 -9999 -9999 -9999 -9999 -9999 -9999 -9999 -9999 -9999 -9999 -9999 136 154 186 171 146 147 144 136 115 104 110 95 97 104 122 128 293 311 323 358 316 348 265 287 251 254 250 249 248 246 245 243 242 239 237 234 231 229 227 228 227 225 224 223 223 223 226 229 232 235 238 241 245 248 251 253 256 258 260 262 264 266 268 273
-9999 -9999 -9999 -9999 -9999 -9999 -9999 -9999 -9999 -9999 -9999 -9999 -9999 -9999 -9999 -9999 -9999 -9999 -9999 -9999 -9999 -9999 -9999 -9999 117 130 150 185 169 149 137 121 115 116 101 121 101 112 115 145 174 311 289 357 370 318 406 369 258 247 249 247 245 244 243 241 240 237 235 232 229 226 223 220 218 217 214 213 212 213 217 220 224 228 232 236 240 244 247 251 253 256 258 259 261 263 264 265 268
