bio_clim/bio_7.asc
ncols         156
nrows         252
xllcorner     -82
yllcorner     -8
cellsize      0.083333337679505
NODATA_value  -9999
[rows 160 to 199 of 252, columns 0 to 89 of 156]
-9999 -9999 -9999 -9999 -9999 -9999 -9999 -9999 -9999 -9999 -9999 -9999 -9999 -9999 -9999 -9999 -9999 -9999 97 100 103 106 108 111 113 113 116 118 118 118 119 120 118 111 104 104 106 111 126 140 112 138 150 134 100 99 103 110 103 132 133 134 133 132 121 112 110 110 111 111 111 112 113 112 112 112 112 111 111 111 111 111 110 111 110 110 110 111 112 113 113 114 114 115 115 115 115 114 113 113
-9999 -9999 -9999 -9999 -9999 -9999 -9999 -9999 -9999 -9999 -9999 -9999 -9999 -9999 -9999 -9999 -9999 -9999 98 101 104 108 109 112 114 114 116 117 117 118 118 118 116 107 105 120 113 119 131 137 129 134 113 112 100 97 98 118 130 135 134 126 133 128 120 112 111 110 111 111 112 112 113 112 112 112 112 113 111 112 111 111 111 111 110 111 111 112 113 113 113 114 114 115 115 115 114 114 114 114
-9999 -9999 -9999 -9999 -9999 -9999 -9999 -9999 -9999 -9999 -9999 -9999 -9999 -9999 -9999 -9999 -9999 -9999 -9999 102 105 109 112 113 115 116 117 117 116 116 116 115 113 107 102 115 122 127 133 117 114 120 108 98 98 99 99 102 115 138 131 133 131 127 119 114 111 111 111 112 111 112 112 112 112 112 112 113 112 111 111 111 111 111 110 111 111 112 112 113 114 114 114 115 114 115 114 114 114 113
-9999 -9999 -9999 -9999 -9999 -9999 -9999 -9999 -9999 -9999 -9999 -9999 -9999 -9999 -9999 -9999 -9999 -9999 102 104 108 113 115 116 117 117 117 116 115 115 114 114 112 111 101 115 122 125 121 105 116 109 101 100 99 100 100 103 122 138 132 127 129 125 117 114 112 112 111 111 112 112 112 113 113 113 112 112 112 112 112 111 112 111 111 111 112 112 113 113 114 114 114 114 114 114 114 113 114 113
-9999 -9999 -9999 -9999 -9999 -9999 -9999 -9999 -9999 -9999 -9999 -9999 -9999 -9999 -9999 -9999 -9999 -9999 106 109 112 115 120 119 118 117 117 114 113 113 113 112 111 109 103 103 117 122 119 111 123 120 100 100 105 106 114 121 133 131 119 120 120 119 114 112 111 112 112 111 111 112 113 112 113 113 112 112 112 111 112 112 111 112 112 111 113 113 114 113 114 114 114 114 114 113 114 113 113 112
-9999 -9999 -9999 -9999 -9999 -9999 -9999 -9999 -9999 -9999 -9999 -9999 -9999 -9999 -9999 -9999 -9999 -9999 111 113 117 119 121 121 117 118 116 113 112 111 111 111 111 108 102 109 115 119 109 123 131 125 108 102 104 103 121 133 135 123 115 116 117 118 113 111 111 112 112 112 112 112 112 112 113 113 112 112 111 112 112 112 111 112 111 112 112 114 113 114 114 114 114 114 114 113 113 113 113 113
-9999 -9999 -9999 -9999 -9999 -9999 -9999 -9999 -9999 -9999 -9999 -9999 -9999 -9999 -9999 -9999 -9999 112 116 118 120 122 122 121 119 117 115 112 110 110 110 110 110 109 102 105 113 114 108 122 135 124 104 104 106 114 128 126 128 117 113 114 116 118 112 111 112 112 113 112 113 112 112 112 113 113 113 113 112 112 111 112 111 111 111 111 112 113 113 114 114 115 114 114 114 113 112 113 113 112
-9999 -9999 -9999 -9999 -9999 -9999 -9999 -9999 -9999 -9999 -9999 -9999 -9999 -9999 101 103 108 113 119 120 119 121 120 121 119 117 114 112 109 109 109 109 109 108 98 108 111 110 106 127 136 123 103 105 113 122 128 120 124 112 113 114 115 113 111 112 112 112 112 112 112 113 113 112 112 112 113 113 112 112 112 112 111 111 111 112 112 114 114 114 115 114 115 114 114 114 113 113 113 112
-9999 -9999 -9999 -9999 -9999 -9999 -9999 -9999 -9999 -9999 -9999 -9999 -9999 100 102 106 110 114 120 122 122 122 118 118 120 117 114 111 109 109 109 109 109 101 99 110 112 100 104 127 136 134 116 105 109 130 126 120 113 112 112 112 112 112 112 113 112 112 112 112 112 112 112 112 112 112 112 113 112 113 112 112 112 112 111 112 112 114 114 115 115 115 114 114 113 113 112 112 112 112
-9999 -9999 -9999 -9999 -9999 -9999 -9999 -9999 -9999 -9999 -9999 -9999 -9999 102 105 108 111 116 120 122 122 122 121 120 120 118 114 112 110 110 110 110 109 106 97 108 120 109 102 110 131 137 113 107 114 122 129 126 110 111 112 112 112 112 112 112 112 112 113 112 113 111 112 112 111 112 112 112 113 112 112 111 112 112 111 112 113 113 113 115 115 114 113 114 114 113 112 111 112 111
-9999 -9999 -9999 -9999 -9999 -9999 -9999 -9999 -9999 -9999 -9999 -9999 -9999 -9999 105 109 111 114 121 125 125 125 125 122 120 118 115 113 112 111 111 110 109 107 102 109 120 103 106 120 138 141 116 107 113 127 137 121 111 111 112 111 112 113 113 111 111 112 111 112 113 112 112 112 112 112 112 112 113 112 111 112 112 111 111 112 112 113 114 113 114 114 114 113 114 113 113 111 111 110
-9999 -9999 -9999 -9999 -9999 -9999 -9999 -9999 -9999 -9999 -9999 -9999 -9999 -9999 -9999 110 110 114 118 122 126 126 125 124 122 119 116 114 113 111 112 111 108 100 105 121 117 107 117 131 141 141 132 127 123 132 135 115 110 112 112 113 112 112 112 112 112 112 111 112 112 112 112 112 111 111 111 112 112 111 111 112 111 112 112 111 112 112 113 113 114 113 113 113 112 113 112 112 111 110
-9999 -9999 -9999 -9999 -9999 -9999 -9999 -9999 -9999 -9999 -9999 -9999 -9999 -9999 -9999 109 112 110 112 119 127 127 126 124 123 122 119 116 114 113 112 111 107 100 112 116 102 105 102 113 137 137 134 131 131 118 126 112 112 113 114 114 112 112 112 112 111 111 111 112 112 113 112 112 112 112 112 112 112 112 112 112 112 112 112 112 111 112 112 113 113 113 112 112 112 112 111 111 110 110
-9999 -9999 -9999 -9999 -9999 -9999 -9999 -9999 -9999 -9999 -9999 -9999 -9999 -9999 -9999 107 111 111 115 122 126 127 126 124 124 123 121 117 115 113 113 112 109 102 112 122 108 100 100 113 119 131 127 130 132 117 113 112 111 112 113 111 112 112 111 112 112 112 112 112 112 112 112 113 112 112 112 112 113 113 112 113 112 111 112 112 112 112 112 112 112 112 113 113 112 112 112 110 110 110
-9999 -9999 -9999 -9999 -9999 -9999 -9999 -9999 -9999 -9999 -9999 -9999 -9999 -9999 106 107 109 111 117 121 124 126 126 125 124 123 121 119 116 115 114 114 107 101 113 129 125 104 112 123 117 136 127 127 137 121 112 109 112 111 110 111 112 112 112 111 112 112 112 112 112 112 112 112 112 112 112 112 112 113 113 113 112 112 111 112 112 112 113 112 112 112 112 111 112 111 111 111 110 110
-9999 -9999 -9999 -9999 -9999 -9999 -9999 -9999 -9999 -9999 -9999 -9999 -9999 -9999 105 106 108 111 118 120 124 126 127 126 125 123 121 119 118 116 116 115 113 104 118 133 131 108 119 137 143 138 109 114 130 122 110 109 110 112 111 110 111 111 112 111 113 113 113 112 112 113 113 113 113 113 112 112 113 112 113 113 113 112 112 112 112 112 112 112 112 111 111 111 111 112 111 110 110 110
-9999 -9999 -9999 -9999 -9999 -9999 -9999 -9999 -9999 -9999 -9999 -9999 -9999 -9999 105 107 108 110 115 119 122 127 129 128 128 125 122 119 118 117 116 115 115 105 124 137 126 102 118 129 143 119 105 116 130 129 113 110 110 112 111 110 110 111 111 112 113 112 113 112 113 112 112 112 112 113 113 113 113 113 113 113 112 113 112 112 112 112 112 112 112 111 111 111 111 110 111 110 110 109
-9999 -9999 -9999 -9999 -9999 -9999 -9999 -9999 -9999 -9999 -9999 -9999 -9999 -9999 -9999 107 108 108 114 120 125 129 131 131 129 126 122 120 119 118 118 117 116 106 124 135 125 107 109 120 136 117 108 126 133 124 116 111 111 111 111 110 110 111 111 111 112 113 112 113 113 113 113 112 113 113 113 113 113 112 113 113 113 112 112 112 113 112 113 112 112 112 111 112 111 111 110 110 109 109
-9999 -9999 -9999 -9999 -9999 -9999 -9999 -9999 -9999 -9999 -9999 -9999 -9999 -9999 -9999 108 110 110 113 119 125 129 131 131 128 124 121 121 119 119 118 117 115 107 123 134 132 111 110 126 131 118 110 114 132 125 117 112 111 110 111 110 111 111 111 112 113 112 113 113 113 113 113 112 113 113 113 113 113 113 113 113 113 112 113 112 112 112 113 112 112 111 111 111 111 111 110 110 109 109
-9999 -9999 -9999 -9999 -9999 -9999 -9999 -9999 -9999 -9999 -9999 -9999 -9999 -9999 -9999 108 110 112 113 116 122 126 126 125 124 122 121 121 120 119 119 117 116 110 118 130 133 115 107 124 119 109 112 121 132 127 121 115 113 112 112 111 111 112 112 113 113 113 113 113 113 113 113 113 113 113 113 112 113 113 113 113 113 112 113 112 112 112 112 111 112 112 111 110 110 110 110 109 109 108
-9999 -9999 -9999 -9999 -9999 -9999 -9999 -9999 -9999 -9999 -9999 -9999 -9999 -9999 -9999 107 111 113 116 117 119 121 123 122 121 119 121 121 121 121 119 118 117 112 127 123 125 117 114 116 113 107 112 115 133 130 122 116 114 115 115 112 112 113 113 114 113 114 113 114 113 114 114 113 113 113 113 113 113 113 113 112 113 113 113 112 112 112 112 112 112 111 111 111 110 110 110 109 109 108
-9999 -9999 -9999 -9999 -9999 -9999 -9999 -9999 -9999 -9999 -9999 -9999 -9999 -9999 -9999 108 112 115 117 118 119 121 120 121 119 118 119 122 123 122 119 118 117 115 110 110 128 120 121 112 109 112 115 127 134 127 121 117 117 116 116 113 113 114 114 115 115 115 115 114 113 113 113 113 113 113 113 113 113 113 113 113 112 113 113 113 113 112 112 112 111 112 111 111 111 110 110 109 109 109
-9999 -9999 -9999 -9999 -9999 -9999 -9999 -9999 -9999 -9999 -9999 -9999 96 100 105 109 113 116 119 121 121 123 122 121 119 119 121 123 124 122 119 118 117 116 113 117 128 131 120 109 108 110 121 132 134 126 118 117 118 121 122 112 114 114 115 115 115 115 114 114 114 114 113 113 114 114 113 113 113 112 113 112 113 113 112 113 113 112 113 113 112 112 112 111 111 111 111 110 110 110
-9999 -9999 -9999 -9999 -9999 -9999 -9999 -9999 -9999 -9999 -9999 -9999 -9999 103 108 112 116 120 122 123 125 124 124 123 122 121 123 125 125 123 121 119 117 115 110 119 129 123 112 108 106 109 120 131 136 129 118 120 122 127 120 114 115 115 116 115 115 115 115 115 115 114 114 114 114 114 114 113 113 113 113 113 113 112 113 113 113 113 113 113 112 112 112 111 112 111 111 110 110 110
-9999 -9999 -9999 -9999 -9999 -9999 -9999 -9999 -9999 -9999 -9999 -9999 -9999 -9999 111 115 119 121 125 126 128 127 126 125 123 123 124 125 125 123 121 119 117 112 122 132 123 106 103 107 108 112 121 128 135 123 117 124 121 125 121 114 116 117 116 116 116 115 115 115 115 114 114 114 114 113 114 113 113 113 113 113 113 113 113 113 113 113 113 112 112 112 112 112 111 111 110 110 110 110
-9999 -9999 -9999 -9999 -9999 -9999 -9999 -9999 -9999 -9999 -9999 -9999 -9999 -9999 -9999 -9999 -9999 126 127 131 131 130 127 125 124 124 124 124 124 123 122 119 116 110 123 128 109 103 104 109 116 120 113 125 130 120 118 128 122 120 119 115 116 116 116 115 115 115 115 115 115 114 114 114 114 115 113 114 113 114 113 113 113 113 113 113 113 113 113 113 112 112 112 112 111 111 111 110 111 111
-9999 -9999 -9999 -9999 -9999 -9999 -9999 -9999 -9999 -9999 -9999 -9999 -9999 -9999 -9999 -9999 -9999 -9999 131 135 134 132 130 -9999 125 124 123 124 125 124 122 118 112 120 122 116 112 110 109 118 123 132 127 132 130 121 120 128 124 117 116 114 115 115 115 116 115 115 115 115 114 114 114 114 114 114 113 114 114 114 113 114 113 113 113 112 113 113 113 113 113 113 112 112 112 112 112 111 111 110
-9999 -9999 -9999 -9999 -9999 -9999 -9999 -9999 -9999 -9999 -9999 -9999 -9999 -9999 -9999 -9999 -9999 -9999 -9999 138 136 -9999 -9999 -9999 125 123 124 124 125 123 116 111 123 111 102 100 103 106 108 117 132 130 132 128 126 119 124 130 122 120 115 115 115 116 115 115 115 115 115 115 114 115 114 114 114 114 114 114 114 114 114 114 114 114 114 113 113 114 114 113 114 114 113 113 113 113 112 112 112 111
-9999 -9999 -9999 -9999 -9999 -9999 -9999 -9999 -9999 -9999 -9999 -9999 -9999 -9999 -9999 -9999 -9999 -9999 -9999 -9999 134 -9999 128 125 -9999 -9999 -9999 123 122 116 116 121 107 99 99 101 109 126 121 120 130 119 133 121 120 121 127 128 122 120 115 115 115 115 115 115 115 114 115 114 114 115 114 114 114 114 114 114 114 114 114 114 114 114 114 114 114 113 114 114 114 114 113 113 113 113 112 112 112 112
-9999 -9999 -9999 -9999 -9999 -9999 -9999 -9999 -9999 -9999 -9999 -9999 -9999 -9999 -9999 -9999 -9999 -9999 -9999 -9999 -9999 128 125 124 122 -9999 120 120 117 116 118 109 100 100 100 105 128 137 131 129 125 126 134 127 120 125 132 124 119 120 116 115 115 114 114 115 114 114 114 114 114 114 114 114 114 114 114 113 114 114 114 115 114 114 114 115 115 114 114 114 114 114 113 113 113 113 113 113 112 112
-9999 -9999 -9999 -9999 -9999 -9999 -9999 -9999 -9999 -9999 -9999 -9999 -9999 -9999 -9999 -9999 -9999 -9999 -9999 -9999 -9999 126 123 122 -9999 -9999 118 119 119 113 120 108 101 100 102 126 138 133 134 120 117 124 134 123 124 125 129 122 117 116 116 114 115 115 115 115 115 115 114 114 114 113 114 114 113 114 113 113 114 114 115 115 115 115 115 115 115 115 115 115 114 115 115 114 114 113 113 113 113 113
-9999 -9999 -9999 -9999 -9999 -9999 -9999 -9999 -9999 -9999 -9999 -9999 -9999 -9999 -9999 -9999 -9999 -9999 -9999 -9999 -9999 123 121 -9999 -9999 -9999 117 117 116 116 115 110 101 102 108 126 129 118 134 114 114 133 131 127 126 123 127 122 120 116 116 115 114 114 114 114 114 114 114 114 114 114 114 114 113 114 114 113 114 114 114 114 115 115 115 115 115 115 116 115 115 116 114 115 115 115 114 114 113 114
-9999 -9999 -9999 -9999 -9999 -9999 -9999 -9999 -9999 -9999 -9999 -9999 -9999 -9999 -9999 -9999 -9999 -9999 -9999 -9999 -9999 -9999 -9999 -9999 -9999 -9999 115 114 113 119 114 102 102 101 109 123 118 121 127 110 122 131 125 125 124 122 121 117 116 115 116 114 115 115 114 114 115 114 113 113 114 114 113 114 113 114 114 114 114 114 114 114 115 115 115 115 115 115 116 116 115 116 116 115 115 115 115 114 114 114
-9999 -9999 -9999 -9999 -9999 -9999 -9999 -9999 -9999 -9999 -9999 -9999 -9999 -9999 -9999 -9999 -9999 -9999 -9999 -9999 -9999 -9999 -9999 -9999 -9999 113 115 114 117 109 107 105 106 111 117 111 117 119 117 112 123 129 127 126 128 125 126 120 121 115 117 115 115 114 114 113 114 114 114 113 114 114 114 113 113 114 113 113 113 114 115 115 115 115 115 116 116 116 116 116 116 116 116 116 116 115 115 114 114 114
-9999 -9999 -9999 -9999 -9999 -9999 -9999 -9999 -9999 -9999 -9999 -9999 -9999 -9999 -9999 -9999 -9999 -9999 -9999 -9999 -9999 -9999 -9999 -9999 110 112 115 112 118 113 109 113 116 121 115 107 114 111 118 128 129 130 126 130 129 126 130 127 118 116 116 115 115 114 114 114 114 114 113 113 114 114 113 113 114 114 113 114 113 114 114 115 115 115 116 116 116 116 116 117 117 116 116 116 116 115 115 115 115 115
-9999 -9999 -9999 -9999 -9999 -9999 -9999 -9999 -9999 -9999 -9999 -9999 -9999 -9999 -9999 -9999 -9999 -9999 -9999 -9999 -9999 -9999 -9999 112 111 114 115 115 113 120 122 124 123 116 109 112 109 117 120 126 128 129 126 130 130 128 131 128 121 115 116 116 115 113 113 113 114 114 113 113 114 114 113 113 113 113 113 113 113 115 115 114 116 116 115 116 116 117 117 117 117 117 117 117 116 116 116 115 115 116
-9999 -9999 -9999 -9999 -9999 -9999 -9999 -9999 -9999 -9999 -9999 -9999 -9999 -9999 -9999 -9999 -9999 -9999 -9999 -9999 129 126 121 118 116 117 118 115 117 122 125 121 121 110 113 111 108 113 123 123 127 127 127 130 130 129 130 129 120 116 116 115 114 114 114 114 114 114 113 113 113 113 113 113 113 113 113 114 113 114 115 114 115 115 115 117 117 117 117 118 118 118 118 118 117 117 116 115 116 115
-9999 -9999 -9999 -9999 -9999 -9999 -9999 -9999 -9999 -9999 -9999 -9999 -9999 -9999 -9999 -9999 -9999 -9999 -9999 -9999 132 130 127 125 122 120 116 118 115 112 109 115 121 117 111 109 114 116 122 127 128 126 128 129 129 129 127 123 119 116 116 117 114 113 114 113 113 113 113 113 114 114 112 112 113 113 113 113 114 114 114 115 115 116 115 116 117 117 118 118 118 118 118 118 118 118 117 116 116 115
-9999 -9999 -9999 -9999 -9999 -9999 -9999 -9999 -9999 -9999 -9999 -9999 -9999 -9999 -9999 -9999 -9999 -9999 138 138 136 134 133 131 126 121 119 125 116 110 110 108 114 108 108 109 122 119 118 128 128 125 129 129 129 127 123 122 119 116 115 116 114 114 113 114 114 114 113 112 113 113 113 113 113 113 113 114 113 114 114 114 116 115 116 116 117 118 118 119 119 119 119 119 118 118 117 117 117 116
-9999 -9999 -9999 -9999 -9999 -9999 -9999 -9999 -9999 -9999 -9999 -9999 -9999 -9999 -9999 -9999 -9999 138 139 138 136 137 134 131 128 124 117 130 127 126 111 109 107 105 109 112 127 123 125 130 129 128 130 129 127 128 124 120 118 117 115 115 117 114 113 113 113 113 113 113 113 113 113 112 113 113 112 112 114 113 114 114 115 115 116 117 117 118 118 119 120 120 120 119 118 118 117 117 117 116
