bio_clim/bio_8.asc
ncols         156
nrows         252
xllcorner     -82
yllcorner     -8
cellsize      0.083333337679505
NODATA_value  -9999
[rows 195 to 233 of 252, columns 0 to 88 of 156]
-9999 -9999 -9999 -9999 -9999 -9999 -9999 -9999 -9999 -9999 -9999 -9999 -9999 -9999 -9999 -9999 -9999 -9999 -9999 -9999 -9999 -9999 -9999 267 267 265 262 249 234 209 191 192 207 163 111 124 106 130 138 163 198 205 217 185 181 210 185 199 234 255 251 255 258 259 259 259 259 259 259 259 259 259 258 259 258 258 256 258 258 258 258 258 257 257 256 256 256 256 256 256 257 258 258 259 258 258 257 258 259
-9999 -9999 -9999 -9999 -9999 -9999 -9999 -9999 -9999 -9999 -9999 -9999 -9999 -9999 -9999 -9999 -9999 -9999 -9999 -9999 268 268 267 266 265 264 260 241 219 208 199 205 194 135 146 122 98 119 160 154 215 210 215 177 193 195 192 201 236 256 251 255 259 260 259 259 260 260 260 260 259 259 259 259 259 259 259 259 259 259 259 258 258 257 257 257 257 256 256 256 257 258 258 258 259 259 258 258 259
-9999 -9999 -9999 -9999 -9999 -9999 -9999 -9999 -9999 -9999 -9999 -9999 -9999 -9999 -9999 -9999 -9999 -9999 -9999 -9999 268 268 267 266 264 258 242 215 153 147 129 163 189 172 144 118 134 143 161 203 215 223 213 175 208 203 212 230 244 255 254 252 260 260 260 260 260 261 261 260 260 260 260 260 260 260 260 260 259 259 259 259 259 258 257 257 257 257 257 256 257 257 257 258 258 259 260 259 259
-9999 -9999 -9999 -9999 -9999 -9999 -9999 -9999 -9999 -9999 -9999 -9999 -9999 -9999 -9999 -9999 -9999 -9999 270 269 268 267 266 265 260 250 226 186 154 111 100 123 164 130 119 114 185 160 140 204 214 227 217 186 213 216 230 236 243 254 259 254 259 261 261 261 262 262 261 261 260 261 260 260 260 261 261 260 259 259 259 258 258 258 258 258 257 257 257 257 257 257 257 258 258 259 259 260 259
-9999 -9999 -9999 -9999 -9999 -9999 -9999 -9999 -9999 -9999 -9999 -9999 -9999 -9999 -9999 -9999 -9999 269 270 269 266 267 264 261 257 250 232 197 203 192 136 101 128 135 112 133 203 181 180 205 206 223 204 201 223 217 229 240 247 253 260 260 245 261 262 262 262 262 262 262 261 261 262 262 261 261 261 261 260 259 259 259 259 258 258 258 258 258 257 257 257 257 257 257 258 259 259 260 260
-9999 -9999 -9999 -9999 -9999 -9999 -9999 -9999 -9999 -9999 -9999 -9999 -9999 -9999 -9999 268 265 261 270 268 264 264 264 257 241 245 228 221 231 215 157 107 118 120 116 147 178 209 211 210 209 213 190 201 227 217 231 234 239 251 260 260 240 260 262 263 263 263 263 262 262 262 262 262 262 262 261 261 260 260 260 259 259 259 259 258 258 258 257 257 257 257 257 257 258 259 260 260 260
-9999 -9999 -9999 -9999 -9999 -9999 -9999 -9999 -9999 -9999 -9999 -9999 -9999 -9999 268 267 262 263 266 257 253 253 253 243 238 238 232 233 235 226 185 134 132 135 140 149 170 211 213 221 214 204 184 215 231 223 228 237 242 248 260 259 240 260 262 263 264 264 263 263 263 262 263 262 262 262 261 261 260 261 260 260 260 259 259 259 258 258 258 258 257 257 257 258 259 259 260 260 261
-9999 -9999 -9999 -9999 -9999 -9999 -9999 -9999 -9999 -9999 -9999 -9999 -9999 -9999 264 262 264 261 255 235 237 242 245 243 237 226 227 225 221 207 168 158 143 154 165 157 176 217 215 217 202 191 173 203 233 226 220 223 234 252 260 263 256 254 262 263 265 265 264 264 264 263 263 263 263 262 262 261 261 261 261 260 260 260 259 259 259 259 258 258 258 258 258 258 259 260 261 261 261
-9999 -9999 -9999 -9999 -9999 -9999 -9999 -9999 -9999 -9999 -9999 -9999 264 263 259 257 262 251 247 251 245 249 237 230 219 201 174 195 203 190 179 208 168 160 147 172 164 214 204 216 211 183 197 214 218 228 224 219 222 250 261 263 263 243 262 264 265 266 265 265 264 264 264 263 263 263 262 262 262 261 261 261 260 260 260 260 260 259 259 259 259 259 258 259 260 260 261 261 261
-9999 -9999 -9999 -9999 -9999 -9999 -9999 -9999 -9999 -9999 -9999 -9999 263 260 256 256 249 242 257 243 253 244 234 224 193 166 218 225 187 216 205 221 180 152 137 166 202 208 197 209 217 196 213 214 197 222 223 235 230 254 263 264 263 239 263 264 265 266 265 265 265 264 264 264 263 264 263 263 262 262 261 260 261 261 260 260 260 260 259 259 259 259 260 260 260 261 261 262 262
-9999 -9999 -9999 -9999 -9999 -9999 -9999 -9999 -9999 -9999 -9999 258 260 256 253 237 218 242 253 242 244 243 236 209 196 221 224 211 207 225 193 201 187 152 126 154 206 174 169 195 216 210 218 220 195 217 214 225 248 260 262 265 262 240 264 264 266 267 266 266 265 265 265 264 264 264 264 263 263 263 262 262 261 261 261 261 260 260 260 260 260 260 261 261 261 261 262 262 262
-9999 -9999 -9999 -9999 -9999 -9999 -9999 -9999 -9999 -9999 254 249 258 256 240 221 220 245 250 251 249 252 239 240 235 229 212 202 215 205 167 160 204 180 120 138 188 170 201 205 213 217 216 229 217 230 202 228 251 261 263 265 255 246 266 266 267 267 267 266 266 265 265 265 265 264 264 264 263 263 262 262 262 262 261 261 261 261 260 261 261 261 261 261 261 262 262 262 262
-9999 -9999 -9999 -9999 -9999 -9999 -9999 -9999 -9999 246 246 249 249 245 232 223 239 253 256 254 257 261 257 245 230 188 206 179 195 195 193 170 186 188 126 136 154 175 199 215 219 226 228 234 218 240 220 234 248 261 264 266 255 247 265 265 267 268 267 266 266 270 270 270 269 265 264 264 264 263 263 263 262 262 262 262 262 261 262 262 262 262 262 262 262 262 263 263 263
-9999 -9999 -9999 -9999 -9999 -9999 -9999 -9999 -9999 250 250 251 249 242 228 237 248 259 259 263 264 263 256 245 249 237 224 177 202 184 218 187 146 179 140 162 165 199 202 219 220 233 227 238 238 249 244 239 253 261 264 266 261 248 266 266 268 268 267 271 270 270 270 270 269 269 264 264 264 264 263 263 262 263 262 262 262 262 262 262 262 262 263 263 263 264 263 264 264
-9999 -9999 -9999 -9999 -9999 -9999 -9999 -9999 256 253 252 254 251 239 239 247 255 261 263 266 265 263 258 244 250 240 220 212 218 203 220 170 123 136 152 171 177 194 212 209 218 227 242 234 239 245 249 247 257 261 264 266 256 260 269 268 268 268 271 271 271 270 270 270 269 269 264 264 264 264 264 264 263 263 263 263 263 263 263 263 263 263 263 263 264 264 264 266 266
-9999 -9999 -9999 -9999 -9999 -9999 -9999 -9999 -9999 253 253 246 239 241 248 253 258 263 267 265 262 258 253 248 241 214 218 179 193 213 199 152 136 139 185 195 176 194 191 201 210 228 237 222 238 248 247 251 259 261 263 260 249 266 268 268 267 271 271 271 270 270 270 269 269 269 269 264 265 264 264 263 263 263 263 263 263 263 263 264 263 264 264 264 264 265 267 267 267
-9999 -9999 -9999 -9999 -9999 -9999 -9999 -9999 253 252 251 239 232 239 256 260 260 265 267 264 263 257 242 244 237 212 186 162 188 175 176 129 133 177 211 194 190 181 168 191 218 225 235 222 232 248 247 255 258 260 260 252 257 265 267 268 267 271 270 270 270 270 270 269 269 269 269 265 264 265 264 264 264 264 264 264 264 264 264 264 264 264 264 264 265 267 267 267 267
-9999 -9999 -9999 -9999 -9999 -9999 -9999 -9999 256 256 254 249 247 254 261 263 264 268 267 265 265 261 252 230 200 205 190 196 189 158 122 109 129 166 218 199 174 170 198 205 212 230 224 227 236 247 248 255 254 259 244 241 261 265 265 267 270 270 270 270 270 270 269 268 269 269 269 268 265 265 264 264 264 264 264 264 264 264 264 265 265 264 265 265 265 267 268 267 268
-9999 -9999 -9999 -9999 -9999 -9999 -9999 -9999 -9999 258 257 256 258 262 264 266 268 268 266 265 267 264 246 219 181 151 191 196 192 178 121 121 159 192 217 205 171 165 198 203 215 229 221 234 246 248 247 254 257 257 233 247 257 264 265 266 270 269 269 269 269 269 269 268 269 269 269 269 265 265 265 265 265 265 264 264 264 264 265 265 265 265 265 265 266 268 268 268 267
-9999 -9999 -9999 -9999 -9999 -9999 -9999 -9999 -9999 -9999 260 260 262 265 266 268 268 267 269 270 270 269 247 208 166 124 152 189 205 189 154 129 159 191 220 214 192 182 204 212 219 232 223 238 242 245 248 254 256 256 233 243 248 259 264 265 268 268 269 269 269 269 269 269 269 269 269 269 265 265 265 265 266 265 265 265 265 265 265 266 265 265 265 265 266 268 268 268 268
-9999 -9999 -9999 -9999 -9999 -9999 -9999 -9999 -9999 -9999 -9999 260 261 263 265 266 268 269 269 270 271 269 259 223 198 141 129 179 186 178 114 151 189 203 228 220 200 179 203 209 215 230 228 240 239 238 244 253 255 251 233 238 245 252 261 264 267 267 268 269 269 269 269 269 269 269 269 265 265 265 265 265 266 265 265 265 265 265 265 265 265 265 266 266 266 268 268 268 269
-9999 -9999 -9999 -9999 -9999 -9999 -9999 -9999 -9999 -9999 -9999 260 261 263 265 267 270 268 266 267 268 271 265 246 218 194 166 147 141 129 105 137 151 166 221 226 220 192 213 178 195 220 237 245 245 226 231 247 247 222 218 226 234 242 255 262 263 267 267 268 268 268 268 268 268 269 269 265 264 264 265 265 265 265 265 265 265 265 266 265 266 266 266 266 266 268 269 269 269
-9999 -9999 -9999 -9999 -9999 -9999 -9999 -9999 -9999 -9999 258 259 261 264 264 268 270 269 264 263 267 270 269 265 250 227 198 171 156 120 127 137 145 172 210 210 233 203 214 178 205 216 229 244 247 242 233 241 251 238 220 222 235 237 237 255 262 266 266 267 267 267 267 266 266 267 268 264 264 265 265 265 265 266 265 265 266 266 266 266 266 266 266 266 266 268 269 269 269
-9999 -9999 -9999 -9999 -9999 -9999 -9999 -9999 -9999 259 255 257 258 264 266 269 271 269 264 262 265 267 268 268 266 256 240 231 200 131 166 127 121 150 186 196 212 229 230 187 196 203 238 246 249 241 238 234 231 241 231 220 236 233 233 235 247 254 265 266 265 265 266 264 264 265 262 263 264 265 265 265 266 265 265 266 266 266 266 266 266 266 266 267 267 268 269 269 269
-9999 -9999 -9999 -9999 -9999 -9999 -9999 -9999 -9999 -9999 -9999 257 260 264 267 270 270 268 264 261 262 265 266 265 263 251 259 251 205 122 166 144 162 190 201 179 195 214 242 211 183 198 239 238 238 232 222 228 207 223 217 217 233 220 226 234 232 234 246 262 265 264 265 264 264 260 261 262 263 264 265 265 265 265 265 266 265 265 266 266 266 267 267 267 267 267 268 269 269
-9999 -9999 -9999 -9999 -9999 -9999 -9999 -9999 -9999 -9999 -9999 -9999 263 264 267 268 269 267 264 262 260 262 264 266 258 257 253 247 214 147 171 176 158 183 208 203 194 226 248 242 208 206 238 214 213 210 215 213 189 206 208 205 218 212 216 231 237 234 232 233 243 261 264 264 259 260 260 261 262 264 265 265 265 265 266 264 265 265 266 266 266 266 267 267 267 267 269 269 269
-9999 -9999 -9999 -9999 -9999 -9999 -9999 -9999 -9999 -9999 -9999 -9999 -9999 265 266 268 269 266 264 262 260 260 261 263 258 249 247 249 218 180 165 181 140 158 199 217 221 235 245 248 238 232 236 206 164 195 210 217 191 198 195 200 210 205 204 212 230 234 231 235 229 230 256 259 259 260 260 260 261 263 265 266 265 266 265 264 264 264 264 267 266 267 267 267 267 267 267 272 272
-9999 -9999 -9999 -9999 -9999 -9999 -9999 -9999 -9999 -9999 -9999 -9999 -9999 264 265 266 267 267 264 262 261 260 260 260 255 244 237 245 224 192 149 181 130 125 176 191 201 221 245 239 248 249 218 177 146 184 179 177 195 186 196 204 215 198 203 213 219 215 222 227 226 221 233 258 259 260 260 261 261 263 264 266 266 266 266 264 263 263 265 266 267 269 269 267 267 267 272 272 272
-9999 -9999 -9999 -9999 -9999 -9999 -9999 -9999 -9999 -9999 -9999 -9999 -9999 -9999 264 266 267 266 264 264 261 261 260 260 260 262 249 238 213 172 168 188 157 128 184 171 180 205 236 247 251 251 240 200 151 132 134 166 188 172 186 197 214 208 209 211 208 208 215 217 222 219 217 250 259 260 261 261 262 262 264 266 267 265 264 263 264 263 264 266 267 269 269 269 267 272 272 272 272
-9999 -9999 -9999 -9999 -9999 -9999 -9999 -9999 -9999 -9999 -9999 -9999 -9999 -9999 263 265 265 265 265 264 263 262 261 262 262 263 258 233 186 165 165 187 162 121 177 199 169 200 236 248 250 249 249 234 212 169 134 163 176 170 155 186 206 224 229 228 222 226 225 225 215 214 219 243 258 259 261 261 263 264 264 266 265 265 264 265 264 264 265 266 268 268 269 269 272 272 272 272 272
-9999 -9999 -9999 -9999 -9999 -9999 -9999 -9999 -9999 -9999 -9999 -9999 -9999 261 262 263 264 265 264 263 263 262 263 263 261 263 260 246 203 170 185 195 166 157 166 204 169 178 230 244 230 238 237 241 243 210 155 138 158 173 141 157 153 202 222 229 231 229 228 229 229 216 206 230 249 259 259 262 262 264 265 265 264 264 264 265 265 265 265 266 267 268 268 268 272 272 273 272 272
-9999 -9999 -9999 -9999 -9999 -9999 -9999 -9999 -9999 -9999 254 248 258 260 260 262 263 264 264 263 263 263 263 263 262 262 262 256 238 201 154 189 181 181 166 198 208 211 236 243 212 188 188 201 222 225 195 159 173 154 159 127 154 177 205 221 231 231 229 226 228 216 196 230 240 249 257 260 263 264 265 265 265 265 265 265 265 266 267 267 268 269 269 269 272 272 272 273 272
-9999 -9999 -9999 -9999 -9999 -9999 -9999 -9999 -9999 -9999 250 242 251 257 259 260 262 262 263 263 262 262 262 262 262 253 254 256 235 208 158 169 185 202 177 176 186 217 207 232 236 185 170 158 179 197 191 169 185 131 133 127 123 134 176 205 226 231 231 229 218 218 194 213 226 238 257 259 261 263 264 266 266 265 265 265 266 266 268 268 269 270 271 271 273 272 272 272 272
-9999 -9999 -9999 -9999 -9999 -9999 -9999 -9999 -9999 -9999 -9999 245 248 257 260 260 261 261 262 261 261 261 261 261 260 256 257 253 246 219 176 147 142 173 210 212 207 218 202 204 232 220 197 185 133 180 182 135 171 147 137 129 103 103 122 163 210 230 230 228 227 220 209 202 225 228 253 258 261 263 263 265 266 266 265 266 267 267 268 268 269 270 270 271 270 271 269 269 269
-9999 -9999 -9999 -9999 -9999 -9999 -9999 -9999 -9999 -9999 -9999 -9999 255 257 258 258 259 259 260 261 260 260 260 260 260 259 249 258 249 214 152 109 110 152 190 198 180 204 189 179 216 213 223 195 148 159 147 129 147 167 155 122 115 107 114 154 196 218 229 226 216 222 219 220 216 230 245 256 260 261 262 263 265 266 267 267 267 266 267 268 270 270 271 271 271 271 269 269 269
-9999 -9999 -9999 -9999 -9999 -9999 -9999 -9999 -9999 -9999 -9999 -9999 -9999 256 256 257 258 259 260 259 260 259 259 259 260 258 256 260 250 214 158 118 109 117 163 201 179 193 156 169 174 206 202 218 191 158 133 131 156 165 154 153 141 134 128 162 191 204 223 215 207 213 226 229 228 238 242 249 256 260 262 263 264 264 267 267 267 266 267 269 270 271 271 270 269 269 269 269 269
-9999 -9999 -9999 -9999 -9999 -9999 -9999 -9999 -9999 -9999 -9999 -9999 -9999 -9999 256 256 257 257 258 259 258 258 258 258 259 259 259 259 258 232 191 168 141 108 156 179 188 162 134 159 164 185 183 204 195 184 166 126 161 139 123 148 135 154 154 148 159 193 199 201 196 199 217 226 232 223 224 240 253 256 261 264 264 263 267 268 267 267 267 269 270 270 271 269 269 269 269 269 269
-9999 -9999 -9999 -9999 -9999 -9999 -9999 -9999 -9999 -9999 -9999 -9999 -9999 -9999 -9999 -9999 256 256 255 258 258 257 257 258 258 258 259 254 254 236 234 209 145 103 143 153 179 153 147 150 156 141 169 180 205 178 161 119 137 153 123 143 167 184 175 162 148 164 186 184 190 203 208 222 243 239 234 234 244 240 250 260 264 265 267 268 268 266 268 270 270 269 268 268 269 269 269 268 268
-9999 -9999 -9999 -9999 -9999 -9999 -9999 -9999 -9999 -9999 -9999 -9999 -9999 -9999 -9999 -9999 -9999 -9999 -9999 255 257 258 256 256 257 257 257 256 256 243 232 203 182 181 174 136 164 169 142 130 147 124 160 128 176 206 177 121 121 151 127 137 176 183 184 193 165 164 172 198 195 213 226 229 233 246 247 246 239 240 239 245 256 261 263 265 266 264 266 267 268 268 268 268 268 269 268 268 267
